precinct_id;new_electorate;total_votes;invalid_votes;valid_votes;DUDA;TRZASKOWSKI
020101-1;1522;996;4;992;480;512
020101-2;1314;902;4;898;362;536
020101-3;1399;945;11;934;401;533
020101-4;1385;958;6;952;400;552
020101-5;1338;901;7;894;375;519
020101-6;1281;715;10;705;342;363
020101-7;1305;920;6;914;359;555
020101-8;1326;936;7;929;412;517
020101-9;1376;912;5;907;372;535
020101-10;1312;842;8;834;390;444
020101-11;1336;892;5;887;343;544
020101-12;1264;841;5;836;356;480
020101-13;1322;834;5;829;347;482
020101-14;1466;1030;4;1026;404;622
020101-15;1374;951;1;950;363;587
020101-16;1349;939;8;931;350;581
020101-17;1248;758;4;754;355;399
020101-18;1209;751;11;740;301;439
020101-19;1470;1020;8;1012;341;671
020101-20;1583;1026;13;1013;399;614
020101-21;1557;938;11;927;379;548
020101-22;284;92;1;91;61;30
020101-23;41;30;1;29;23;6
020102-1;773;504;4;500;280;220
020102-2;822;584;6;578;242;336
020102-3;755;473;1;472;238;234
020102-4;691;449;4;445;288;157
020102-5;931;617;9;608;244;364
020102-6;1396;875;6;869;449;420
020102-7;1179;710;5;705;367;338
020102-8;1401;860;7;853;469;384
020102-9;1433;1014;9;1005;399;606
020102-10;945;639;5;634;299;335
020102-11;774;473;2;471;332;139
020103-1;1746;1098;12;1086;615;471
020103-2;843;511;3;508;378;130
020103-3;1167;683;3;680;426;254
020103-4;521;300;2;298;198;100
020104-1;807;455;2;453;274;179
020104-2;833;475;4;471;310;161
020104-3;495;287;3;284;166;118
020104-4;1112;622;4;618;438;180
020104-5;1011;576;8;568;342;226
020104-6;707;415;2;413;241;172
020104-7;1570;946;8;938;589;349
020104-8;1546;921;7;914;517;397
020104-9;758;459;7;452;268;184
020104-10;1486;857;8;849;550;299
020104-11;1070;626;3;623;315;308
020104-12;68;5;0;5;3;2
020105-1;846;513;2;511;291;220
020105-2;1317;808;4;804;372;432
020105-3;426;238;2;236;139;97
020105-4;568;297;2;295;176;119
020105-5;868;482;2;480;263;217
020105-6;312;128;0;128;87;41
020105-7;1019;634;8;626;248;378
020106-1;1019;648;1;647;372;275
020106-2;1519;967;10;957;468;489
020106-3;1035;599;3;596;385;211
020106-4;1212;743;2;741;435;306
020106-5;1027;530;6;524;287;237
020106-6;731;419;1;418;291;127
020201-1;1091;656;5;651;329;322
020201-2;1355;741;5;736;359;377
020201-3;1207;721;2;719;353;366
020201-4;1268;789;3;786;410;376
020201-5;1009;605;3;602;297;305
020201-6;1068;683;3;680;287;393
020201-7;1280;811;10;801;383;418
020201-8;1137;744;8;736;347;389
020201-9;1115;689;6;683;329;354
020201-10;1063;735;5;730;296;434
020201-11;978;631;5;626;301;325
020201-12;965;620;10;610;315;295
020201-13;956;562;7;555;293;262
020201-14;1154;762;8;754;259;495
020201-15;1117;673;7;666;312;354
020201-16;962;546;2;544;273;271
020201-17;968;508;3;505;261;244
020201-18;1148;649;9;640;282;358
020201-19;1104;640;5;635;299;336
020201-20;1204;783;14;769;317;452
020201-21;878;464;2;462;241;221
020201-22;38;18;1;17;16;1
020202-1;1169;886;8;878;290;588
020202-2;1519;1114;8;1106;451;655
020202-3;1000;637;7;630;340;290
020202-4;1003;701;7;694;346;348
020202-5;1143;743;2;741;345;396
020202-6;1222;840;6;834;380;454
020202-7;1103;748;5;743;320;423
020202-8;1094;747;11;736;350;386
020202-9;1066;768;3;765;309;456
020202-10;818;592;6;586;265;321
020202-11;1214;879;5;874;342;532
020202-12;1176;662;6;656;335;321
020202-13;1128;609;10;599;327;272
020202-14;1174;775;0;775;375;400
020202-15;1345;923;8;915;424;491
020202-16;1251;850;5;845;300;545
020202-17;1098;615;5;610;289;321
020202-18;1358;839;13;826;350;476
020202-19;1188;760;7;753;376;377
020202-20;1514;881;13;868;421;447
020202-21;1304;728;6;722;400;322
020202-22;185;161;7;154;52;102
020202-23;66;17;0;17;9;8
020203-1;953;572;2;570;329;241
020203-2;1824;947;5;942;486;456
020203-3;1424;924;6;918;464;454
020203-4;1364;738;7;731;407;324
020203-5;417;260;2;258;161;97
020203-6;682;423;3;420;223;197
020203-7;603;364;4;360;172;188
020203-8;69;25;0;25;19;6
020203-9;44;44;2;42;34;8
020204-1;1570;937;8;929;489;440
020204-2;1707;1028;1;1027;605;422
020204-3;1573;909;7;902;551;351
020205-1;606;380;5;375;232;143
020205-2;542;366;1;365;178;187
020205-3;404;275;6;269;128;141
020205-4;497;320;0;320;190;130
020205-5;410;268;0;268;165;103
020205-6;797;581;6;575;351;224
020205-7;516;287;2;285;177;108
020205-8;380;258;5;253;184;69
020205-9;1234;784;6;778;462;316
020205-10;487;313;1;312;185;127
020205-11;1009;622;8;614;339;275
020205-12;322;215;4;211;128;83
020205-13;102;102;2;100;44;56
020206-1;864;516;7;509;301;208
020206-2;926;594;1;593;386;207
020206-3;1102;743;8;735;525;210
020206-4;541;363;4;359;238;121
020206-5;1519;976;9;967;570;397
020206-6;852;567;2;565;298;267
020207-1;786;493;2;491;250;241
020207-2;631;342;4;338;177;161
020207-3;834;433;2;431;261;170
020207-4;833;529;2;527;288;239
020207-5;533;319;3;316;175;141
020207-6;619;400;3;397;229;168
020207-7;57;33;2;31;27;4
020301-1;2346;1650;13;1637;677;960
020301-2;1929;1250;11;1239;620;619
020301-3;2045;1204;14;1190;650;540
020301-4;1851;1088;11;1077;566;511
020301-5;950;641;5;636;332;304
020301-6;1222;852;4;848;439;409
020301-7;1258;824;6;818;408;410
020301-8;1037;671;4;667;352;315
020301-9;1127;771;2;769;352;417
020301-10;1180;770;9;761;365;396
020301-11;751;529;3;526;232;294
020301-12;1489;1012;7;1005;430;575
020301-13;1817;1272;9;1263;627;636
020301-14;1860;1232;10;1222;646;576
020301-15;1892;1284;8;1276;601;675
020301-16;2025;1330;8;1322;668;654
020301-17;1940;1342;10;1332;630;702
020301-18;1763;1195;9;1186;605;581
020301-19;1699;1136;7;1129;555;574
020301-20;1864;1243;6;1237;637;600
020301-21;1223;741;5;736;383;353
020301-22;1693;1107;13;1094;575;519
020301-23;1184;816;8;808;365;443
020301-24;1398;917;6;911;438;473
020301-25;911;693;6;687;279;408
020301-26;1183;738;5;733;392;341
020301-27;2015;1378;5;1373;743;630
020301-28;445;337;2;335;136;199
020301-29;1761;1227;5;1222;639;583
020301-30;1284;859;11;848;433;415
020301-31;1190;767;9;758;369;389
020301-32;1185;809;1;808;412;396
020301-33;1335;817;11;806;399;407
020301-34;285;200;1;199;79;120
020301-35;102;66;4;62;56;6
020301-36;298;45;6;39;22;17
020302-1;1226;877;5;872;399;473
020302-2;1177;823;4;819;508;311
020302-3;1866;1305;9;1296;726;570
020302-4;936;628;2;626;392;234
020303-1;1503;1168;10;1158;616;542
020303-2;946;709;6;703;322;381
020303-3;819;571;1;570;286;284
020303-4;631;403;3;400;235;165
020304-1;1458;892;9;883;531;352
020304-2;422;254;0;254;174;80
020304-3;625;413;8;405;276;129
020304-4;483;313;1;312;167;145
020304-5;384;190;2;188;123;65
020305-1;1052;598;6;592;414;178
020305-2;620;414;4;410;333;77
020306-1;1335;930;19;911;616;295
020306-2;1303;941;20;921;492;429
020401-1;2144;1205;12;1193;667;526
020401-2;1754;1111;5;1106;454;652
020401-3;1799;1019;9;1010;562;448
020401-4;1005;657;6;651;282;369
020401-5;1060;536;2;534;241;293
020401-6;987;583;1;582;304;278
020401-7;1909;1277;12;1265;552;713
020401-8;1068;594;6;588;376;212
020401-9;1001;578;1;577;357;220
020401-10;1148;725;7;718;413;305
020401-11;996;522;1;521;309;212
020402-1;941;563;5;558;363;195
020402-2;796;450;9;441;297;144
020402-3;620;363;2;361;268;93
020403-1;1183;677;10;667;443;224
020403-2;1027;626;8;618;434;184
020403-3;897;569;4;565;433;132
020403-4;733;431;3;428;284;144
020404-1;1268;751;9;742;470;272
020404-2;2127;1314;16;1298;608;690
020404-3;737;407;0;407;242;165
020404-4;779;489;6;483;319;164
020404-5;757;406;4;402;279;123
020501-1;1652;1004;5;999;520;479
020501-2;2227;1502;14;1488;628;860
020501-3;1078;720;6;714;367;347
020501-4;1470;881;5;876;460;416
020501-5;1189;673;7;666;345;321
020501-6;1526;838;15;823;454;369
020501-7;1307;891;5;886;454;432
020501-8;1371;877;4;873;467;406
020501-9;1664;1073;6;1067;529;538
020501-10;1459;1006;9;997;537;460
020501-11;1570;1094;9;1085;585;500
020501-12;1231;766;7;759;456;303
020501-13;54;45;1;44;43;1
020501-14;83;27;0;27;14;13
020502-1;1183;741;6;735;351;384
020502-2;1040;632;11;621;288;333
020502-3;1199;720;5;715;376;339
020502-4;685;381;4;377;186;191
020502-5;467;276;1;275;175;100
020502-6;592;366;2;364;176;188
020502-7;719;402;6;396;257;139
020502-8;649;397;7;390;186;204
020502-9;739;421;5;416;253;163
020502-10;346;178;3;175;105;70
020502-11;401;237;2;235;119;116
020502-12;42;23;0;23;17;6
020502-13;48;4;0;4;3;1
020503-1;1374;934;12;922;543;379
020503-2;469;352;6;346;242;104
020503-3;971;536;7;529;330;199
020503-4;1153;751;11;740;497;243
020504-1;959;613;7;606;377;229
020504-2;1104;673;3;670;353;317
020504-3;1102;673;5;668;366;302
020505-1;1942;1259;13;1246;705;541
020505-2;1251;707;5;702;418;284
020506-1;1542;1018;9;1009;598;411
020506-2;1593;1061;13;1048;560;488
020506-3;56;25;4;21;18;3
020601-1;1139;794;5;789;204;585
020601-2;1063;787;2;785;214;571
020601-3;1282;1003;8;995;300;695
020601-4;1585;1245;7;1238;320;918
020601-5;974;717;3;714;206;508
020601-6;170;109;2;107;50;57
020602-1;540;377;2;375;121;254
020602-2;1085;643;8;635;268;367
020602-3;1719;1086;11;1075;408;667
020602-4;1525;931;4;927;374;553
020602-5;2184;1395;16;1379;487;892
020602-6;1086;566;5;561;240;321
020602-8;53;49;1;48;30;18
020603-1;1236;770;8;762;281;481
020603-2;1483;995;5;990;363;627
020603-3;1406;986;6;980;330;650
020603-4;821;533;8;525;221;304
020604-1;418;292;4;288;107;181
020604-2;830;578;2;576;195;381
020604-3;998;687;6;681;240;441
020604-4;760;594;1;593;242;351
020604-5;1673;1244;8;1236;384;852
020604-6;2108;1695;13;1682;522;1160
020604-7;103;20;0;20;14;6
020604-8;41;25;0;25;12;13
020605-1;664;444;3;441;191;250
020605-2;376;250;4;246;101;145
020605-3;441;321;4;317;145;172
020605-4;1798;1192;16;1176;434;742
020605-5;152;108;1;107;61;46
020606-1;2328;1690;15;1675;535;1140
020606-2;1149;787;3;784;231;553
020606-3;1196;771;1;770;317;453
020606-4;1062;605;4;601;258;343
020607-1;1562;1029;6;1023;374;649
020607-2;1865;1193;14;1179;416;763
020607-3;1575;1058;6;1052;449;603
020607-4;1207;735;6;729;327;402
020607-5;858;538;4;534;226;308
020607-6;348;245;3;242;123;119
020607-7;561;387;4;383;157;226
020608-1;1860;1250;8;1242;434;808
020608-2;521;416;6;410;131;279
020608-3;958;661;3;658;211;447
020608-4;1089;699;8;691;247;444
020608-5;1589;1014;14;1000;408;592
020608-6;898;556;4;552;169;383
020608-7;60;44;0;44;39;5
020609-1;1248;732;3;729;314;415
020609-2;997;543;5;538;247;291
020609-3;967;632;9;623;226;397
020609-4;952;619;6;613;221;392
020609-5;29;11;0;11;6;5
020701-1;1908;1052;5;1047;512;535
020701-2;1753;996;9;987;512;475
020701-3;1760;989;6;983;491;492
020701-4;1842;1148;7;1141;585;556
020701-5;1899;1100;8;1092;539;553
020701-6;1187;794;5;789;343;446
020701-7;2141;1460;10;1450;564;886
020701-8;1943;1326;12;1314;550;764
020701-9;384;158;2;156;79;77
020701-10;48;30;0;30;14;16
020702-1;1152;670;4;666;313;353
020702-2;1301;808;9;799;408;391
020702-3;784;503;3;500;215;285
020702-4;612;369;4;365;181;184
020702-5;1857;1297;7;1290;719;571
020702-6;514;330;0;330;217;113
020702-7;617;413;3;410;156;254
020702-8;25;22;1;21;12;9
020703-1;1217;772;3;769;252;517
020703-2;1676;1057;7;1050;421;629
020703-3;1683;1044;6;1038;395;643
020703-4;2016;1278;11;1267;727;540
020703-5;498;313;6;307;161;146
020703-6;790;479;7;472;215;257
020703-7;671;476;5;471;241;230
020704-1;1176;708;16;692;352;340
020704-2;727;422;5;417;222;195
020704-3;327;206;2;204;136;68
020704-4;211;136;2;134;70;64
020704-5;245;151;0;151;62;89
020704-6;477;321;1;320;153;167
020704-7;368;207;3;204;103;101
020801-1;635;358;1;357;152;205
020801-2;1149;685;8;677;298;379
020801-3;1137;750;4;746;325;421
020801-4;1334;1039;9;1030;367;663
020802-1;958;622;4;618;273;345
020802-2;852;634;0;634;216;418
020802-3;1044;761;4;757;287;470
020802-4;1013;549;9;540;260;280
020802-5;1146;722;4;718;302;416
020802-6;997;686;4;682;270;412
020802-7;1254;708;7;701;358;343
020802-8;944;559;4;555;245;310
020802-9;1322;743;10;733;347;386
020802-10;1240;801;10;791;341;450
020802-11;1184;751;9;742;308;434
020802-12;1121;719;6;713;309;404
020802-13;1221;780;4;776;332;444
020802-14;1154;721;4;717;326;391
020802-15;1545;1070;9;1061;459;602
020802-16;1408;954;13;941;453;488
020802-17;1668;1183;10;1173;472;701
020802-18;199;73;1;72;46;26
020802-19;640;409;5;404;122;282
020803-1;1618;977;5;972;446;526
020803-2;1397;977;7;970;404;566
020803-3;1790;1360;9;1351;549;802
020803-4;1230;845;12;833;350;483
020803-5;826;549;7;542;265;277
020803-6;591;438;3;435;237;198
020803-7;1519;1063;3;1060;423;637
020804-1;1274;664;6;658;285;373
020804-2;1793;1126;9;1117;420;697
020804-3;1751;1096;9;1087;511;576
020804-4;947;510;8;502;230;272
020804-5;884;450;3;447;201;246
020804-6;850;412;3;409;177;232
020804-7;1268;672;6;666;292;374
020804-8;780;445;3;442;189;253
020804-9;1558;901;8;893;340;553
020804-10;1724;1140;4;1136;467;669
020804-11;1783;1037;13;1024;477;547
020804-12;2393;1567;7;1560;622;938
020804-13;82;31;2;29;28;1
020804-14;92;18;0;18;15;3
020805-1;1881;1300;7;1293;536;757
020805-2;1787;1258;7;1251;500;751
020805-3;2328;1616;12;1604;649;955
020805-4;120;46;0;46;28;18
020806-1;948;475;2;473;252;221
020806-2;1707;971;8;963;468;495
020806-3;938;579;2;577;310;267
020806-4;2067;1343;10;1333;646;687
020806-5;1881;1117;8;1109;515;594
020806-6;698;474;7;467;273;194
020806-7;1073;688;6;682;426;256
020806-8;952;638;5;633;391;242
020806-9;788;490;2;488;289;199
020806-10;359;256;0;256;165;91
020806-11;994;641;7;634;285;349
020806-12;808;553;4;549;223;326
020806-13;541;387;1;386;147;239
020806-14;865;550;7;543;299;244
020806-15;513;329;4;325;152;173
020806-16;25;19;0;19;13;6
020806-17;32;13;1;12;10;2
020806-18;10;10;0;10;3;7
020807-1;353;233;3;230;120;110
020807-2;702;421;2;419;225;194
020807-3;1170;745;5;740;378;362
020807-4;772;494;6;488;279;209
020807-5;1715;1024;4;1020;576;444
020807-6;878;476;6;470;245;225
020807-7;2121;1227;7;1220;690;530
020807-8;886;600;3;597;322;275
020807-9;731;397;3;394;209;185
020807-10;627;357;2;355;199;156
020807-11;562;351;2;349;201;148
020807-12;346;231;6;225;132;93
020807-13;777;465;3;462;296;166
020807-14;931;533;7;526;325;201
020807-15;714;455;2;453;275;178
020808-1;909;521;2;519;257;262
020808-2;910;596;6;590;234;356
020808-3;910;497;6;491;234;257
020808-4;1297;853;5;848;380;468
020808-5;944;636;2;634;310;324
020808-6;907;601;6;595;250;345
020808-7;1154;696;7;689;380;309
020808-8;45;45;0;45;25;20
020809-1;952;614;11;603;275;328
020809-2;690;423;0;423;194;229
020810-1;1019;657;4;653;289;364
020810-2;1036;630;5;625;298;327
020810-3;364;252;2;250;113;137
020810-4;384;233;0;233;123;110
020810-5;557;346;8;338;174;164
020810-6;572;320;3;317;179;138
020810-7;923;551;7;544;304;240
020810-8;544;369;1;368;144;224
020810-9;409;244;3;241;118;123
020811-1;558;305;1;304;129;175
020811-2;582;324;2;322;125;197
020811-3;457;267;2;265;105;160
020811-4;582;342;0;342;136;206
020811-5;673;405;1;404;180;224
020811-6;664;392;1;391;205;186
020811-7;496;292;1;291;134;157
020811-8;584;385;3;382;208;174
020811-9;649;428;9;419;203;216
020811-10;538;310;6;304;138;166
020811-11;831;507;2;505;279;226
020811-12;692;444;6;438;246;192
020811-13;700;405;6;399;185;214
020811-14;626;394;4;390;172;218
020811-15;490;287;6;281;156;125
020811-16;73;44;3;41;31;10
020812-1;2131;1436;15;1421;606;815
020812-2;557;364;7;357;212;145
020812-3;968;553;8;545;313;232
020812-4;1627;917;4;913;446;467
020812-5;508;298;1;297;156;141
020812-6;977;585;4;581;348;233
020812-7;420;267;2;265;141;124
020812-8;54;29;2;27;20;7
020813-1;1115;724;2;722;310;412
020813-2;1342;806;9;797;345;452
020813-3;1255;773;3;770;303;467
020813-4;1259;747;4;743;302;441
020813-5;711;475;1;474;183;291
020813-6;489;312;0;312;134;178
020813-7;63;42;0;42;35;7
020814-1;757;471;8;463;185;278
020814-2;1579;1046;4;1042;439;603
020814-3;1906;1211;11;1200;540;660
020814-4;556;334;1;333;178;155
020814-5;663;368;1;367;188;179
020814-6;472;265;2;263;131;132
020901-1;1289;817;8;809;417;392
020901-2;1996;1198;12;1186;659;527
020901-3;1839;1050;17;1033;546;487
020901-4;1153;729;4;725;360;365
020901-5;1558;965;6;959;506;453
020901-6;2131;1398;7;1391;634;757
020902-1;1180;812;10;802;473;329
020902-2;987;595;2;593;392;201
020902-3;1187;784;10;774;494;280
020902-4;465;276;3;273;146;127
020902-5;575;371;1;370;223;147
020902-6;1059;702;9;693;415;278
020902-7;964;596;2;594;414;180
020902-8;991;624;3;621;387;234
020903-1;1201;820;7;813;474;339
020903-2;400;278;2;276;216;60
020903-3;931;599;5;594;386;208
020904-1;1103;728;5;723;396;327
020904-2;1404;1048;6;1042;389;653
020904-3;1002;640;2;638;358;280
020904-4;993;730;3;727;346;381
020904-5;853;663;6;657;270;387
020905-1;1192;873;8;865;449;416
020905-2;422;287;3;284;177;107
020905-3;1135;787;8;779;504;275
020905-4;476;320;3;317;219;98
020905-5;498;329;4;325;190;135
020905-6;58;33;2;31;20;11
020906-1;528;347;6;341;147;194
020906-2;529;386;1;385;211;174
020906-3;548;379;4;375;227;148
020906-4;1398;884;8;876;481;395
020906-5;782;557;7;550;305;245
020906-6;539;368;1;367;214;153
020906-7;442;309;2;307;171;136
020906-8;374;269;4;265;133;132
020907-1;1191;774;11;763;345;418
020907-2;1213;699;3;696;419;277
020907-3;707;466;2;464;209;255
020907-4;886;567;3;564;303;261
020907-5;592;361;2;359;246;113
020907-6;1102;704;7;697;479;218
020908-1;844;571;6;565;367;198
020908-2;1069;713;10;703;510;193
020908-3;83;39;1;38;32;6
021001-1;1411;864;7;857;349;508
021001-2;1395;861;11;850;393;457
021001-3;2663;1597;5;1592;657;935
021001-4;2849;1967;9;1958;887;1071
021001-5;1042;639;2;637;225;412
021001-6;2441;1557;10;1547;564;983
021001-7;2422;1480;13;1467;604;863
021001-8;784;506;2;504;220;284
021001-9;851;503;4;499;238;261
021001-10;55;29;0;29;17;12
021002-1;1195;925;5;920;365;555
021002-2;1024;696;0;696;255;441
021002-3;935;582;9;573;183;390
021002-4;869;575;5;570;222;348
021002-5;26;16;0;16;5;11
021003-1;1406;842;9;833;456;377
021003-2;1499;956;10;946;426;520
021003-3;1299;705;7;698;332;366
021003-4;1179;712;10;702;356;346
021003-5;473;266;3;263;127;136
021003-6;669;382;4;378;209;169
021003-7;653;370;2;368;192;176
021003-8;588;331;6;325;175;150
021004-1;635;380;3;377;219;158
021004-2;888;530;5;525;251;274
021004-3;281;150;3;147;81;66
021004-4;293;212;1;211;101;110
021004-5;529;295;2;293;152;141
021004-6;1219;760;6;754;375;379
021004-7;801;448;2;446;219;227
021004-8;448;319;4;315;126;189
021005-1;1801;1016;8;1008;435;573
021005-2;1799;1061;13;1048;458;590
021005-3;1096;700;13;687;336;351
021005-4;388;219;3;216;123;93
021006-1;663;511;17;494;294;200
021006-2;579;450;12;438;254;184
021007-1;1703;1047;11;1036;519;517
021007-2;1518;925;7;918;437;481
021007-3;367;237;1;236;151;85
021007-4;414;346;1;345;108;237
021101-1;833;497;8;489;278;211
021101-2;1522;974;8;966;483;483
021101-3;1304;698;2;696;413;283
021101-4;1400;807;5;802;518;284
021101-5;1031;641;2;639;393;246
021101-6;845;522;5;517;318;199
021101-7;1217;747;8;739;442;297
021101-8;1152;779;3;776;492;284
021101-9;1212;685;2;683;364;319
021101-10;1361;872;8;864;488;376
021101-11;1101;678;13;665;372;293
021101-12;1431;869;7;862;464;398
021101-13;1189;733;7;726;420;306
021101-14;1308;855;4;851;426;425
021101-15;1374;869;11;858;414;444
021101-16;1378;925;5;920;470;450
021101-17;1025;658;5;653;328;325
021101-18;1315;907;5;902;525;377
021101-19;1049;724;2;722;375;347
021101-20;1014;685;2;683;371;312
021101-21;1106;778;7;771;421;350
021101-22;1448;1133;3;1130;520;610
021101-23;1036;703;5;698;406;292
021101-24;995;675;4;671;370;301
021101-25;1564;1167;6;1161;555;606
021101-26;1278;847;12;835;416;419
021101-27;1127;815;3;812;400;412
021101-28;1215;867;5;862;390;472
021101-29;715;546;7;539;294;245
021101-30;844;638;11;627;307;320
021101-31;1138;784;7;777;383;394
021101-32;975;658;4;654;357;297
021101-33;731;401;3;398;171;227
021101-34;1483;1013;8;1005;550;455
021101-35;1189;819;3;816;468;348
021101-36;1201;772;5;767;422;345
021101-37;1266;852;6;846;503;343
021101-38;1433;961;9;952;573;379
021101-39;1333;931;8;923;525;398
021101-40;1445;1036;10;1026;510;516
021101-41;1255;844;4;840;475;365
021101-42;1177;830;8;822;452;370
021101-43;862;593;4;589;336;253
021101-44;957;687;4;683;391;292
021101-45;833;606;8;598;277;321
021101-46;909;633;6;627;281;346
021101-47;101;65;0;65;45;20
021101-48;89;61;0;61;40;21
021101-49;33;12;0;12;8;4
021102-1;1359;969;9;960;461;499
021102-2;2205;1471;12;1459;893;566
021102-3;1104;811;6;805;380;425
021102-4;1230;893;3;890;425;465
021102-5;793;535;1;534;365;169
021102-6;800;517;1;516;307;209
021102-7;917;670;4;666;378;288
021102-8;746;472;3;469;261;208
021102-9;760;577;3;574;299;275
021102-10;1517;1194;11;1183;534;649
021102-11;763;522;6;516;326;190
021103-1;778;506;12;494;336;158
021103-2;1236;854;11;843;554;289
021103-3;935;633;6;627;353;274
021103-4;767;468;2;466;289;177
021103-5;736;460;5;455;348;107
021103-6;700;411;4;407;301;106
021103-7;835;564;10;554;336;218
021104-1;1287;861;8;853;548;305
021104-2;1558;1012;6;1006;627;379
021104-3;1267;832;5;827;531;296
021104-4;1047;665;5;660;510;150
021104-5;430;286;3;283;189;94
021104-6;462;278;3;275;189;86
021104-7;749;478;1;477;375;102
021104-8;725;454;2;452;389;63
021201-1;1499;886;11;875;415;460
021201-2;1157;749;7;742;317;425
021201-3;1537;934;2;932;358;574
021201-4;1864;1026;10;1016;480;536
021201-5;446;266;2;264;140;124
021201-6;948;593;6;587;338;249
021201-7;68;34;0;34;30;4
021202-1;1574;897;2;895;429;466
021202-2;852;477;1;476;213;263
021202-3;541;334;1;333;174;159
021202-4;698;410;14;396;218;178
021202-5;573;334;1;333;146;187
021202-6;414;212;2;210;130;80
021202-7;132;82;1;81;49;32
021203-1;1591;1025;8;1017;468;549
021203-2;817;510;5;505;221;284
021203-3;872;580;5;575;208;367
021203-4;1118;697;0;697;275;422
021203-5;1852;1219;7;1212;478;734
021203-6;866;564;3;561;261;300
021203-7;851;496;4;492;260;232
021203-8;843;514;3;511;321;190
021203-9;777;412;5;407;231;176
021203-10;968;575;9;566;341;225
021203-11;832;424;3;421;258;163
021203-12;919;466;6;460;222;238
021203-13;908;552;3;549;244;305
021203-14;12;1;0;1;1;0
021204-1;1782;1026;8;1018;482;536
021204-2;1766;1049;17;1032;505;527
021204-3;1039;598;9;589;334;255
021204-4;508;317;4;313;169;144
021204-5;1719;1005;3;1002;453;549
021205-1;1405;889;11;878;434;444
021205-2;589;345;2;343;174;169
021205-3;936;567;3;564;249;315
021205-4;445;282;3;279;126;153
021205-5;48;44;0;44;34;10
021205-6;46;26;2;24;20;4
021301-1;2229;1474;9;1465;887;578
021301-2;502;333;2;331;235;96
021301-3;948;579;5;574;343;231
021302-1;1782;1170;13;1157;598;559
021302-2;2565;1561;5;1556;967;589
021302-3;891;575;2;573;355;218
021302-4;1014;639;7;632;396;236
021302-5;77;62;8;54;44;10
021303-1;1905;1170;6;1164;571;593
021303-2;2669;1791;6;1785;743;1042
021303-3;753;564;12;552;236;316
021303-4;2223;1495;10;1485;694;791
021303-5;1164;866;11;855;405;450
021303-6;420;230;0;230;164;66
021303-7;484;294;2;292;147;145
021303-8;971;596;2;594;405;189
021303-9;417;254;2;252;189;63
021303-10;680;381;2;379;255;124
021303-11;334;215;1;214;120;94
021303-12;1019;658;1;657;336;321
021303-13;916;529;2;527;351;176
021303-14;1732;1165;4;1161;666;495
021303-15;883;572;7;565;272;293
021303-16;582;384;0;384;268;116
021303-17;391;242;0;242;142;100
021303-18;1027;617;6;611;319;292
021303-19;278;81;0;81;45;36
021401-1;1268;886;6;880;353;527
021401-2;1134;717;4;713;350;363
021401-3;1267;804;8;796;368;428
021401-4;1452;934;11;923;420;503
021401-5;1355;886;13;873;434;439
021401-6;1318;837;10;827;405;422
021401-7;1125;754;4;750;353;397
021401-8;1313;899;9;890;374;516
021401-9;1113;732;3;729;337;392
021401-10;1322;839;3;836;416;420
021401-11;1384;956;6;950;460;490
021401-12;1219;840;4;836;270;566
021401-13;1434;1019;6;1013;416;597
021401-14;1570;1077;6;1071;435;636
021401-15;1432;1063;9;1054;423;631
021401-16;1363;920;10;910;373;537
021401-17;1124;832;8;824;326;498
021401-18;1283;803;2;801;379;422
021401-19;1311;906;7;899;372;527
021401-20;1448;1032;13;1019;391;628
021401-21;1611;1154;12;1142;386;756
021401-22;144;40;0;40;22;18
021401-23;151;102;3;99;40;59
021402-1;2104;1365;6;1359;649;710
021402-2;1934;1152;5;1147;629;518
021402-3;1170;684;6;678;421;257
021402-4;651;410;2;408;269;139
021402-5;377;193;1;192;124;68
021402-6;1028;608;4;604;388;216
021402-7;348;213;1;212;124;88
021403-1;2152;1531;14;1517;781;736
021403-2;1902;1264;12;1252;694;558
021403-3;1183;707;8;699;411;288
021404-1;1370;912;9;903;400;503
021404-2;1250;762;5;757;461;296
021404-3;888;574;5;569;346;223
021405-1;933;587;3;584;289;295
021405-2;869;595;6;589;274;315
021405-3;1259;677;2;675;389;286
021405-4;869;513;2;511;264;247
021406-1;1216;841;6;835;363;472
021406-2;1204;807;4;803;434;369
021406-3;1668;1018;7;1011;585;426
021406-4;1093;635;0;635;342;293
021406-5;916;553;6;547;313;234
021406-6;1462;954;10;944;466;478
021406-7;1867;1192;6;1186;493;693
021406-8;1079;746;9;737;409;328
021407-1;1948;1337;7;1330;539;791
021407-2;1779;1121;7;1114;531;583
021407-3;1638;1126;8;1118;418;700
021407-4;1753;1173;13;1160;474;686
021407-5;859;484;4;480;233;247
021407-6;632;369;1;368;182;186
021407-7;957;592;1;591;315;276
021407-8;1187;768;6;762;296;466
021407-9;458;305;3;302;142;160
021407-10;750;587;4;583;217;366
021407-11;885;527;1;526;301;225
021407-12;40;27;0;27;18;9
021408-1;1987;1354;7;1347;715;632
021408-2;1995;1298;7;1291;632;659
021408-3;2238;1456;13;1443;723;720
021408-4;1155;688;2;686;396;290
021408-5;1831;1163;14;1149;712;437
021408-6;794;483;4;479;259;220
021501-1;1226;860;7;853;388;465
021501-2;1361;923;13;910;409;501
021501-3;1291;840;11;829;361;468
021501-4;974;649;6;643;317;326
021501-5;837;557;10;547;236;311
021501-6;1865;1252;4;1248;591;657
021501-7;1223;869;5;864;427;437
021501-8;1893;1317;8;1309;598;711
021501-9;1596;1028;3;1025;472;553
021501-10;1790;1056;5;1051;520;531
021501-11;1256;909;12;897;385;512
021501-12;1061;809;5;804;331;473
021501-13;1790;1363;13;1350;498;852
021501-14;1836;1430;15;1415;486;929
021501-15;1925;1428;15;1413;570;843
021501-16;1219;848;9;839;403;436
021501-17;1415;1012;9;1003;433;570
021501-18;62;43;1;42;26;16
021501-19;98;68;2;66;54;12
021502-1;692;481;4;477;310;167
021502-2;840;554;7;547;325;222
021502-3;661;468;5;463;270;193
021502-4;581;364;6;358;217;141
021502-5;797;524;5;519;329;190
021502-6;525;359;4;355;243;112
021503-1;677;463;2;461;314;147
021503-2;551;311;3;308;196;112
021503-3;1239;813;3;810;502;308
021503-4;1352;967;9;958;490;468
021503-5;2027;1438;9;1429;611;818
021503-6;920;480;3;477;233;244
021503-7;757;586;2;584;269;315
021503-8;2092;1475;6;1469;725;744
021503-9;2065;1492;8;1484;662;822
021503-10;1465;1055;5;1050;554;496
021503-11;1772;1157;9;1148;579;569
021503-12;1762;1238;3;1235;691;544
021503-13;867;587;4;583;354;229
021504-1;1958;1391;12;1379;719;660
021504-2;1526;1175;15;1160;487;673
021504-3;583;388;2;386;255;131
021504-4;805;524;7;517;367;150
021504-5;1133;747;6;741;446;295
021504-6;689;471;3;468;274;194
021504-7;638;457;5;452;203;249
021504-8;814;583;5;578;313;265
021504-9;860;635;5;630;252;378
021504-10;524;376;0;376;215;161
021504-11;610;387;2;385;228;157
021504-12;758;486;3;483;301;182
021504-13;926;631;6;625;386;239
021601-1;1475;983;9;974;560;414
021601-2;667;443;6;437;284;153
021601-3;1277;756;4;752;485;267
021601-4;1261;751;11;740;492;248
021601-5;1219;820;19;801;509;292
021601-6;390;261;2;259;166;93
021601-7;544;353;3;350;263;87
021601-8;791;526;9;517;448;69
021601-9;754;575;5;570;401;169
021601-10;644;419;3;416;302;114
021601-11;755;481;5;476;357;119
021602-1;1737;1198;19;1179;785;394
021602-2;432;309;7;302;203;99
021602-3;474;315;4;311;182;129
021602-4;351;227;3;224;151;73
021603-1;1196;844;9;835;496;339
021603-2;1163;686;8;678;451;227
021603-3;853;548;2;546;382;164
021603-4;962;637;4;633;421;212
021604-1;1066;596;2;594;352;242
021604-2;1108;673;3;670;327;343
021604-3;1984;1267;9;1258;729;529
021604-4;1480;885;9;876;531;345
021604-5;1448;904;9;895;531;364
021604-6;1696;1066;6;1060;666;394
021604-7;1943;1316;12;1304;600;704
021604-8;1071;796;6;790;459;331
021604-9;1255;840;6;834;432;402
021604-10;1980;1291;11;1280;691;589
021604-11;1038;753;8;745;321;424
021604-12;935;618;5;613;338;275
021604-13;711;449;2;447;324;123
021604-14;534;321;0;321;238;83
021604-15;1550;1149;13;1136;801;335
021605-1;924;534;2;532;315;217
021605-2;1261;728;8;720;487;233
021605-3;488;324;1;323;179;144
021605-4;494;290;4;286;171;115
021605-5;739;427;3;424;319;105
021605-6;1177;702;7;695;425;270
021605-7;1370;814;7;807;484;323
021606-1;2601;1823;21;1802;1092;710
021606-2;1128;721;9;712;447;265
021701-1;1760;1221;6;1215;735;480
021701-2;1548;1070;8;1062;681;381
021701-3;911;629;6;623;454;169
021702-1;689;439;0;439;307;132
021702-2;549;370;2;368;227;141
021702-3;409;242;5;237;132;105
021702-4;352;227;0;227;150;77
021702-5;562;384;6;378;248;130
021702-6;293;171;4;167;111;56
021702-7;545;340;1;339;200;139
021703-1;1388;878;3;875;577;298
021703-2;574;421;1;420;243;177
021703-3;492;313;0;313;165;148
021703-4;218;144;1;143;90;53
021703-5;724;414;1;413;316;97
021703-6;477;308;3;305;232;73
021704-1;1493;1016;5;1011;483;528
021704-2;1514;1008;10;998;449;549
021704-3;1476;1017;8;1009;445;564
021704-4;1324;895;2;893;391;502
021704-5;957;745;2;743;281;462
021704-6;1397;872;4;868;398;470
021704-7;1326;911;4;907;448;459
021704-8;543;353;3;350;173;177
021704-9;829;576;6;570;285;285
021704-10;789;534;6;528;323;205
021704-11;1027;715;7;708;373;335
021704-12;636;387;2;385;290;95
021704-13;1196;750;7;743;442;301
021704-14;710;450;4;446;291;155
021704-15;1111;765;14;751;425;326
021704-16;660;495;5;490;183;307
021704-17;77;26;1;25;17;8
021704-18;716;484;5;479;180;299
021705-1;1795;1158;11;1147;698;449
021705-2;1150;765;4;761;535;226
021705-3;767;473;0;473;362;111
021705-4;1054;630;2;628;423;205
021705-5;973;598;6;592;436;156
021801-1;2594;1721;13;1708;1023;685
021801-2;798;526;4;522;381;141
021801-3;1015;658;9;649;393;256
021801-4;1240;743;5;738;461;277
021802-1;1521;942;3;939;527;412
021802-2;1553;985;8;977;563;414
021802-3;749;496;0;496;282;214
021802-4;737;445;2;443;298;145
021803-1;1586;1100;7;1093;443;650
021803-2;1892;1401;12;1389;582;807
021803-3;1685;1211;10;1201;512;689
021803-4;1476;1146;16;1130;446;684
021803-5;2012;1314;12;1302;684;618
021803-6;1592;1292;8;1284;439;845
021803-7;758;406;4;402;196;206
021803-8;1869;1304;16;1288;593;695
021804-1;1022;727;9;718;314;404
021804-2;1078;715;5;710;329;381
021804-3;935;610;4;606;303;303
021804-4;1060;687;7;680;305;375
021804-5;918;517;4;513;247;266
021804-6;967;690;2;688;272;416
021804-7;1099;781;7;774;258;516
021804-8;1166;654;6;648;366;282
021804-9;1126;667;9;658;375;283
021804-10;1649;1069;20;1049;586;463
021804-11;509;344;3;341;239;102
021804-12;1207;788;4;784;421;363
021804-13;673;459;7;452;328;124
021804-14;515;351;1;350;191;159
021804-15;619;373;2;371;245;126
021804-16;614;402;2;400;243;157
021805-1;1284;868;10;858;556;302
021805-2;1070;696;7;689;424;265
021805-3;890;585;6;579;438;141
021805-4;883;566;8;558;393;165
021901-1;1767;1270;12;1258;481;777
021901-2;1872;1333;18;1315;552;763
021901-3;2166;1584;14;1570;587;983
021901-4;1744;1093;11;1082;442;640
021901-5;1845;1169;14;1155;411;744
021901-6;1816;1110;10;1100;478;622
021901-7;1649;1013;13;1000;404;596
021901-8;1592;1071;6;1065;460;605
021901-9;1966;1319;10;1309;589;720
021901-10;1787;1311;11;1300;514;786
021901-11;1979;1409;7;1402;568;834
021901-12;2079;1522;5;1517;596;921
021901-13;1772;1272;9;1263;458;805
021901-14;1881;1501;15;1486;537;949
021901-15;1764;1302;9;1293;475;818
021901-16;1853;1153;9;1144;409;735
021901-17;1851;1179;6;1173;462;711
021901-18;1934;1170;11;1159;520;639
021901-19;1579;1086;8;1078;463;615
021901-20;1785;1244;5;1239;520;719
021901-21;1674;1070;7;1063;464;599
021901-22;1776;1187;5;1182;507;675
021901-23;2048;1481;9;1472;556;916
021901-24;130;80;0;80;42;38
021901-25;263;189;1;188;65;123
021902-1;1081;787;6;781;266;515
021902-2;1182;839;7;832;333;499
021902-3;982;729;3;726;300;426
021902-4;844;576;3;573;262;311
021902-5;856;628;4;624;209;415
021902-6;1298;783;7;776;346;430
021902-7;787;476;4;472;201;271
021902-8;897;547;6;541;279;262
021902-9;863;559;4;555;214;341
021902-10;1339;731;7;724;385;339
021902-11;1113;601;2;599;345;254
021902-12;1348;875;5;870;393;477
021902-13;1120;689;4;685;311;374
021902-14;1836;1229;3;1226;541;685
021902-15;1472;897;7;890;414;476
021902-16;84;15;0;15;8;7
021903-1;683;405;8;397;222;175
021903-2;709;448;5;443;285;158
021903-3;795;517;3;514;294;220
021903-4;810;489;1;488;282;206
021903-5;1092;619;5;614;390;224
021904-1;1632;991;3;988;560;428
021904-2;954;559;5;554;287;267
021904-3;1019;623;4;619;323;296
021904-4;1027;577;0;577;324;253
021904-5;1324;720;8;712;398;314
021904-6;1338;812;8;804;431;373
021904-7;704;473;3;470;210;260
021905-1;1025;698;7;691;403;288
021905-2;1029;727;7;720;515;205
021905-3;347;237;4;233;119;114
021905-4;293;202;5;197;123;74
021905-5;405;273;5;268;141;127
021905-6;918;659;14;645;392;253
021905-7;696;541;5;536;245;291
021905-8;398;272;0;272;123;149
021906-1;850;617;8;609;254;355
021906-2;862;540;6;534;254;280
021906-3;1000;660;3;657;319;338
021906-4;919;584;8;576;277;299
021906-5;513;304;1;303;168;135
021906-6;1243;827;7;820;346;474
021906-7;1315;875;6;869;416;453
021906-8;1258;737;7;730;331;399
021906-9;977;608;7;601;279;322
021906-10;686;449;3;446;227;219
021906-11;1018;587;3;584;308;276
021906-12;860;586;2;584;303;281
021906-13;867;458;2;456;283;173
021906-14;997;641;9;632;414;218
021906-15;642;402;2;400;248;152
021906-16;296;184;2;182;124;58
021906-17;975;596;2;594;364;230
021906-18;408;228;2;226;139;87
021906-19;502;322;1;321;190;131
021906-20;496;307;0;307;183;124
021906-21;533;322;4;318;156;162
021906-22;712;469;6;463;278;185
021906-23;396;253;2;251;147;104
021906-24;761;497;6;491;313;178
021906-25;821;523;10;513;320;193
021907-1;2265;1501;12;1489;668;821
021907-2;750;470;5;465;241;224
021907-3;1829;1216;5;1211;599;612
021907-4;1767;1037;9;1028;606;422
021907-5;872;524;5;519;287;232
021907-6;864;543;5;538;281;257
021907-7;1434;919;5;914;410;504
021907-8;884;592;2;590;240;350
021907-9;894;577;5;572;237;335
021907-10;2307;1402;11;1391;650;741
021908-1;620;432;3;429;214;215
021908-2;548;400;2;398;169;229
021908-3;618;397;1;396;190;206
021908-4;800;547;6;541;229;312
021908-5;1255;657;7;650;340;310
021908-6;1372;782;8;774;428;346
021908-7;1147;653;8;645;380;265
021908-8;778;486;8;478;236;242
021908-9;1240;804;11;793;393;400
021908-10;1249;752;5;747;450;297
021908-11;26;17;0;17;11;6
022001-1;1343;952;5;947;481;466
022001-2;1251;924;9;915;345;570
022001-3;1121;870;7;863;320;543
022001-4;1276;983;6;977;308;669
022001-5;1025;781;6;775;313;462
022001-6;1808;1312;12;1300;514;786
022001-7;849;560;4;556;270;286
022001-8;1011;654;6;648;332;316
022001-9;913;713;5;708;475;233
022001-10;935;658;3;655;327;328
022001-11;1532;1074;13;1061;574;487
022001-12;1033;710;5;705;300;405
022001-13;1486;1056;4;1052;495;557
022001-14;71;54;1;53;27;26
022001-15;73;40;7;33;16;17
022001-16;4;1;0;1;1;0
022001-17;36;10;0;10;7;3
022002-1;1746;1098;6;1092;583;509
022002-2;1713;1177;18;1159;700;459
022002-3;1054;684;6;678;496;182
022002-4;2214;1419;7;1412;827;585
022002-5;660;454;6;448;300;148
022003-1;629;410;2;408;236;172
022003-2;974;712;1;711;242;469
022003-3;496;305;4;301;176;125
022003-4;463;306;3;303;168;135
022003-5;509;352;2;350;208;142
022003-6;1027;670;6;664;418;246
022003-7;603;376;3;373;242;131
022003-8;513;325;3;322;156;166
022003-9;841;543;4;539;338;201
022003-10;525;337;0;337;228;109
022003-11;1869;1166;10;1156;690;466
022003-12;1398;1047;8;1039;448;591
022003-13;1641;1220;5;1215;526;689
022003-14;1340;945;11;934;428;506
022003-15;828;588;3;585;242;343
022003-16;1782;1257;6;1251;598;653
022003-17;1593;1257;14;1243;489;754
022003-18;1349;945;12;933;420;513
022003-19;189;66;1;65;29;36
022004-1;1688;1176;13;1163;616;547
022004-2;2233;1750;11;1739;753;986
022004-3;1165;756;6;750;416;334
022004-4;1279;1019;3;1016;471;545
022004-5;921;698;8;690;388;302
022004-6;915;744;7;737;294;443
022005-1;1978;1318;12;1306;668;638
022005-2;1166;695;4;691;406;285
022005-3;1535;949;8;941;556;385
022006-1;1834;1210;14;1196;521;675
022006-2;1599;1127;8;1119;539;580
022006-3;1481;937;8;929;434;495
022006-4;1240;707;8;699;468;231
022006-5;1612;1008;10;998;523;475
022006-6;880;550;2;548;306;242
022006-7;689;414;1;413;255;158
022006-8;1452;802;2;800;494;306
022006-9;531;370;4;366;205;161
022006-10;42;27;0;27;21;6
022101-1;1545;872;9;863;300;563
022101-2;1624;967;7;960;316;644
022101-3;784;433;3;430;197;233
022101-4;1664;914;6;908;352;556
022101-5;1707;974;11;963;370;593
022101-6;1596;835;8;827;378;449
022101-7;1221;696;10;686;354;332
022101-8;793;446;7;439;187;252
022101-9;575;348;4;344;164;180
022102-1;789;538;4;534;215;319
022102-2;703;464;2;462;175;287
022102-3;751;504;1;503;171;332
022102-4;626;416;4;412;160;252
022102-5;842;490;1;489;194;295
022103-1;972;736;4;732;216;516
022103-2;892;644;7;637;199;438
022103-3;806;534;3;531;202;329
022103-4;1068;820;5;815;276;539
022103-5;849;561;5;556;220;336
022104-1;1085;706;16;690;348;342
022104-2;756;513;13;500;248;252
022104-3;546;370;3;367;207;160
022104-4;382;254;0;254;130;124
022104-5;1029;761;4;757;379;378
022105-1;1853;1065;5;1060;432;628
022105-2;1886;1209;11;1198;459;739
022105-3;1490;852;5;847;378;469
022105-4;836;493;10;483;215;268
022105-5;321;196;0;196;61;135
022105-6;404;256;1;255;103;152
022106-1;577;338;1;337;170;167
022106-2;619;342;6;336;157;179
022106-3;602;366;7;359;162;197
022106-4;680;432;4;428;188;240
022106-5;810;458;1;457;236;221
022106-6;627;366;2;364;153;211
022106-7;629;425;3;422;168;254
022106-8;585;393;1;392;115;277
022106-9;103;23;1;22;19;3
022107-1;1051;719;3;716;311;405
022107-2;566;398;1;397;221;176
022107-3;690;446;3;443;172;271
022107-4;316;178;0;178;92;86
022107-5;408;266;0;266;152;114
022107-6;275;190;2;188;54;134
022108-1;929;528;4;524;269;255
022108-2;953;567;3;564;261;303
022108-3;798;521;4;517;228;289
022108-4;717;477;5;472;183;289
022108-5;1060;696;4;692;348;344
022201-1;1930;1265;14;1251;497;754
022201-2;1340;871;8;863;441;422
022201-3;1666;1100;9;1091;445;646
022201-4;1361;936;12;924;430;494
022201-5;1032;711;9;702;316;386
022201-6;473;307;6;301;215;86
022201-7;512;325;2;323;162;161
022201-8;1095;617;6;611;370;241
022201-9;630;386;5;381;187;194
022201-10;1675;1183;10;1173;532;641
022201-11;666;442;6;436;171;265
022202-1;1880;1263;6;1257;798;459
022202-2;1759;1027;13;1014;762;252
022202-3;804;462;3;459;342;117
022202-4;862;552;2;550;412;138
022202-5;658;412;4;408;273;135
022202-6;671;454;1;453;361;92
022203-1;2243;1462;22;1440;667;773
022203-2;1314;840;5;835;441;394
022203-3;2229;1470;9;1461;697;764
022203-4;1624;1055;4;1051;478;573
022203-5;1472;998;9;989;437;552
022203-6;1334;840;9;831;392;439
022203-7;781;510;3;507;305;202
022203-8;2028;1272;8;1264;699;565
022203-9;1062;628;3;625;358;267
022203-10;642;396;1;395;270;125
022203-11;1008;682;3;679;507;172
022203-12;934;550;7;543;374;169
022203-13;554;341;2;339;225;114
022203-14;947;628;7;621;203;418
022203-15;71;16;1;15;12;3
022203-16;236;90;3;87;68;19
022301-1;2435;1864;19;1845;745;1100
022301-2;2350;1865;15;1850;670;1180
022301-3;2084;1880;14;1866;650;1216
022301-4;2067;1592;20;1572;687;885
022301-5;803;608;9;599;319;280
022301-6;1025;829;8;821;300;521
022301-7;1742;1420;14;1406;378;1028
022302-1;2736;2226;20;2206;862;1344
022302-2;1243;873;8;865;449;416
022302-3;1271;948;12;936;421;515
022302-4;2732;2295;21;2274;611;1663
022302-5;1039;708;5;703;482;221
022302-6;907;645;5;640;332;308
022302-7;984;792;11;781;410;371
022302-8;1854;1399;11;1388;554;834
022302-9;871;614;9;605;413;192
022302-10;1980;1574;10;1564;554;1010
022302-11;1414;1061;10;1051;595;456
022302-12;2180;1794;16;1778;559;1219
022302-13;1239;892;13;879;423;456
022302-14;2968;2375;18;2357;752;1605
022302-15;1077;783;4;779;383;396
022302-16;580;404;4;400;219;181
022302-17;486;390;4;386;135;251
022303-1;1953;1598;47;1551;928;623
022303-2;584;507;14;493;352;141
022304-1;1724;1359;16;1343;576;767
022304-2;1801;1355;16;1339;548;791
022304-3;1497;986;11;975;499;476
022304-4;2423;2019;17;2002;421;1581
022304-5;1518;1143;8;1135;384;751
022304-6;1175;876;9;867;270;597
022304-7;1266;898;9;889;413;476
022304-8;1519;1121;12;1109;522;587
022304-9;1601;1155;10;1145;482;663
022304-10;1765;1214;11;1203;773;430
022304-11;1374;948;11;937;584;353
022304-12;915;618;5;613;369;244
022305-1;1752;1415;14;1401;372;1029
022305-2;1329;1039;10;1029;343;686
022305-3;1234;877;9;868;357;511
022305-4;1631;1195;8;1187;530;657
022305-5;859;532;7;525;288;237
022305-6;848;537;3;534;294;240
022305-7;1206;823;5;818;379;439
022305-8;812;575;4;571;363;208
022305-9;1194;888;7;881;418;463
022305-10;1336;1119;9;1110;272;838
022305-11;1376;1142;4;1138;206;932
022305-12;1002;821;3;818;179;639
022305-13;709;591;4;587;143;444
022306-1;1759;1272;14;1258;710;548
022306-2;782;541;10;531;308;223
022306-3;513;324;11;313;151;162
022306-4;61;44;0;44;38;6
022307-1;2261;1523;12;1511;691;820
022307-2;1420;1007;8;999;445;554
022307-3;1764;1164;12;1152;545;607
022307-4;1945;1261;22;1239;722;517
022307-5;1367;868;9;859;476;383
022307-6;1375;850;8;842;485;357
022308-1;987;736;12;724;295;429
022308-2;122;75;0;75;75;0
022308-3;1167;846;10;836;377;459
022308-4;602;423;1;422;217;205
022308-5;1188;865;7;858;324;534
022308-6;646;458;3;455;244;211
022308-7;1454;1021;7;1014;322;692
022308-8;1110;790;7;783;328;455
022308-9;1658;1157;11;1146;416;730
022308-10;738;489;1;488;222;266
022308-11;1544;1087;7;1080;334;746
022308-12;928;664;7;657;273;384
022308-13;1997;1444;11;1433;486;947
022308-14;414;250;1;249;103;146
022308-15;1285;971;9;962;264;698
022308-16;821;651;4;647;203;444
022308-17;1497;1154;10;1144;450;694
022309-1;2024;1550;17;1533;647;886
022309-2;1154;705;12;693;409;284
022309-3;729;543;4;539;311;228
022309-4;1095;769;8;761;390;371
022309-5;1315;825;8;817;391;426
022309-6;1090;842;12;830;275;555
022309-7;1204;1004;9;995;271;724
022401-1;1352;810;6;804;379;425
022401-2;1092;690;8;682;322;360
022401-3;918;572;4;568;334;234
022401-4;853;553;3;550;272;278
022402-1;823;518;5;513;300;213
022402-2;888;601;9;592;370;222
022402-3;746;493;2;491;319;172
022403-1;1060;648;2;646;291;355
022403-2;1185;707;5;702;404;298
022403-3;455;272;2;270;153;117
022403-4;417;236;2;234;136;98
022403-5;417;247;1;246;162;84
022403-6;525;293;1;292;184;108
022403-7;502;302;2;300;184;116
022403-8;656;441;3;438;200;238
022403-9;1003;635;3;632;294;338
022403-10;318;189;0;189;115;74
022404-1;841;511;7;504;318;186
022404-2;778;439;0;439;257;182
022404-3;741;445;4;441;292;149
022404-4;934;569;2;567;268;299
022404-5;984;598;4;594;347;247
022405-1;756;405;6;399;227;172
022405-2;721;405;4;401;200;201
022405-3;858;463;2;461;252;209
022405-4;795;435;5;430;219;211
022405-5;641;428;4;424;193;231
022405-6;900;582;6;576;254;322
022405-7;828;559;9;550;281;269
022405-8;918;597;5;592;257;335
022405-9;696;469;4;465;183;282
022405-10;1078;728;7;721;321;400
022405-11;1068;666;4;662;305;357
022405-12;1042;743;2;741;394;347
022405-13;1106;828;4;824;301;523
022405-14;821;518;6;512;289;223
022405-15;639;396;5;391;217;174
022405-16;1047;682;5;677;384;293
022405-17;961;620;3;617;342;275
022405-18;497;283;3;280;150;130
022405-19;672;377;6;371;249;122
022405-20;666;413;3;410;276;134
022405-21;109;86;9;77;36;41
022406-1;839;533;3;530;262;268
022406-2;967;626;4;622;302;320
022406-3;860;531;4;527;281;246
022406-4;823;526;0;526;268;258
022406-5;848;492;1;491;268;223
022406-6;1515;849;4;845;439;406
022406-7;682;382;4;378;200;178
022406-8;557;341;1;340;186;154
022406-9;382;235;0;235;134;101
022406-10;534;343;2;341;271;70
022406-11;547;336;2;334;234;100
022406-12;451;267;2;265;155;110
022406-13;469;315;1;314;211;103
022406-14;437;233;0;233;175;58
022406-15;477;302;1;301;220;81
022406-16;711;420;4;416;270;146
022406-17;974;651;6;645;361;284
022406-18;590;347;1;346;222;124
022406-19;443;260;2;258;161;97
022406-20;87;62;0;62;52;10
022406-21;63;43;0;43;41;2
022406-22;83;45;1;44;37;7
022406-23;26;24;0;24;20;4
022407-1;740;428;6;422;209;213
022407-2;716;421;2;419;217;202
022407-3;711;495;1;494;214;280
022407-4;294;166;2;164;110;54
022407-5;404;255;0;255;152;103
022407-6;195;112;3;109;72;37
022407-7;503;285;1;284;166;118
022501-1;1555;948;5;943;428;515
022501-2;1613;1007;6;1001;478;523
022502-1;1955;1304;5;1299;540;759
022502-2;1694;1045;5;1040;419;621
022502-3;1614;1092;10;1082;412;670
022502-4;1538;909;12;897;331;566
022502-5;1374;894;6;888;417;471
022502-6;1441;946;5;941;402;539
022502-7;1378;895;5;890;385;505
022502-8;1457;1045;7;1038;408;630
022502-9;1254;849;3;846;349;497
022502-10;1356;901;6;895;442;453
022502-11;1501;998;4;994;434;560
022502-12;1449;1011;9;1002;399;603
022502-13;1332;835;4;831;367;464
022502-14;1358;986;7;979;378;601
022502-15;1384;935;8;927;418;509
022502-16;1441;1016;12;1004;393;611
022502-17;61;37;1;36;34;2
022502-18;115;60;2;58;27;31
022503-1;234;148;0;148;84;64
022503-2;669;386;4;382;177;205
022503-3;1142;696;8;688;323;365
022503-4;965;553;7;546;291;255
022503-5;731;418;7;411;255;156
022503-6;496;319;7;312;183;129
022503-7;739;436;6;430;232;198
022503-8;637;332;7;325;189;136
022503-9;853;467;4;463;253;210
022503-10;823;511;14;497;221;276
022503-11;894;539;3;536;249;287
022503-12;883;558;9;549;244;305
022503-13;853;511;5;506;288;218
022503-14;844;513;1;512;264;248
022503-15;833;529;6;523;263;260
022503-16;839;569;4;565;228;337
022503-17;868;511;5;506;241;265
022503-18;828;572;6;566;227;339
022503-19;871;614;5;609;298;311
022503-20;864;572;6;566;283;283
022503-21;787;490;7;483;221;262
022503-22;737;490;4;486;262;224
022503-23;33;14;1;13;5;8
022503-24;217;51;1;50;35;15
022504-1;1048;644;8;636;261;375
022504-2;833;474;2;472;238;234
022504-3;880;503;2;501;250;251
022504-4;692;381;2;379;189;190
022504-5;869;488;4;484;204;280
022504-6;402;198;0;198;112;86
022504-7;566;299;0;299;193;106
022504-8;620;351;2;349;208;141
022504-9;502;279;2;277;133;144
022504-10;467;271;1;270;142;128
022505-1;934;587;6;581;324;257
022505-2;990;650;7;643;386;257
022505-3;1061;584;5;579;364;215
022505-4;821;486;2;484;248;236
022505-5;850;523;3;520;329;191
022506-1;861;509;2;507;251;256
022506-2;1296;858;5;853;377;476
022506-3;203;114;0;114;69;45
022506-4;783;460;6;454;238;216
022506-5;470;285;6;279;107;172
022506-6;839;484;1;483;217;266
022506-7;715;350;4;346;179;167
022506-8;1278;753;7;746;438;308
022507-1;502;341;3;338;141;197
022507-2;638;422;3;419;195;224
022507-3;451;303;1;302;159;143
022507-4;395;261;3;258;141;117
022507-5;502;279;5;274;165;109
022507-6;389;211;2;209;144;65
022507-7;340;221;0;221;103;118
022507-8;535;336;8;328;144;184
022507-9;333;224;2;222;123;99
022507-10;430;260;1;259;138;121
022507-11;365;235;3;232;128;104
022507-12;497;302;4;298;187;111
022507-13;311;167;2;165;82;83
022507-14;359;238;6;232;94;138
022507-15;626;394;2;392;174;218
022601-1;1268;773;6;767;310;457
022601-2;766;472;5;467;229;238
022601-3;732;422;5;417;202;215
022602-1;907;602;6;596;224;372
022602-2;1473;989;5;984;427;557
022602-3;1487;870;5;865;426;439
022602-4;1575;1136;13;1123;482;641
022602-5;1391;811;4;807;409;398
022602-6;763;514;6;508;213;295
022602-7;1547;1176;5;1171;502;669
022602-8;774;479;2;477;220;257
022602-9;1652;1130;9;1121;525;596
022602-10;177;55;1;54;35;19
022602-11;213;72;0;72;45;27
022603-1;242;149;2;147;89;58
022603-2;759;476;6;470;217;253
022603-3;385;230;2;228;137;91
022603-4;603;352;3;349;214;135
022603-5;316;210;0;210;156;54
022603-6;744;385;4;381;201;180
022603-7;518;318;3;315;169;146
022604-1;1895;1139;6;1133;549;584
022604-2;1060;640;8;632;358;274
022604-3;468;269;2;267;122;145
022604-4;399;234;1;233;117;116
022604-5;525;305;1;304;174;130
022604-6;338;211;1;210;81;129
022604-7;468;313;0;313;122;191
022604-8;411;245;1;244;118;126
022604-9;355;197;2;195;111;84
022605-1;701;398;5;393;270;123
022605-2;750;452;7;445;305;140
022605-3;320;202;2;200;147;53
022605-4;694;421;6;415;280;135
022605-5;1119;756;6;750;493;257
022605-6;560;359;1;358;226;132
022606-1;698;451;4;447;210;237
022606-2;1064;679;5;674;365;309
022606-3;615;378;7;371;262;109
022606-4;901;637;7;630;317;313
022606-5;632;378;3;375;246;129
022606-6;583;349;3;346;216;130
022606-7;871;553;3;550;267;283
026101-1;368;232;2;230;93;137
026101-2;1473;1019;6;1013;367;646
026101-3;1613;1041;8;1033;369;664
026101-4;1091;658;4;654;237;417
026101-5;1606;967;8;959;393;566
026101-6;1418;858;6;852;269;583
026101-7;1704;982;12;970;366;604
026101-8;750;451;6;445;181;264
026101-9;486;378;1;377;124;253
026101-10;1717;1142;4;1138;354;784
026101-11;1416;906;6;900;308;592
026101-12;834;573;6;567;219;348
026101-13;1141;752;6;746;257;489
026101-14;1229;848;7;841;299;542
026101-15;1307;881;8;873;406;467
026101-16;1662;1141;11;1130;455;675
026101-17;1968;1326;8;1318;516;802
026101-18;2055;1506;6;1500;482;1018
026101-19;2007;1329;7;1322;483;839
026101-20;2062;1562;10;1552;427;1125
026101-21;1843;1307;6;1301;442;859
026101-22;1730;1215;7;1208;410;798
026101-23;1477;975;6;969;383;586
026101-24;1449;970;10;960;292;668
026101-25;778;452;6;446;166;280
026101-26;1817;1283;9;1274;445;829
026101-27;1541;923;4;919;377;542
026101-28;1478;1120;8;1112;309;803
026101-29;1674;1094;10;1084;354;730
026101-30;1265;786;3;783;297;486
026101-31;1875;1262;12;1250;419;831
026101-32;1238;867;10;857;354;503
026101-33;1839;1203;6;1197;429;768
026101-34;1570;1177;15;1162;348;814
026101-35;1906;1294;8;1286;443;843
026101-36;1784;1100;9;1091;415;676
026101-37;1610;1135;7;1128;380;748
026101-38;1435;920;4;916;368;548
026101-39;1844;1259;12;1247;492;755
026101-40;1180;820;15;805;308;497
026101-41;545;385;5;380;105;275
026101-42;72;35;1;34;28;6
026101-43;360;94;0;94;42;52
026101-44;301;230;3;227;46;181
026101-45;86;74;0;74;40;34
026101-46;210;173;0;173;87;86
026101-47;52;48;0;48;19;29
026201-1;2252;1610;11;1599;699;900
026201-2;1545;972;11;961;393;568
026201-3;1711;1060;10;1050;445;605
026201-4;1581;982;5;977;417;560
026201-5;1488;865;4;861;397;464
026201-6;1328;788;2;786;335;451
026201-7;2386;1940;15;1925;678;1247
026201-8;1711;1101;6;1095;456;639
026201-9;1656;941;10;931;482;449
026201-10;1104;595;4;591;305;286
026201-11;1339;642;9;633;356;277
026201-12;1772;874;6;868;485;383
026201-13;1860;1226;11;1215;589;626
026201-14;1705;1183;9;1174;567;607
026201-15;1438;966;12;954;416;538
026201-16;1541;1116;13;1103;506;597
026201-17;1722;1266;11;1255;586;669
026201-18;2171;1653;11;1642;621;1021
026201-19;1454;987;6;981;469;512
026201-20;1442;1016;3;1013;463;550
026201-21;1516;1066;4;1062;500;562
026201-22;1481;1022;6;1016;484;532
026201-23;1288;872;4;868;366;502
026201-24;1705;1226;8;1218;549;669
026201-25;1147;783;8;775;374;401
026201-26;1518;1033;5;1028;488;540
026201-27;1149;816;2;814;339;475
026201-28;1840;1357;15;1342;594;748
026201-29;1291;906;4;902;386;516
026201-30;963;540;3;537;277;260
026201-31;1255;725;4;721;338;383
026201-32;828;470;5;465;230;235
026201-33;1063;706;4;702;312;390
026201-34;686;482;2;480;236;244
026201-35;1039;629;4;625;298;327
026201-36;1787;1000;15;985;535;450
026201-37;2154;1486;8;1478;634;844
026201-38;1468;863;5;858;458;400
026201-39;1351;756;3;753;378;375
026201-40;1522;869;4;865;429;436
026201-41;1532;1020;4;1016;489;527
026201-42;1337;949;8;941;407;534
026201-43;1640;963;4;959;447;512
026201-44;1605;992;11;981;409;572
026201-45;1459;969;9;960;411;549
026201-46;1890;1339;15;1324;510;814
026201-47;2118;1451;19;1432;580;852
026201-48;381;86;1;85;46;39
026201-49;54;24;0;24;21;3
026401-1;1514;1069;12;1057;328;729
026401-2;1743;1254;9;1245;390;855
026401-3;1029;755;7;748;279;469
026401-4;1428;975;6;969;292;677
026401-5;1295;832;9;823;282;541
026401-6;1065;716;2;714;261;453
026401-7;587;400;2;398;270;128
026401-8;1782;1259;13;1246;438;808
026401-9;2327;1802;26;1776;379;1397
026401-10;1399;913;9;904;386;518
026401-11;1341;974;12;962;420;542
026401-12;1470;1040;14;1026;355;671
026401-13;1697;1202;15;1187;420;767
026401-14;1774;1248;8;1240;418;822
026401-15;1163;834;7;827;227;600
026401-16;1552;1052;4;1048;403;645
026401-17;1752;1197;9;1188;451;737
026401-18;1505;1046;9;1037;401;636
026401-19;1453;950;4;946;375;571
026401-20;1735;1204;7;1197;497;700
026401-21;1730;1255;11;1244;560;684
026401-22;1703;1199;13;1186;412;774
026401-23;1319;865;20;845;334;511
026401-24;2163;1566;12;1554;455;1099
026401-25;1765;1215;11;1204;423;781
026401-26;1497;1045;11;1034;401;633
026401-27;1794;1347;12;1335;428;907
026401-28;1407;984;13;971;411;560
026401-29;1770;1299;19;1280;449;831
026401-30;1880;1391;12;1379;542;837
026401-31;1758;1219;8;1211;468;743
026401-32;2085;1642;11;1631;358;1273
026401-33;2271;1872;14;1858;344;1514
026401-34;1245;763;9;754;307;447
026401-35;1534;840;12;828;324;504
026401-36;1722;1086;6;1080;441;639
026401-37;1608;1036;15;1021;411;610
026401-38;1738;1140;10;1130;483;647
026401-39;1159;730;7;723;331;392
026401-40;1786;1062;6;1056;421;635
026401-41;1464;918;11;907;354;553
026401-42;2481;1762;22;1740;475;1265
026401-43;2194;1436;8;1428;527;901
026401-44;1865;1198;16;1182;417;765
026401-45;1638;1095;14;1081;435;646
026401-46;3361;2548;34;2514;598;1916
026401-47;1370;897;7;890;372;518
026401-48;1737;1163;6;1157;391;766
026401-49;1304;994;5;989;378;611
026401-50;1501;1242;10;1232;328;904
026401-51;3074;2429;25;2404;614;1790
026401-52;1037;783;11;772;249;523
026401-53;1838;1126;9;1117;443;674
026401-54;1849;1240;7;1233;443;790
026401-55;1705;1126;18;1108;390;718
026401-56;1815;1235;8;1227;399;828
026401-57;1746;1260;9;1251;372;879
026401-58;1717;1126;12;1114;384;730
026401-59;1831;1441;15;1426;349;1077
026401-60;1788;1191;11;1180;407;773
026401-61;1312;887;9;878;305;573
026401-62;877;574;7;567;195;372
026401-63;1673;1103;14;1089;443;646
026401-64;2001;1355;13;1342;480;862
026401-65;1742;1160;12;1148;438;710
026401-66;1669;1134;13;1121;418;703
026401-67;1885;1333;10;1323;382;941
026401-68;1724;1192;16;1176;377;799
026401-69;1862;1208;13;1195;510;685
026401-70;1775;1246;14;1232;454;778
026401-71;1919;1411;19;1392;497;895
026401-72;1894;1376;11;1365;426;939
026401-73;1588;1159;12;1147;402;745
026401-74;1743;1112;6;1106;436;670
026401-75;1401;1118;9;1109;366;743
026401-76;1053;826;3;823;236;587
026401-77;552;431;1;430;110;320
026401-78;1690;1328;20;1308;374;934
026401-79;1503;1113;12;1101;318;783
026401-80;1367;1030;7;1023;317;706
026401-81;1704;1241;15;1226;370;856
026401-82;2100;1602;10;1592;453;1139
026401-83;1951;1545;17;1528;476;1052
026401-84;1195;910;9;901;262;639
026401-85;2021;1574;15;1559;493;1066
026401-86;1544;1195;12;1183;382;801
026401-87;1339;1016;13;1003;285;718
026401-88;1732;1290;16;1274;448;826
026401-89;1670;1267;10;1257;456;801
026401-90;1474;1061;9;1052;412;640
026401-91;1869;1442;10;1432;448;984
026401-92;1845;1388;16;1372;516;856
026401-93;1201;903;8;895;316;579
026401-94;1753;1333;14;1319;456;863
026401-95;1636;1215;9;1206;439;767
026401-96;1529;1126;8;1118;395;723
026401-97;1361;991;10;981;331;650
026401-98;1392;982;9;973;326;647
026401-99;1481;1000;10;990;363;627
026401-100;1152;732;5;727;298;429
026401-101;1396;1045;6;1039;329;710
026401-102;1465;1002;9;993;315;678
026401-103;1784;1333;17;1316;370;946
026401-104;1773;1325;14;1311;495;816
026401-105;1277;971;7;964;288;676
026401-106;1643;1223;15;1208;404;804
026401-107;2392;1815;15;1800;492;1308
026401-108;1571;1200;10;1190;315;875
026401-109;2122;1691;11;1680;433;1247
026401-110;2218;1772;27;1745;425;1320
026401-111;2020;1581;11;1570;466;1104
026401-112;1918;1463;14;1449;552;897
026401-113;2039;1479;17;1462;566;896
026401-114;2532;2093;32;2061;510;1551
026401-115;1768;1349;12;1337;358;979
026401-116;1648;1248;17;1231;379;852
026401-117;1787;1326;13;1313;474;839
026401-118;1431;1014;9;1005;414;591
026401-119;1916;1396;12;1384;413;971
026401-120;1522;1077;17;1060;381;679
026401-121;1480;1093;13;1080;389;691
026401-122;1728;1187;8;1179;412;767
026401-123;2023;1454;9;1445;580;865
026401-124;1648;1151;5;1146;438;708
026401-125;1837;1390;11;1379;516;863
026401-126;1741;1259;3;1256;506;750
026401-127;2100;1440;14;1426;425;1001
026401-128;2971;2363;19;2344;545;1799
026401-129;2526;2045;23;2022;508;1514
026401-130;1697;1226;6;1220;340;880
026401-131;1457;928;14;914;340;574
026401-132;2154;1418;20;1398;474;924
026401-133;2035;1280;9;1271;484;787
026401-134;1977;1275;9;1266;409;857
026401-135;1773;1128;18;1110;424;686
026401-136;1185;844;13;831;239;592
026401-137;1454;1027;7;1020;339;681
026401-138;1522;950;11;939;331;608
026401-139;1163;785;7;778;293;485
026401-140;2006;1352;12;1340;548;792
026401-141;2730;1993;20;1973;541;1432
026401-142;2258;1664;15;1649;507;1142
026401-143;2000;1464;17;1447;565;882
026401-144;1931;1465;12;1453;544;909
026401-145;2183;1487;9;1478;591;887
026401-146;1963;1560;20;1540;408;1132
026401-147;1538;1260;6;1254;247;1007
026401-148;1899;1562;11;1551;317;1234
026401-149;2172;1707;15;1692;503;1189
026401-150;2871;2345;20;2325;462;1863
026401-151;1592;1322;12;1310;259;1051
026401-152;1567;1238;16;1222;317;905
026401-153;1934;1649;10;1639;361;1278
026401-154;2328;1847;17;1830;537;1293
026401-155;2123;1671;19;1652;424;1228
026401-156;2483;2018;13;2005;362;1643
026401-157;1979;1629;29;1600;402;1198
026401-158;2072;1667;24;1643;476;1167
026401-159;2637;2107;8;2099;401;1698
026401-160;1842;1517;12;1505;238;1267
026401-161;2303;1758;18;1740;525;1215
026401-162;3138;2464;23;2441;566;1875
026401-163;1871;1477;19;1458;372;1086
026401-164;1708;1389;14;1375;367;1008
026401-165;1963;1592;22;1570;422;1148
026401-166;1741;1227;17;1210;400;810
026401-167;1068;770;6;764;295;469
026401-168;1346;951;16;935;281;654
026401-169;1275;962;8;954;358;596
026401-170;1335;1024;5;1019;362;657
026401-171;1015;755;4;751;291;460
026401-172;2043;1408;14;1394;501;893
026401-173;1091;809;11;798;300;498
026401-174;1334;1023;13;1010;377;633
026401-175;1240;883;10;873;275;598
026401-176;1343;974;9;965;334;631
026401-177;1190;749;7;742;316;426
026401-178;1480;946;10;936;336;600
026401-179;1801;1441;10;1431;469;962
026401-180;1709;1355;12;1343;472;871
026401-181;1920;1479;16;1463;497;966
026401-182;1841;1391;14;1377;445;932
026401-183;2054;1586;19;1567;471;1096
026401-184;2146;1684;15;1669;481;1188
026401-185;2465;1956;19;1937;548;1389
026401-186;1693;1312;15;1297;454;843
026401-187;1717;1286;13;1273;506;767
026401-188;1607;1251;7;1244;461;783
026401-189;1735;1337;12;1325;468;857
026401-190;1509;1141;18;1123;444;679
026401-191;1329;967;8;959;354;605
026401-192;2376;1672;12;1660;611;1049
026401-193;1949;1513;11;1502;524;978
026401-194;2018;1476;19;1457;506;951
026401-195;1860;1372;17;1355;528;827
026401-196;1424;1106;5;1101;548;553
026401-197;1625;1269;8;1261;418;843
026401-198;1835;1398;7;1391;471;920
026401-199;1573;1231;10;1221;421;800
026401-200;1519;1200;12;1188;385;803
026401-201;1495;1159;9;1150;359;791
026401-202;1373;1078;8;1070;321;749
026401-203;1940;1446;17;1429;520;909
026401-204;1353;1050;11;1039;343;696
026401-205;1645;1233;14;1219;434;785
026401-206;1962;1440;13;1427;583;844
026401-207;1471;1058;5;1053;488;565
026401-208;1473;1125;10;1115;391;724
026401-209;1565;1206;22;1184;453;731
026401-210;2831;2240;23;2217;572;1645
026401-211;1900;1485;15;1470;459;1011
026401-212;2280;1735;18;1717;484;1233
026401-213;2279;1839;25;1814;383;1431
026401-214;1866;1410;11;1399;588;811
026401-215;1582;1155;15;1140;469;671
026401-216;1236;946;9;937;370;567
026401-217;1834;1280;16;1264;540;724
026401-218;1980;1423;13;1410;472;938
026401-219;1547;1182;8;1174;473;701
026401-220;1277;919;11;908;376;532
026401-221;1304;995;7;988;384;604
026401-222;1460;1135;10;1125;470;655
026401-223;1671;1282;7;1275;442;833
026401-224;1515;1130;9;1121;428;693
026401-225;1567;1192;13;1179;402;777
026401-226;1330;1062;9;1053;355;698
026401-227;1692;1256;12;1244;634;610
026401-228;2016;1380;16;1364;531;833
026401-229;1927;1451;13;1438;509;929
026401-230;1884;1340;12;1328;476;852
026401-231;2455;1824;19;1805;611;1194
026401-232;1840;1238;14;1224;522;702
026401-233;2038;1603;18;1585;507;1078
026401-234;2429;1917;14;1903;734;1169
026401-235;2349;1718;10;1708;633;1075
026401-236;2251;1707;15;1692;477;1215
026401-237;2334;1780;28;1752;611;1141
026401-238;1368;1086;11;1075;350;725
026401-239;2059;1655;12;1643;453;1190
026401-240;2422;1958;25;1933;496;1437
026401-241;1785;1487;17;1470;372;1098
026401-242;1809;1399;11;1388;413;975
026401-243;1963;1482;16;1466;549;917
026401-244;2153;1630;18;1612;578;1034
026401-245;2034;1457;16;1441;441;1000
026401-246;2328;1761;19;1742;482;1260
026401-247;1756;1298;8;1290;403;887
026401-248;1945;1511;15;1496;451;1045
026401-249;1530;1047;9;1038;341;697
026401-250;1243;926;9;917;276;641
026401-251;1768;1361;12;1349;494;855
026401-252;1827;1327;8;1319;494;825
026401-253;1071;778;10;768;311;457
026401-254;1418;1021;9;1012;426;586
026401-255;944;694;12;682;236;446
026401-256;2709;2030;21;2009;519;1490
026401-257;1910;1463;19;1444;489;955
026401-258;759;564;4;560;210;350
026401-259;1478;1076;8;1068;279;789
026401-260;1786;1304;7;1297;485;812
026401-261;1155;860;9;851;370;481
026401-262;719;511;2;509;181;328
026401-263;1470;1113;9;1104;440;664
026401-264;1902;1452;10;1442;472;970
026401-265;1809;1346;17;1329;453;876
026401-266;1677;1307;6;1301;476;825
026401-267;1933;1405;13;1392;550;842
026401-268;1606;1081;8;1073;525;548
026401-269;1414;1023;13;1010;487;523
026401-270;2414;1871;17;1854;564;1290
026401-271;2183;1654;8;1646;710;936
026401-272;1970;1489;10;1479;560;919
026401-273;1726;1231;4;1227;600;627
026401-274;2294;1794;20;1774;634;1140
026401-275;1792;1420;10;1410;677;733
026401-276;1325;976;6;970;337;633
026401-277;2279;1851;18;1833;518;1315
026401-278;2552;1942;19;1923;668;1255
026401-279;1624;1266;8;1258;338;920
026401-280;1269;971;17;954;379;575
026401-281;2747;2000;14;1986;683;1303
026401-282;2170;1574;19;1555;526;1029
026401-283;89;64;5;59;53;6
026401-284;841;652;28;624;174;450
026401-285;266;105;0;105;59;46
026401-286;19;13;0;13;8;5
026401-287;616;406;5;401;108;293
026401-288;39;15;0;15;6;9
026401-289;226;70;1;69;32;37
026401-290;1203;847;18;829;217;612
026401-291;50;29;0;29;28;1
026401-292;279;136;2;134;56;78
026401-293;270;99;0;99;47;52
026401-294;664;171;1;170;73;97
026401-295;320;171;2;169;92;77
026401-296;219;155;0;155;63;92
026401-297;135;62;7;55;19;36
026401-298;99;66;1;65;53;12
026401-299;153;46;0;46;24;22
026401-300;183;109;0;109;91;18
026401-301;137;65;2;63;50;13
026401-302;68;26;0;26;20;6
026401-303;559;166;2;164;73;91
026401-304;133;76;8;68;50;18
026401-305;92;16;0;16;4;12
026401-306;10;10;1;9;7;2
026401-307;237;119;1;118;50;68
026401-308;61;30;1;29;18;11
026401-309;63;48;3;45;42;3
026401-310;98;84;0;84;58;26
026401-311;65;35;0;35;16;19
026401-312;50;20;2;18;17;1
026501-1;412;266;1;265;138;127
026501-2;1612;1141;10;1131;317;814
026501-3;1075;610;4;606;244;362
026501-4;1435;970;11;959;372;587
026501-5;1190;881;5;876;297;579
026501-6;2302;1595;6;1589;601;988
026501-7;2335;1542;13;1529;561;968
026501-8;1400;856;3;853;333;520
026501-9;1628;1072;8;1064;480;584
026501-10;1597;1034;6;1028;433;595
026501-11;878;567;3;564;204;360
026501-12;1212;788;8;780;244;536
026501-13;1483;904;6;898;350;548
026501-14;1550;1095;8;1087;360;727
026501-15;1977;1376;13;1363;468;895
026501-16;1765;1276;7;1269;428;841
026501-17;1760;1204;10;1194;449;745
026501-18;1382;992;9;983;367;616
026501-19;1750;1258;11;1247;421;826
026501-20;1630;1170;12;1158;445;713
026501-21;1951;1367;12;1355;497;858
026501-22;1394;1042;9;1033;388;645
026501-23;1281;938;10;928;326;602
026501-24;1011;537;4;533;235;298
026501-25;1992;1075;16;1059;453;606
026501-26;1387;868;6;862;243;619
026501-27;2067;1199;8;1191;497;694
026501-28;1370;825;6;819;305;514
026501-29;1323;778;7;771;341;430
026501-30;1321;712;5;707;300;407
026501-31;1090;660;5;655;291;364
026501-32;1465;650;11;639;310;329
026501-33;1049;683;4;679;261;418
026501-34;1065;615;5;610;282;328
026501-35;1610;824;8;816;370;446
026501-36;446;236;5;231;101;130
026501-37;1877;1028;10;1018;470;548
026501-38;780;469;0;469;191;278
026501-39;817;415;2;413;186;227
026501-40;2987;1839;17;1822;757;1065
026501-41;1279;757;12;745;282;463
026501-42;1660;946;19;927;405;522
026501-43;1529;805;10;795;392;403
026501-44;875;483;4;479;203;276
026501-45;998;541;8;533;251;282
026501-46;1056;591;2;589;298;291
026501-47;1299;640;8;632;331;301
026501-48;1231;574;5;569;279;290
026501-49;1616;1002;10;992;384;608
026501-50;1302;804;10;794;287;507
026501-51;1298;731;6;725;300;425
026501-52;1349;783;4;779;316;463
026501-53;1062;671;4;667;232;435
026501-54;1618;1016;6;1010;394;616
026501-55;1296;709;2;707;313;394
026501-56;798;499;5;494;211;283
026501-57;1630;870;7;863;347;516
026501-58;76;34;0;34;14;20
026501-59;98;19;0;19;9;10
026501-60;258;83;0;83;46;37
026501-61;46;26;3;23;18;5
040101-1;1286;791;3;788;397;391
040101-2;1269;812;5;807;458;349
040101-3;1278;798;6;792;366;426
040101-4;507;291;2;289;148;141
040101-5;1300;852;12;840;350;490
040101-6;1036;674;6;668;271;397
040101-7;1237;774;9;765;320;445
040101-8;1313;867;5;862;318;544
040101-9;172;66;2;64;39;25
040101-10;138;69;0;69;40;29
040102-1;1308;972;12;960;387;573
040102-2;1655;1335;6;1329;627;702
040102-3;1257;926;10;916;412;504
040102-4;1313;890;5;885;426;459
040102-5;1570;1248;6;1242;585;657
040102-6;1199;910;7;903;425;478
040102-7;2028;1485;6;1479;698;781
040103-1;506;315;4;311;162;149
040103-2;511;343;4;339;194;145
040103-3;499;316;3;313;167;146
040104-1;1405;878;11;867;568;299
040104-2;832;553;3;550;216;334
040104-3;533;347;5;342;198;144
040104-4;618;356;1;355;253;102
040104-5;1217;704;11;693;471;222
040104-6;1105;708;3;705;376;329
040104-7;580;386;8;378;157;221
040104-8;824;486;1;485;270;215
040104-9;808;457;4;453;341;112
040104-10;1141;721;1;720;404;316
040105-1;806;562;6;556;272;284
040105-2;836;464;4;460;298;162
040105-3;837;519;6;513;362;151
040105-4;912;600;2;598;431;167
040106-1;527;316;5;311;211;100
040106-2;474;303;0;303;222;81
040106-3;598;353;3;350;249;101
040106-4;492;272;1;271;206;65
040106-5;529;362;7;355;197;158
040107-1;661;458;1;457;329;128
040107-2;555;396;3;393;220;173
040107-3;643;452;6;446;221;225
040107-4;551;391;3;388;210;178
040107-5;152;48;2;46;39;7
040108-1;628;424;1;423;267;156
040108-2;546;354;4;350;206;144
040108-3;683;446;8;438;318;120
040108-4;499;319;1;318;237;81
040108-5;409;262;0;262;210;52
040108-6;365;241;0;241;175;66
040108-7;472;324;1;323;254;69
040109-1;608;384;3;381;182;199
040109-2;476;259;1;258;155;103
040109-3;898;547;8;539;373;166
040109-4;750;464;4;460;276;184
040109-5;79;48;0;48;34;14
040201-1;1353;899;2;897;395;502
040201-2;1001;656;6;650;296;354
040201-3;1877;1225;7;1218;535;683
040201-4;2005;1380;12;1368;585;783
040201-5;1897;1242;11;1231;563;668
040201-6;878;456;2;454;228;226
040201-7;1103;689;4;685;315;370
040201-8;1722;1044;6;1038;479;559
040201-9;1723;1244;6;1238;503;735
040201-10;931;621;4;617;296;321
040201-11;1162;775;3;772;394;378
040201-12;1677;1122;8;1114;525;589
040201-13;1050;696;8;688;326;362
040201-14;1510;1107;5;1102;515;587
040201-15;1277;717;4;713;329;384
040201-16;143;52;1;51;20;31
040202-1;1041;663;1;662;366;296
040202-2;980;638;7;631;365;266
040202-3;1346;819;9;810;517;293
040202-4;644;335;2;333;243;90
040202-5;1005;652;3;649;448;201
040202-6;81;28;3;25;19;6
040203-1;1526;1046;6;1040;431;609
040203-2;969;631;8;623;326;297
040203-3;1026;625;3;622;392;230
040203-4;385;223;0;223;148;75
040203-5;1076;607;7;600;314;286
040203-6;1368;830;3;827;438;389
040204-1;830;605;4;601;447;154
040204-2;643;437;7;430;304;126
040204-3;668;399;3;396;239;157
040204-4;883;670;17;653;476;177
040205-1;1118;738;10;728;432;296
040205-2;517;345;2;343;197;146
040205-3;460;302;1;301;233;68
040205-4;427;272;1;271;180;91
040205-5;675;430;4;426;318;108
040206-1;881;533;3;530;381;149
040206-2;1020;653;7;646;444;202
040206-3;600;416;1;415;297;118
040206-4;1105;630;7;623;438;185
040207-1;1422;860;9;851;497;354
040207-2;1437;894;9;885;471;414
040207-3;1387;754;12;742;516;226
040207-4;586;312;5;307;191;116
040207-5;1314;759;2;757;460;297
040207-6;781;426;7;419;305;114
040208-1;948;566;1;565;371;194
040208-2;1182;707;4;703;477;226
040208-3;972;551;3;548;367;181
040209-1;1013;650;6;644;401;243
040209-2;1091;643;3;640;457;183
040209-3;541;290;3;287;209;78
040209-4;902;549;11;538;400;138
040209-5;470;286;3;283;203;80
040210-1;1268;1028;6;1022;506;516
040210-2;1430;966;13;953;447;506
040210-3;818;494;7;487;282;205
040210-4;579;445;3;442;221;221
040301-1;800;572;2;570;223;347
040301-2;919;707;3;704;298;406
040301-3;808;582;9;573;189;384
040301-4;765;530;2;528;186;342
040301-5;1148;780;6;774;308;466
040301-6;841;601;4;597;225;372
040301-7;1198;891;8;883;266;617
040301-8;958;742;4;738;220;518
040301-9;652;476;5;471;145;326
040301-10;600;466;1;465;152;313
040301-11;1536;1154;11;1143;410;733
040301-12;1769;1386;11;1375;444;931
040301-13;1762;1318;9;1309;402;907
040301-14;1599;1217;6;1211;330;881
040301-15;1068;758;3;755;251;504
040302-1;332;206;0;206;132;74
040302-2;526;305;0;305;169;136
040302-3;441;291;1;290;127;163
040302-4;487;336;1;335;133;202
040302-5;729;435;2;433;202;231
040302-6;791;550;2;548;249;299
040302-7;674;390;3;387;205;182
040302-8;524;309;3;306;139;167
040302-9;898;536;8;528;293;235
040302-10;985;636;5;631;250;381
040303-1;1513;1130;17;1113;382;731
040303-2;1317;890;8;882;511;371
040303-3;763;520;6;514;257;257
040303-4;1113;780;10;770;387;383
040303-5;748;580;4;576;186;390
040303-6;796;561;7;554;201;353
040303-7;579;365;1;364;155;209
040303-8;483;316;7;309;151;158
040303-9;556;389;2;387;234;153
040303-10;680;445;10;435;188;247
040303-11;465;355;4;351;163;188
040304-1;1008;528;4;524;288;236
040304-2;1025;553;1;552;243;309
040304-3;948;555;0;555;261;294
040304-4;860;651;5;646;218;428
040304-5;926;613;4;609;244;365
040304-6;1236;849;7;842;376;466
040304-7;1095;840;7;833;255;578
040304-8;1292;904;3;901;358;543
040304-9;1221;692;4;688;384;304
040304-10;608;359;4;355;190;165
040304-11;1206;806;6;800;333;467
040304-12;838;564;4;560;280;280
040304-13;585;357;3;354;195;159
040304-14;1172;689;8;681;473;208
040304-15;946;545;3;542;269;273
040304-16;593;380;1;379;238;141
040304-17;409;225;6;219;140;79
040304-18;462;283;1;282;180;102
040304-19;986;777;8;769;321;448
040304-20;480;310;3;307;193;114
040304-21;443;336;6;330;138;192
040304-22;33;33;2;31;25;6
040304-23;547;353;5;348;78;270
040305-1;1556;1035;6;1029;472;557
040305-2;1588;1039;6;1033;435;598
040305-3;1390;909;7;902;362;540
040305-4;1400;1005;13;992;313;679
040305-5;539;363;5;358;122;236
040305-6;701;486;4;482;166;316
040305-7;185;106;3;103;63;40
040305-8;345;204;0;204;99;105
040306-1;662;557;8;549;162;387
040306-2;1261;969;4;965;352;613
040306-3;1364;995;7;988;365;623
040306-4;467;375;1;374;156;218
040306-5;838;700;5;695;194;501
040306-6;349;212;0;212;69;143
040306-7;799;663;3;660;201;459
040306-8;815;653;7;646;153;493
040306-9;880;732;5;727;195;532
040306-10;846;727;8;719;171;548
040306-11;919;803;3;800;172;628
040306-12;810;695;2;693;164;529
040306-13;780;643;2;641;223;418
040307-1;452;277;1;276;172;104
040307-2;1071;687;8;679;339;340
040307-3;545;343;3;340;181;159
040307-4;598;392;4;388;158;230
040307-5;1189;847;7;840;302;538
040307-6;484;277;1;276;167;109
040307-7;951;651;3;648;246;402
040307-8;431;241;2;239;128;111
040307-9;1558;1124;12;1112;434;678
040307-10;462;350;3;347;165;182
040307-11;198;128;0;128;25;103
040308-1;1570;1095;13;1082;429;653
040308-2;1835;1309;8;1301;493;808
040308-3;849;610;3;607;230;377
040308-4;1028;708;8;700;276;424
040308-5;1026;679;7;672;276;396
040308-6;1532;987;10;977;407;570
040308-7;1596;1096;10;1086;358;728
040308-8;1064;684;3;681;228;453
040308-9;819;560;5;555;228;327
040308-10;138;95;0;95;33;62
040308-11;186;106;1;105;52;53
040308-12;527;332;1;331;157;174
040401-1;946;555;6;549;238;311
040401-2;811;448;5;443;244;199
040401-3;895;472;5;467;218;249
040401-4;865;488;3;485;213;272
040401-5;1020;696;4;692;253;439
040401-6;980;681;5;676;217;459
040401-7;907;551;6;545;260;285
040401-8;787;551;6;545;204;341
040401-9;819;537;3;534;216;318
040401-10;1059;751;6;745;203;542
040401-11;939;646;8;638;240;398
040401-12;894;607;4;603;217;386
040401-13;912;609;7;602;234;368
040401-14;1056;698;4;694;299;395
040401-15;934;556;3;553;227;326
040401-16;122;45;2;43;21;22
040401-17;43;24;1;23;18;5
040402-1;1243;698;9;689;355;334
040402-2;1249;695;3;692;356;336
040402-3;929;480;5;475;277;198
040402-4;1141;700;10;690;327;363
040403-1;755;513;7;506;205;301
040403-2;1078;727;6;721;386;335
040403-3;591;366;4;362;250;112
040403-4;466;291;4;287;194;93
040403-5;512;304;6;298;179;119
040404-1;816;517;3;514;353;161
040404-2;1281;826;9;817;386;431
040404-3;924;508;10;498;309;189
040404-4;804;459;3;456;321;135
040404-5;18;18;0;18;8;10
040405-1;514;298;6;292;163;129
040405-2;567;296;4;292;190;102
040405-3;1130;684;6;678;415;263
040405-4;543;285;1;284;160;124
040405-5;559;295;2;293;183;110
040406-1;411;220;0;220;131;89
040406-2;421;249;3;246;139;107
040406-3;507;347;1;346;150;196
040406-4;964;555;4;551;312;239
040406-5;605;372;9;363;193;170
040406-6;1096;671;6;665;433;232
040407-1;1366;909;3;906;468;438
040407-2;1085;616;4;612;330;282
040407-3;1083;672;5;667;400;267
040407-4;593;300;4;296;177;119
040407-5;1081;683;4;679;346;333
040501-1;1387;814;6;808;427;381
040501-2;1732;986;4;982;615;367
040501-3;1187;712;7;705;322;383
040501-4;1967;1325;9;1316;651;665
040501-5;1669;1150;5;1145;608;537
040501-6;1236;751;2;749;354;395
040501-7;88;22;0;22;8;14
040502-1;926;627;2;625;413;212
040502-2;643;460;3;457;259;198
040502-3;792;469;4;465;355;110
040502-4;862;523;8;515;352;163
040503-1;1469;855;8;847;563;284
040503-2;1408;787;6;781;522;259
040503-3;1188;697;7;690;411;279
040503-4;1499;1050;8;1042;595;447
040503-5;1489;872;5;867;495;372
040504-1;1786;1154;8;1146;596;550
040504-2;1954;1259;9;1250;667;583
040504-3;1199;742;9;733;396;337
040504-4;1269;767;11;756;478;278
040504-5;553;351;3;348;215;133
040504-6;412;259;0;259;164;95
040504-7;1080;756;5;751;440;311
040504-8;479;267;2;265;150;115
040505-1;808;523;6;517;361;156
040505-2;625;397;2;395;282;113
040505-3;1166;708;6;702;518;184
040505-4;653;417;2;415;315;100
040506-1;1142;659;6;653;465;188
040506-2;446;261;6;255;188;67
040506-3;778;410;1;409;307;102
040506-4;1144;699;1;698;415;283
040601-1;271;165;0;165;108;57
040601-2;1002;585;3;582;251;331
040601-3;1460;938;16;922;397;525
040601-4;1232;717;5;712;343;369
040601-5;1362;887;5;882;389;493
040601-6;1570;1058;11;1047;412;635
040601-7;579;313;2;311;177;134
040601-8;443;251;3;248;163;85
040601-9;370;215;2;213;127;86
040601-10;751;533;2;531;238;293
040601-11;467;300;3;297;152;145
040602-1;796;532;5;527;337;190
040602-2;905;546;4;542;305;237
040602-3;652;418;3;415;209;206
040602-4;581;347;2;345;206;139
040602-5;734;449;4;445;282;163
040602-6;476;277;1;276;189;87
040602-7;835;490;2;488;336;152
040603-1;787;487;1;486;250;236
040603-2;752;480;3;477;253;224
040603-3;823;533;5;528;284;244
040603-4;775;416;1;415;243;172
040603-5;742;471;3;468;322;146
040603-6;784;439;0;439;278;161
040603-7;809;406;1;405;299;106
040603-8;493;296;1;295;227;68
040603-9;52;12;1;11;8;3
040604-1;778;475;4;471;234;237
040604-2;663;357;6;351;213;138
040604-3;659;328;0;328;214;114
040604-4;516;291;1;290;181;109
040604-5;525;312;4;308;200;108
040604-6;505;296;4;292;200;92
040605-1;963;531;4;527;324;203
040605-2;1219;794;13;781;463;318
040605-3;604;318;4;314;205;109
040605-4;383;239;4;235;163;72
040606-1;610;271;1;270;203;67
040606-2;944;493;5;488;362;126
040606-3;689;430;6;424;277;147
040606-4;602;310;7;303;203;100
040606-5;395;189;1;188;123;65
040701-1;1294;843;6;837;324;513
040701-2;1084;804;3;801;296;505
040701-3;1002;540;1;539;258;281
040701-4;1297;884;8;876;394;482
040701-5;1067;725;4;721;286;435
040701-6;1252;793;7;786;264;522
040701-7;1187;643;7;636;308;328
040701-8;1248;697;4;693;250;443
040701-9;1376;687;2;685;324;361
040701-10;1183;727;4;723;302;421
040701-11;1061;530;1;529;269;260
040701-12;1220;809;6;803;320;483
040701-13;1378;932;5;927;369;558
040701-14;1636;1114;9;1105;437;668
040701-15;1066;704;3;701;263;438
040701-16;1186;781;7;774;333;441
040701-17;1096;721;4;717;283;434
040701-18;1010;626;4;622;271;351
040701-19;1750;1332;14;1318;420;898
040701-20;1815;1356;24;1332;428;904
040701-21;754;549;6;543;215;328
040701-22;1336;748;10;738;340;398
040701-23;1039;678;3;675;333;342
040701-24;1144;742;10;732;270;462
040701-25;1253;812;4;808;258;550
040701-26;1643;1051;6;1045;391;654
040701-27;1052;721;9;712;310;402
040701-28;1428;1133;7;1126;455;671
040701-29;1165;833;10;823;236;587
040701-30;1157;775;2;773;312;461
040701-31;633;466;5;461;156;305
040701-32;1114;788;3;785;279;506
040701-33;1480;996;9;987;410;577
040701-34;710;486;1;485;149;336
040701-35;883;703;6;697;275;422
040701-36;1012;789;1;788;247;541
040701-37;1194;841;4;837;304;533
040701-38;1065;763;3;760;303;457
040701-39;1092;786;1;785;276;509
040701-40;1230;898;8;890;319;571
040701-41;1019;738;2;736;288;448
040701-42;1271;880;1;879;341;538
040701-43;1794;1298;6;1292;476;816
040701-44;1329;950;11;939;378;561
040701-45;1495;1061;7;1054;371;683
040701-46;79;41;0;41;35;6
040701-47;466;71;0;71;38;33
040701-48;305;170;0;170;82;88
040701-49;494;343;4;339;155;184
040702-1;835;519;7;512;321;191
040702-2;897;470;2;468;298;170
040702-3;528;291;0;291;173;118
040702-4;461;273;5;268;143;125
040702-5;519;283;2;281;168;113
040702-6;638;395;8;387;229;158
040702-7;48;41;1;40;17;23
040703-1;930;630;5;625;284;341
040703-2;847;573;0;573;252;321
040703-3;597;339;3;336;185;151
040703-4;856;544;3;541;257;284
040703-5;1066;624;6;618;332;286
040703-6;895;605;4;601;294;307
040703-7;692;358;3;355;191;164
040703-8;875;547;6;541;302;239
040703-9;673;384;2;382;226;156
040703-10;663;383;7;376;224;152
040703-11;669;411;3;408;233;175
040703-12;685;446;3;443;227;216
040703-13;712;408;3;405;274;131
040703-14;750;451;2;449;277;172
040703-15;49;24;1;23;22;1
040704-1;599;382;5;377;185;192
040704-2;1347;841;8;833;455;378
040704-3;1287;785;5;780;463;317
040704-4;678;420;4;416;218;198
040704-5;531;409;2;407;139;268
040704-6;1528;900;6;894;443;451
040704-7;714;464;4;460;224;236
040704-8;616;412;3;409;226;183
040704-9;385;224;0;224;118;106
040704-10;1050;703;5;698;340;358
040704-11;617;409;3;406;223;183
040705-1;778;447;0;447;219;228
040705-2;1249;814;5;809;410;399
040705-3;1339;722;4;718;385;333
040705-4;639;407;4;403;180;223
040705-5;1409;859;5;854;414;440
040705-6;1599;1105;8;1097;500;597
040705-7;621;353;3;350;189;161
040705-8;1393;834;8;826;478;348
040705-9;1308;744;2;742;414;328
040705-10;47;30;6;24;20;4
040706-1;801;495;1;494;270;224
040706-2;846;531;2;529;261;268
040706-3;1212;769;6;763;371;392
040706-4;1192;756;3;753;376;377
040706-5;1148;719;3;716;324;392
040706-6;412;221;2;219;162;57
040706-7;587;381;5;376;198;178
040706-8;592;344;2;342;223;119
040706-9;517;305;1;304;194;110
040706-10;650;331;2;329;191;138
040706-11;545;327;3;324;196;128
040706-12;604;363;3;360;242;118
040706-13;391;201;1;200;130;70
040706-14;431;232;0;232;138;94
040706-15;752;393;2;391;218;173
040706-16;729;414;2;412;270;142
040706-17;598;366;5;361;229;132
040706-18;436;228;0;228;153;75
040706-19;693;462;7;455;209;246
040706-20;825;503;2;501;252;249
040706-21;1065;676;5;671;295;376
040706-22;472;256;3;253;165;88
040707-1;1157;789;1;788;356;432
040707-2;915;570;13;557;240;317
040707-3;1078;625;3;622;314;308
040707-4;779;429;2;427;243;184
040707-5;253;135;0;135;71;64
040707-6;349;216;4;212;121;91
040707-7;1055;679;10;669;309;360
040707-8;1083;648;5;643;373;270
040707-9;208;128;1;127;83;44
040707-10;329;210;1;209;104;105
040707-11;407;257;3;254;142;112
040708-1;464;336;0;336;203;133
040708-2;591;303;4;299;153;146
040708-3;705;402;1;401;260;141
040708-4;685;401;4;397;267;130
040708-5;594;388;3;385;243;142
040708-6;548;298;4;294;198;96
040709-1;1393;936;10;926;424;502
040709-2;1315;765;6;759;432;327
040709-3;549;335;1;334;183;151
040709-4;463;269;2;267;144;123
040709-5;491;275;3;272;156;116
040709-6;458;290;2;288;154;134
040709-7;537;286;2;284;185;99
040709-8;651;406;2;404;238;166
040709-9;305;184;2;182;103;79
040709-10;926;633;4;629;302;327
040801-1;1736;1049;9;1040;520;520
040801-2;1438;804;9;795;348;447
040801-3;1314;714;2;712;334;378
040801-4;1300;777;15;762;372;390
040801-5;753;512;2;510;282;228
040801-6;1147;696;8;688;306;382
040801-7;1458;843;5;838;410;428
040801-8;863;541;2;539;260;279
040801-9;769;509;4;505;204;301
040801-10;286;86;4;82;52;30
040802-1;684;470;1;469;249;220
040802-2;479;296;2;294;175;119
040802-3;644;360;1;359;229;130
040802-4;303;157;2;155;106;49
040802-5;306;168;2;166;92;74
040803-1;604;339;4;335;231;104
040803-2;750;464;0;464;342;122
040803-3;506;305;1;304;232;72
040803-4;499;278;2;276;203;73
040804-1;855;483;4;479;298;181
040804-2;879;575;4;571;357;214
040804-3;795;435;4;431;306;125
040804-4;462;261;3;258;165;93
040804-5;745;420;3;417;288;129
040804-6;732;448;3;445;272;173
040804-7;381;237;0;237;203;34
040804-8;383;255;3;252;152;100
040804-9;428;252;4;248;158;90
040804-10;443;226;0;226;167;59
040805-1;756;504;4;500;261;239
040805-2;970;599;12;587;314;273
040805-3;784;437;8;429;336;93
040805-4;756;420;1;419;310;109
040805-5;1419;776;5;771;512;259
040805-6;928;496;3;493;307;186
040806-1;1286;775;8;767;406;361
040806-2;437;264;3;261;180;81
040806-3;1167;705;4;701;490;211
040806-4;587;329;1;328;232;96
040806-5;1319;739;5;734;454;280
040806-6;1185;643;7;636;349;287
040806-7;1242;634;6;628;417;211
040806-8;746;441;5;436;309;127
040806-9;1081;650;8;642;395;247
040807-1;1303;891;3;888;450;438
040807-2;831;570;2;568;285;283
040807-3;854;498;2;496;340;156
040807-4;839;544;1;543;343;200
040807-5;416;212;1;211;152;59
040807-6;330;185;1;184;132;52
040807-7;806;445;2;443;287;156
040807-8;773;528;6;522;245;277
040808-1;972;613;6;607;354;253
040808-2;778;474;3;471;358;113
040808-3;569;291;1;290;218;72
040808-4;750;428;2;426;318;108
040808-5;570;374;2;372;306;66
040809-1;689;426;5;421;262;159
040809-2;263;152;2;150;90;60
040809-3;1052;628;1;627;316;311
040809-4;920;500;5;495;320;175
040809-5;401;199;1;198;136;62
040809-6;581;325;3;322;218;104
040809-7;303;166;2;164;103;61
040809-8;321;191;1;190;117;73
040809-9;310;163;2;161;96;65
040809-10;305;173;2;171;124;47
040809-11;69;55;2;53;9;44
040901-1;606;411;1;410;209;201
040901-2;508;313;7;306;167;139
040901-3;656;354;0;354;191;163
040901-4;484;272;3;269;163;106
040901-5;671;406;7;399;234;165
040901-6;679;430;0;430;279;151
040902-1;643;407;2;405;198;207
040902-2;582;351;0;351;254;97
040902-3;950;642;4;638;356;282
040902-4;828;478;1;477;322;155
040902-5;467;302;3;299;208;91
040902-6;435;259;4;255;181;74
040903-1;1402;947;9;938;366;572
040903-2;1249;775;3;772;406;366
040903-3;1323;859;9;850;406;444
040903-4;1249;862;4;858;334;524
040903-5;1493;1011;3;1008;467;541
040903-6;1529;1037;8;1029;435;594
040903-7;1593;1085;12;1073;490;583
040903-8;1107;676;3;673;409;264
040903-9;863;534;5;529;269;260
040903-10;503;304;4;300;166;134
040903-11;801;515;4;511;261;250
040903-12;1280;798;3;795;457;338
040903-13;744;411;0;411;272;139
040903-14;1418;849;3;846;466;380
040903-15;1151;693;9;684;369;315
040903-16;1001;568;5;563;331;232
040903-17;596;424;6;418;184;234
040903-18;49;34;0;34;21;13
040904-1;1349;827;2;825;389;436
040904-2;1140;757;4;753;344;409
040904-3;1373;846;9;837;420;417
040904-4;1165;655;5;650;368;282
040904-5;1033;577;4;573;354;219
040904-6;572;376;5;371;241;130
040904-7;555;308;0;308;194;114
040904-8;808;452;4;448;269;179
040904-9;667;386;8;378;256;122
040904-10;721;363;1;362;214;148
040904-11;21;8;0;8;6;2
041001-1;1412;882;5;877;415;462
041001-2;1375;862;7;855;418;437
041001-3;1318;848;8;840;413;427
041001-4;457;269;0;269;171;98
041001-5;548;351;0;351;243;108
041001-6;750;473;1;472;316;156
041001-7;937;639;0;639;349;290
041001-8;316;189;0;189;140;49
041001-9;664;374;1;373;220;153
041001-10;879;453;5;448;247;201
041001-11;569;301;3;298;210;88
041001-12;523;310;0;310;216;94
041001-13;323;182;2;180;119;61
041002-1;855;532;7;525;287;238
041002-2;360;209;2;207;100;107
041002-3;1057;584;8;576;275;301
041002-4;944;589;6;583;259;324
041002-5;600;375;5;370;235;135
041002-6;583;374;2;372;208;164
041002-7;526;311;1;310;178;132
041002-8;344;197;0;197;123;74
041002-9;460;261;3;258;170;88
041002-10;559;332;3;329;206;123
041002-11;585;347;3;344;261;83
041003-1;1917;1363;16;1347;578;769
041003-2;1426;1015;6;1009;420;589
041003-3;1634;1014;5;1009;500;509
041003-4;1148;697;8;689;376;313
041003-5;684;386;2;384;182;202
041003-6;1170;739;4;735;329;406
041003-7;762;475;12;463;238;225
041003-8;1213;737;6;731;383;348
041003-9;1251;840;4;836;359;477
041003-10;1139;821;5;816;338;478
041003-11;1011;711;3;708;272;436
041003-12;687;415;3;412;197;215
041003-13;687;395;2;393;216;177
041003-14;1968;1298;4;1294;648;646
041003-15;1363;920;11;909;340;569
041003-16;1370;885;9;876;347;529
041003-17;1185;775;17;758;373;385
041003-18;619;323;8;315;150;165
041003-19;874;563;6;557;273;284
041003-20;986;618;6;612;284;328
041003-21;143;89;0;89;46;43
041003-22;913;536;7;529;192;337
041003-23;60;6;0;6;5;1
041003-24;64;47;0;47;34;13
041004-1;805;506;0;506;244;262
041004-2;791;497;2;495;238;257
041004-3;440;256;3;253;131;122
041004-4;342;231;0;231;180;51
041004-5;467;238;0;238;160;78
041004-6;476;253;0;253;128;125
041004-7;456;271;2;269;190;79
041004-8;679;454;3;451;285;166
041004-9;538;344;2;342;178;164
041004-10;563;328;8;320;170;150
041005-1;977;685;10;675;315;360
041005-2;1036;695;11;684;290;394
041005-3;740;522;3;519;226;293
041005-4;950;655;2;653;243;410
041005-5;823;549;3;546;188;358
041005-6;741;425;4;421;188;233
041005-7;812;457;5;452;217;235
041005-8;1048;785;8;777;257;520
041005-9;1225;782;7;775;360;415
041005-10;1879;1257;11;1246;513;733
041005-11;1523;1029;7;1022;391;631
041005-12;791;486;3;483;218;265
041005-13;992;524;2;522;294;228
041005-14;858;510;4;506;234;272
041005-15;858;467;3;464;263;201
041005-16;706;397;2;395;250;145
041005-17;728;347;2;345;205;140
041005-18;865;584;4;580;377;203
041005-19;860;538;3;535;256;279
041005-20;42;21;0;21;10;11
041101-1;842;563;5;558;286;272
041101-2;868;573;3;570;300;270
041101-3;867;521;5;516;291;225
041101-4;872;619;3;616;308;308
041101-5;853;558;6;552;317;235
041101-6;188;90;1;89;67;22
041102-1;720;491;4;487;366;121
041102-2;445;292;1;291;203;88
041102-3;687;428;4;424;318;106
041102-4;618;409;2;407;288;119
041102-5;431;297;0;297;236;61
041103-1;1130;736;5;731;427;304
041103-2;505;315;3;312;188;124
041103-3;1162;673;5;668;504;164
041103-4;444;267;1;266;184;82
041103-5;183;98;1;97;78;19
041103-6;822;433;2;431;270;161
041104-1;1364;832;10;822;499;323
041104-2;873;537;8;529;408;121
041104-3;1266;871;9;862;418;444
041104-4;689;440;4;436;307;129
041104-5;738;424;2;422;336;86
041104-6;437;240;2;238;175;63
041104-7;429;218;2;216;140;76
041104-8;352;178;1;177;160;17
041105-1;1505;970;7;963;580;383
041105-2;931;551;3;548;308;240
041105-3;1028;647;5;642;409;233
041105-4;394;228;0;228;176;52
041105-5;459;303;4;299;251;48
041105-6;600;440;1;439;328;111
041105-7;590;436;4;432;271;161
041105-8;538;338;2;336;268;68
041105-9;448;276;3;273;178;95
041105-10;523;297;1;296;208;88
041105-11;545;333;5;328;259;69
041105-12;64;32;0;32;26;6
041106-1;767;469;1;468;350;118
041106-2;328;237;2;235;153;82
041106-3;394;217;3;214;122;92
041106-4;585;371;3;368;218;150
041106-5;581;350;2;348;239;109
041106-6;424;294;0;294;198;96
041106-7;445;278;0;278;150;128
041107-1;483;289;0;289;179;110
041107-2;790;455;4;451;304;147
041107-3;841;551;3;548;294;254
041107-4;685;495;2;493;275;218
041107-5;425;268;0;268;201;67
041107-6;456;363;2;361;169;192
041107-7;672;435;4;431;289;142
041201-1;791;505;1;504;278;226
041201-2;641;353;0;353;200;153
041201-3;759;461;2;459;248;211
041201-4;948;595;3;592;266;326
041201-5;1040;703;4;699;349;350
041201-6;801;561;0;561;250;311
041201-7;726;520;1;519;269;250
041201-8;836;592;6;586;256;330
041201-9;891;536;3;533;256;277
041201-10;727;516;5;511;209;302
041201-11;920;614;1;613;345;268
041201-12;746;475;3;472;194;278
041201-13;760;551;3;548;261;287
041201-14;836;387;3;384;216;168
041201-15;772;537;1;536;271;265
041201-16;83;37;1;36;21;15
041202-1;1019;604;3;601;338;263
041202-2;1056;599;3;596;421;175
041202-3;1029;639;3;636;441;195
041202-4;1147;725;8;717;413;304
041202-5;46;29;1;28;25;3
041203-1;899;600;6;594;419;175
041203-2;510;302;1;301;236;65
041203-3;597;346;4;342;233;109
041203-4;403;238;0;238;167;71
041203-5;920;515;2;513;385;128
041203-6;544;357;1;356;212;144
041204-1;970;554;5;549;361;188
041204-2;1531;925;4;921;515;406
041204-3;773;433;6;427;262;165
041204-4;845;455;3;452;324;128
041204-5;776;455;2;453;296;157
041204-6;974;596;4;592;359;233
041205-1;961;580;5;575;397;178
041205-2;890;588;7;581;354;227
041205-3;566;366;2;364;262;102
041205-4;745;503;3;500;364;136
041205-5;574;315;5;310;243;67
041205-6;897;549;4;545;439;106
041206-1;644;388;4;384;233;151
041206-2;379;188;2;186;110;76
041206-3;617;340;2;338;228;110
041206-4;592;350;5;345;260;85
041206-5;401;223;1;222;158;64
041206-6;588;359;5;354;225;129
041301-1;1007;612;3;609;281;328
041301-2;702;451;1;450;209;241
041301-3;803;439;4;435;262;173
041301-4;775;448;1;447;272;175
041301-5;840;496;4;492;272;220
041301-6;573;354;3;351;233;118
041301-7;496;318;1;317;184;133
041301-8;56;33;0;33;27;6
041302-1;754;439;1;438;217;221
041302-2;839;513;2;511;229;282
041302-3;779;536;5;531;236;295
041302-4;1104;746;6;740;299;441
041302-5;868;621;2;619;255;364
041302-6;788;538;1;537;202;335
041302-7;620;401;4;397;163;234
041302-8;594;436;4;432;143;289
041302-9;638;434;0;434;189;245
041302-10;960;502;5;497;281;216
041302-11;752;446;2;444;242;202
041302-12;704;463;4;459;253;206
041302-13;757;489;2;487;203;284
041302-14;932;526;2;524;311;213
041302-15;939;527;1;526;319;207
041303-1;694;400;0;400;241;159
041303-2;851;486;1;485;315;170
041303-3;666;431;4;427;227;200
041303-4;1052;593;2;591;399;192
041303-5;476;247;2;245;150;95
041304-1;1154;809;5;804;358;446
041304-2;1099;670;3;667;338;329
041304-3;720;465;2;463;221;242
041304-4;744;461;0;461;229;232
041304-5;720;393;1;392;189;203
041304-6;747;422;4;418;281;137
041304-7;570;332;2;330;199;131
041304-8;1217;720;12;708;402;306
041304-9;715;468;2;466;234;232
041304-10;640;354;2;352;231;121
041304-11;808;462;3;459;288;171
041304-12;884;564;0;564;271;293
041304-13;21;13;1;12;8;4
041304-14;74;29;0;29;19;10
041401-1;827;543;9;534;282;252
041401-2;568;381;0;381;226;155
041401-3;507;270;0;270;168;102
041401-4;614;352;5;347;210;137
041401-5;753;411;5;406;308;98
041401-6;585;349;3;346;252;94
041402-1;702;347;2;345;197;148
041402-2;968;608;4;604;292;312
041402-3;552;304;3;301;177;124
041402-4;667;406;5;401;248;153
041402-5;729;388;2;386;182;204
041402-6;640;413;2;411;169;242
041402-7;659;369;1;368;188;180
041402-8;482;335;1;334;113;221
041403-1;969;621;6;615;317;298
041403-2;524;324;1;323;226;97
041403-3;623;329;3;326;232;94
041403-4;990;604;4;600;385;215
041403-5;695;432;2;430;261;169
041404-1;1224;704;13;691;431;260
041404-2;1220;804;7;797;382;415
041404-3;1171;685;4;681;402;279
041404-4;1246;798;4;794;445;349
041404-5;439;254;1;253;151;102
041404-6;858;497;3;494;325;169
041405-1;649;404;1;403;248;155
041405-2;722;473;4;469;325;144
041405-3;801;564;5;559;296;263
041405-4;509;271;0;271;185;86
041405-5;707;488;0;488;248;240
041406-1;1035;676;2;674;314;360
041406-2;1266;740;2;738;377;361
041406-3;1227;707;4;703;343;360
041406-4;861;593;0;593;236;357
041406-5;646;383;2;381;211;170
041406-6;728;387;5;382;227;155
041406-7;561;256;2;254;152;102
041406-8;330;162;2;160;85;75
041406-9;564;294;1;293;147;146
041406-10;524;248;2;246;133;113
041407-1;1010;603;9;594;295;299
041407-2;784;402;4;398;204;194
041407-3;1067;743;6;737;352;385
041407-4;946;656;6;650;302;348
041407-5;856;530;2;528;258;270
041408-1;1208;859;4;855;386;469
041408-2;1289;854;7;847;406;441
041408-3;463;310;1;309;208;101
041408-4;1016;676;4;672;327;345
041408-5;597;378;4;374;245;129
041408-6;1032;598;2;596;346;250
041408-7;489;328;6;322;171;151
041408-8;1058;621;3;618;323;295
041408-9;90;41;2;39;33;6
041408-10;46;34;0;34;10;24
041409-1;1277;885;5;880;322;558
041409-2;1326;885;6;879;310;569
041409-3;927;456;5;451;232;219
041409-4;1140;654;5;649;266;383
041409-5;1293;725;6;719;309;410
041409-6;1136;806;6;800;345;455
041409-7;1556;1047;4;1043;407;636
041409-8;1024;692;6;686;289;397
041409-9;1607;1051;6;1045;380;665
041409-10;1641;1086;10;1076;455;621
041409-11;1115;774;12;762;302;460
041409-12;864;637;6;631;223;408
041409-13;1382;1031;10;1021;323;698
041409-14;992;697;5;692;282;410
041409-15;1016;526;3;523;271;252
041409-16;1113;678;3;675;340;335
041409-17;945;479;2;477;291;186
041409-18;1272;758;7;751;418;333
041409-19;1294;722;5;717;407;310
041409-20;1489;1085;11;1074;400;674
041409-21;111;79;0;79;52;27
041409-22;319;187;2;185;122;63
041409-23;35;30;0;30;29;1
041409-24;60;16;0;16;12;4
041410-1;598;425;5;420;209;211
041410-2;570;397;7;390;181;209
041410-3;517;306;6;300;165;135
041410-4;451;244;4;240;162;78
041410-5;356;201;2;199;133;66
041410-6;387;260;0;260;177;83
041411-1;1693;982;8;974;525;449
041411-2;580;306;4;302;180;122
041411-3;474;233;2;231;159;72
041411-4;576;324;2;322;151;171
041411-5;1012;556;3;553;358;195
041411-6;625;405;4;401;262;139
041501-1;1954;1114;12;1102;559;543
041501-2;1298;673;8;665;313;352
041501-3;1438;900;6;894;451;443
041501-4;2138;1326;15;1311;592;719
041501-5;722;477;4;473;183;290
041501-6;1372;923;5;918;447;471
041501-7;1583;1023;9;1014;426;588
041501-8;41;16;0;16;9;7
041502-1;802;465;2;463;274;189
041502-2;1058;660;2;658;379;279
041502-3;1626;994;8;986;532;454
041502-4;1097;613;8;605;400;205
041502-5;475;283;0;283;149;134
041502-6;1249;702;4;698;448;250
041502-7;603;382;4;378;201;177
041502-8;480;282;1;281;146;135
041502-9;110;57;8;49;41;8
041502-10;61;17;1;16;10;6
041503-1;1501;921;4;917;442;475
041503-2;1126;635;1;634;413;221
041503-3;969;535;3;532;371;161
041503-4;1454;850;5;845;496;349
041503-5;1142;729;4;725;329;396
041503-6;838;448;7;441;301;140
041504-1;1025;790;3;787;430;357
041504-2;708;455;1;454;253;201
041504-3;912;575;2;573;277;296
041504-4;1139;749;4;745;330;415
041504-5;824;550;5;545;332;213
041504-6;766;517;4;513;282;231
041504-7;1037;682;5;677;377;300
041504-8;1022;705;2;703;329;374
041504-9;1242;854;4;850;331;519
041504-10;1134;807;9;798;348;450
041504-11;834;604;1;603;243;360
041504-12;1064;793;7;786;383;403
041504-13;953;697;10;687;320;367
041504-14;1400;1024;9;1015;395;620
041504-15;880;675;4;671;218;453
041505-1;1484;971;15;956;564;392
041505-2;1067;759;14;745;364;381
041505-3;1307;968;14;954;362;592
041505-4;835;542;2;540;281;259
041505-5;787;516;3;513;283;230
041506-1;2140;1345;10;1335;703;632
041506-2;1652;1007;10;997;529;468
041506-3;1688;1261;8;1253;424;829
041506-4;1100;735;7;728;265;463
041506-5;1182;856;7;849;308;541
041507-1;1657;1238;8;1230;505;725
041507-2;2130;1567;9;1558;657;901
041507-3;1243;818;11;807;484;323
041507-4;2072;1421;16;1405;860;545
041507-5;2182;1458;14;1444;776;668
041507-6;2567;1799;14;1785;683;1102
041507-7;1108;854;11;843;288;555
041508-1;1003;781;8;773;287;486
041508-2;826;561;0;561;203;358
041508-3;943;658;8;650;248;402
041508-4;770;561;4;557;228;329
041508-5;154;90;0;90;43;47
041508-6;78;36;2;34;27;7
041509-1;1518;975;7;968;458;510
041509-2;1312;742;1;741;437;304
041509-3;977;572;2;570;330;240
041509-4;1439;844;5;839;390;449
041509-5;2302;1795;15;1780;545;1235
041509-6;1371;970;10;960;370;590
041509-7;871;586;6;580;189;391
041509-8;871;562;3;559;266;293
041601-1;763;514;7;507;299;208
041601-2;916;575;1;574;384;190
041601-3;893;557;5;552;347;205
041601-4;669;442;6;436;261;175
041601-5;1142;805;5;800;419;381
041601-6;1109;751;12;739;384;355
041602-1;535;321;2;319;211;108
041602-2;437;256;3;253;147;106
041602-3;646;405;3;402;196;206
041602-4;846;524;5;519;283;236
041602-5;868;556;3;553;376;177
041602-6;693;325;4;321;207;114
041603-1;685;452;7;445;249;196
041603-2;425;260;0;260;177;83
041603-3;717;413;3;410;259;151
041603-4;381;217;3;214;154;60
041603-5;782;519;2;517;334;183
041603-6;451;292;0;292;198;94
041604-1;621;425;3;422;306;116
041604-2;660;438;3;435;251;184
041604-3;896;607;4;603;360;243
041604-4;617;411;3;408;247;161
041604-5;484;284;2;282;193;89
041604-6;593;393;7;386;241;145
041604-7;905;551;5;546;305;241
041605-1;698;466;5;461;300;161
041605-2;1112;820;7;813;495;318
041605-3;601;393;4;389;271;118
041605-4;912;627;7;620;339;281
041605-5;825;567;8;559;304;255
041605-6;613;450;6;444;253;191
041606-1;1153;729;6;723;387;336
041606-2;1181;837;8;829;391;438
041606-3;863;576;8;568;296;272
041606-4;843;528;4;524;268;256
041606-5;958;655;3;652;290;362
041606-6;1107;719;3;716;350;366
041606-7;1066;674;4;670;317;353
041606-8;1009;641;7;634;309;325
041606-9;1140;779;9;770;310;460
041606-10;494;334;3;331;182;149
041606-11;469;299;3;296;186;110
041606-12;740;425;2;423;241;182
041606-13;692;421;8;413;265;148
041606-14;280;156;1;155;108;47
041606-15;1101;764;6;758;510;248
041606-16;918;628;0;628;314;314
041606-17;1070;652;8;644;358;286
041606-18;311;191;4;187;104;83
041606-19;38;30;0;30;29;1
041606-20;72;20;0;20;15;5
041701-1;690;405;4;401;158;243
041701-2;1414;917;8;909;376;533
041701-3;645;496;1;495;149;346
041701-4;1415;902;8;894;368;526
041701-5;567;305;0;305;139;166
041701-6;1231;828;9;819;338;481
041701-7;638;359;4;355;137;218
041701-8;1365;808;4;804;310;494
041701-9;1337;799;3;796;352;444
041701-10;626;440;3;437;188;249
041701-11;76;21;1;20;15;5
041702-1;860;497;2;495;291;204
041702-2;717;397;4;393;272;121
041702-3;876;487;1;486;314;172
041703-1;948;569;5;564;322;242
041703-2;935;548;8;540;288;252
041703-3;716;391;5;386;234;152
041703-4;632;364;5;359;242;117
041704-1;764;486;2;484;251;233
041704-2;740;416;6;410;251;159
041704-3;1147;644;4;640;377;263
041704-4;1058;598;6;592;329;263
041705-1;818;493;1;492;261;231
041705-2;1734;1042;9;1033;635;398
041705-3;966;486;6;480;263;217
041705-4;763;483;5;478;263;215
041705-5;1154;646;5;641;432;209
041705-6;711;420;1;419;220;199
041705-7;519;291;3;288;160;128
041801-1;939;631;8;623;334;289
041801-2;886;584;8;576;257;319
041801-3;867;586;8;578;272;306
041801-4;72;67;1;66;58;8
041802-1;694;490;4;486;272;214
041802-2;698;410;8;402;277;125
041802-3;534;322;3;319;224;95
041802-4;1047;715;4;711;382;329
041802-5;40;30;0;30;23;7
041803-1;794;571;9;562;339;223
041803-2;635;465;15;450;294;156
041803-3;469;379;10;369;247;122
041803-4;562;397;11;386;261;125
041803-5;339;225;3;222;156;66
041804-1;1077;696;3;693;282;411
041804-2;1443;825;7;818;387;431
041804-3;985;598;7;591;357;234
041804-4;2043;1419;10;1409;637;772
041804-5;789;447;2;445;291;154
041804-6;628;338;3;335;222;113
041804-7;743;474;1;473;262;211
041804-8;475;295;2;293;169;124
041804-9;1058;611;5;606;288;318
041805-1;1490;858;6;852;482;370
041805-2;958;534;3;531;329;202
041805-3;827;474;4;470;279;191
041805-4;1113;621;8;613;326;287
041805-5;420;235;1;234;165;69
041805-6;423;241;1;240;171;69
041805-7;428;244;4;240;124;116
041805-8;784;440;4;436;325;111
041805-9;36;31;1;30;16;14
041806-1;1005;685;7;678;357;321
041806-2;613;434;6;428;216;212
041806-3;972;581;3;578;370;208
041806-4;1105;634;1;633;413;220
041806-5;872;507;4;503;293;210
041806-6;693;334;1;333;246;87
041807-1;1748;1269;5;1264;405;859
041807-2;1604;935;11;924;469;455
041807-3;1340;849;4;845;476;369
041807-4;1473;850;5;845;433;412
041807-5;1433;915;7;908;379;529
041808-1;1251;778;6;772;466;306
041808-2;1337;844;12;832;609;223
041808-3;734;482;3;479;329;150
041808-4;1099;647;3;644;531;113
041808-5;802;475;4;471;273;198
041808-6;828;501;5;496;435;61
041809-1;1314;794;2;792;496;296
041809-2;689;414;3;411;262;149
041809-3;428;284;2;282;151;131
041809-4;806;462;3;459;321;138
041810-1;619;386;0;386;254;132
041810-2;936;681;7;674;408;266
041810-3;807;532;1;531;309;222
041810-4;738;480;3;477;374;103
041810-5;510;354;2;352;251;101
041811-1;1104;709;12;697;391;306
041811-2;741;404;1;403;276;127
041811-3;889;503;1;502;348;154
041811-4;448;267;1;266;193;73
041811-5;427;241;2;239;175;64
041811-6;633;313;0;313;228;85
041811-7;475;301;3;298;204;94
041811-8;453;226;0;226;156;70
041811-9;753;431;5;426;342;84
041812-1;1421;929;3;926;480;446
041812-2;1428;921;6;915;508;407
041812-3;1627;991;2;989;628;361
041812-4;562;325;1;324;232;92
041812-5;1413;884;7;877;605;272
041812-6;546;330;6;324;238;86
041812-7;574;375;2;373;255;118
041813-1;329;235;3;232;130;102
041813-2;966;575;1;574;307;267
041813-3;864;543;6;537;277;260
041813-4;631;440;4;436;235;201
041813-5;1299;868;4;864;430;434
041813-6;1772;1198;4;1194;558;636
041901-1;975;631;2;629;267;362
041901-2;803;573;4;569;217;352
041901-3;518;292;0;292;105;187
041901-4;665;427;2;425;161;264
041901-5;672;433;3;430;166;264
041901-6;636;395;3;392;121;271
041901-7;569;384;3;381;158;223
041901-8;644;473;0;473;178;295
041901-9;650;420;8;412;161;251
041901-10;702;459;3;456;190;266
041901-11;776;372;1;371;192;179
041901-12;574;316;1;315;155;160
041901-13;994;664;3;661;316;345
041901-14;1034;634;7;627;315;312
041901-15;788;478;6;472;243;229
041902-1;903;579;6;573;305;268
041902-2;809;510;3;507;279;228
041902-3;761;491;8;483;332;151
041902-4;301;185;0;185;94;91
041902-5;951;651;8;643;340;303
041902-6;597;378;6;372;251;121
041903-1;841;573;2;571;272;299
041903-2;830;520;6;514;236;278
041903-3;450;312;3;309;149;160
041903-4;914;595;5;590;317;273
041903-5;459;268;6;262;165;97
041903-6;417;256;3;253;165;88
041903-7;438;255;2;253;165;88
041903-8;222;117;2;115;85;30
041903-9;256;160;0;160;82;78
041903-10;542;313;2;311;176;135
041903-11;473;289;3;286;143;143
041903-12;483;302;2;300;182;118
041903-13;534;345;9;336;192;144
041903-14;50;43;0;43;35;8
041904-1;940;590;3;587;285;302
041904-2;997;621;6;615;306;309
041904-3;1025;686;5;681;346;335
041904-4;502;313;4;309;158;151
041904-5;658;388;4;384;200;184
041904-6;460;269;4;265;201;64
041904-7;736;474;5;469;245;224
041904-8;653;422;4;418;185;233
041904-9;434;277;1;276;139;137
041904-10;529;318;1;317;175;142
041904-11;509;290;1;289;169;120
041904-12;356;201;2;199;108;91
041905-1;1017;709;5;704;339;365
041905-2;786;548;12;536;252;284
041905-3;596;383;2;381;252;129
041905-4;778;511;6;505;301;204
041905-5;740;494;6;488;307;181
041905-6;796;497;4;493;295;198
041905-7;589;391;3;388;267;121
041906-1;819;537;6;531;197;334
041906-2;987;689;11;678;324;354
041906-3;913;646;9;637;317;320
041906-4;747;503;4;499;224;275
041906-5;717;466;5;461;233;228
041906-6;1004;688;10;678;300;378
041906-7;1043;693;6;687;292;395
041906-8;909;555;3;552;284;268
041906-9;826;516;3;513;245;268
041906-10;1117;724;3;721;331;390
041906-11;897;604;7;597;284;313
041906-12;994;641;6;635;326;309
041906-13;742;468;4;464;311;153
041906-14;938;491;5;486;304;182
041906-15;642;398;6;392;256;136
041906-16;1028;619;5;614;381;233
041906-17;734;421;3;418;267;151
041906-18;1080;734;4;730;447;283
041906-19;804;497;3;494;294;200
041906-20;938;524;5;519;308;211
041906-21;885;523;0;523;343;180
041906-22;110;35;0;35;20;15
041906-23;72;42;1;41;34;7
046101-1;1903;1461;22;1439;598;841
046101-2;937;665;2;663;266;397
046101-3;1878;1311;15;1296;555;741
046101-4;973;641;4;637;238;399
046101-5;841;503;3;500;164;336
046101-6;1437;959;13;946;390;556
046101-7;1552;840;8;832;317;515
046101-8;1687;1064;4;1060;424;636
046101-9;887;528;5;523;226;297
046101-10;2270;1638;11;1627;602;1025
046101-11;919;633;6;627;243;384
046101-12;1757;1216;11;1205;515;690
046101-13;2269;1757;16;1741;584;1157
046101-14;1530;1158;11;1147;437;710
046101-15;2114;1576;7;1569;574;995
046101-16;1812;1429;12;1417;439;978
046101-17;1636;1130;9;1121;507;614
046101-18;1758;1355;17;1338;472;866
046101-19;1223;913;10;903;322;581
046101-20;1574;1160;10;1150;466;684
046101-21;739;530;0;530;153;377
046101-22;1451;1082;6;1076;311;765
046101-23;1227;860;8;852;295;557
046101-24;1689;1157;7;1150;344;806
046101-25;926;665;5;660;210;450
046101-26;1267;969;13;956;313;643
046101-27;822;588;6;582;216;366
046101-28;2348;1724;17;1707;488;1219
046101-29;1244;872;9;863;312;551
046101-30;1037;824;7;817;215;602
046101-31;1054;727;4;723;272;451
046101-32;929;682;6;676;235;441
046101-33;841;635;5;630;173;457
046101-34;1732;1202;11;1191;401;790
046101-35;1177;817;5;812;331;481
046101-36;1597;1193;6;1187;397;790
046101-37;1145;876;7;869;267;602
046101-38;1325;909;8;901;380;521
046101-39;967;763;6;757;287;470
046101-40;1177;942;7;935;285;650
046101-41;1667;1299;11;1288;431;857
046101-42;1064;805;4;801;276;525
046101-43;1153;852;3;849;297;552
046101-44;1355;991;7;984;316;668
046101-45;1798;1265;11;1254;447;807
046101-46;1393;972;5;967;377;590
046101-47;1260;913;7;906;350;556
046101-48;1345;1000;8;992;379;613
046101-49;708;473;5;468;206;262
046101-50;1029;577;4;573;282;291
046101-51;1066;692;5;687;319;368
046101-52;941;656;3;653;172;481
046101-53;1302;954;4;950;361;589
046101-54;855;658;3;655;185;470
046101-55;892;679;5;674;272;402
046101-56;1262;927;7;920;339;581
046101-57;611;470;5;465;170;295
046101-58;983;748;4;744;252;492
046101-59;1981;1524;17;1507;416;1091
046101-60;1414;1050;4;1046;357;689
046101-61;2200;1605;8;1597;631;966
046101-62;1232;891;11;880;345;535
046101-63;1110;810;4;806;344;462
046101-64;1271;917;7;910;391;519
046101-65;1355;975;9;966;358;608
046101-66;934;688;7;681;251;430
046101-67;1427;1030;8;1022;422;600
046101-68;1132;805;10;795;340;455
046101-69;1244;933;4;929;344;585
046101-70;795;530;4;526;200;326
046101-71;1585;1095;7;1088;461;627
046101-72;1762;1285;11;1274;484;790
046101-73;746;531;5;526;222;304
046101-74;1531;1071;9;1062;425;637
046101-75;1789;1351;18;1333;475;858
046101-76;1047;708;3;705;239;466
046101-77;852;618;6;612;265;347
046101-78;928;643;6;637;241;396
046101-79;871;674;9;665;165;500
046101-80;1210;862;5;857;318;539
046101-81;1856;1374;11;1363;417;946
046101-82;1941;1398;8;1390;547;843
046101-83;906;676;3;673;239;434
046101-84;1165;783;3;780;277;503
046101-85;1700;1203;16;1187;426;761
046101-86;2371;1816;13;1803;545;1258
046101-87;1679;1113;7;1106;484;622
046101-88;1955;1335;9;1326;478;848
046101-89;1266;815;11;804;315;489
046101-90;335;191;3;188;97;91
046101-91;1558;1109;13;1096;377;719
046101-92;1087;729;3;726;302;424
046101-93;752;520;7;513;215;298
046101-94;964;695;8;687;212;475
046101-95;1344;843;4;839;364;475
046101-96;1612;1181;14;1167;474;693
046101-97;1629;1106;6;1100;463;637
046101-98;1201;812;3;809;325;484
046101-99;1469;1002;4;998;364;634
046101-100;1240;721;9;712;332;380
046101-101;954;577;3;574;254;320
046101-102;1048;746;6;740;272;468
046101-103;1843;1313;18;1295;479;816
046101-104;1128;767;4;763;340;423
046101-105;1758;1289;13;1276;482;794
046101-106;1628;1155;8;1147;441;706
046101-107;1740;1284;15;1269;566;703
046101-108;2106;1546;10;1536;669;867
046101-109;2292;1681;19;1662;596;1066
046101-110;1239;766;9;757;297;460
046101-111;807;600;4;596;200;396
046101-112;774;554;10;544;184;360
046101-113;1420;1009;15;994;393;601
046101-114;1392;878;8;870;347;523
046101-115;1816;1217;7;1210;435;775
046101-116;1890;1299;9;1290;513;777
046101-117;1934;1474;7;1467;533;934
046101-118;1394;1009;13;996;330;666
046101-119;1242;839;11;828;321;507
046101-120;727;526;5;521;166;355
046101-121;1368;1011;7;1004;366;638
046101-122;1900;1380;11;1369;492;877
046101-123;1133;813;5;808;309;499
046101-124;1112;830;8;822;286;536
046101-125;874;599;3;596;208;388
046101-126;1524;1183;8;1175;404;771
046101-127;1150;801;2;799;241;558
046101-128;2220;1683;13;1670;517;1153
046101-129;1127;887;12;875;287;588
046101-130;1810;1418;11;1407;445;962
046101-131;622;463;2;461;136;325
046101-132;1721;1248;8;1240;441;799
046101-133;1749;1265;8;1257;454;803
046101-134;1407;1057;9;1048;393;655
046101-135;1512;1086;8;1078;405;673
046101-136;1822;1336;7;1329;451;878
046101-137;991;576;7;569;208;361
046101-138;1817;1339;19;1320;471;849
046101-139;1514;1106;5;1101;456;645
046101-140;1608;1265;16;1249;437;812
046101-141;1283;915;6;909;309;600
046101-142;1303;968;13;955;375;580
046101-143;1292;927;6;921;310;611
046101-144;1441;1085;8;1077;432;645
046101-145;1217;909;9;900;311;589
046101-146;1715;1252;9;1243;421;822
046101-147;1600;1187;6;1181;388;793
046101-148;1620;1169;10;1159;390;769
046101-149;1528;1083;4;1079;377;702
046101-150;1600;1092;14;1078;374;704
046101-151;1571;1138;10;1128;423;705
046101-152;1696;1295;6;1289;376;913
046101-153;1447;1123;14;1109;403;706
046101-154;1221;742;10;732;321;411
046101-155;1349;838;11;827;337;490
046101-156;1236;747;6;741;334;407
046101-157;1469;976;5;971;387;584
046101-158;1616;1200;6;1194;456;738
046101-159;1456;1037;7;1030;388;642
046101-160;1655;1228;10;1218;485;733
046101-161;1035;635;3;632;249;383
046101-162;1811;1286;13;1273;502;771
046101-163;1311;928;9;919;364;555
046101-164;1123;790;7;783;296;487
046101-165;1336;896;4;892;446;446
046101-166;1073;744;3;741;282;459
046101-167;871;484;3;481;270;211
046101-168;1333;753;2;751;388;363
046101-169;693;461;6;455;204;251
046101-170;1514;888;7;881;367;514
046101-171;1430;816;5;811;339;472
046101-172;1064;610;4;606;208;398
046101-173;1099;586;4;582;236;346
046101-174;1087;580;5;575;224;351
046101-175;721;343;2;341;160;181
046101-176;1189;669;1;668;250;418
046101-177;1040;642;6;636;234;402
046101-178;978;590;1;589;242;347
046101-179;1030;629;2;627;252;375
046101-180;1256;679;4;675;281;394
046101-181;544;322;3;319;139;180
046101-182;1129;793;7;786;237;549
046101-183;1393;912;6;906;275;631
046101-184;1159;716;2;714;289;425
046101-185;1000;621;11;610;212;398
046101-186;1064;723;4;719;261;458
046101-187;483;305;3;302;127;175
046101-188;1448;927;7;920;401;519
046101-189;923;550;5;545;193;352
046101-190;135;78;4;74;61;13
046101-191;60;40;1;39;24;15
046101-192;168;60;1;59;33;26
046101-193;557;311;7;304;162;142
046101-194;290;184;1;183;87;96
046101-195;337;110;3;107;46;61
046101-196;123;59;0;59;28;31
046101-197;78;39;0;39;25;14
046101-198;56;24;1;23;14;9
046101-199;329;130;0;130;58;72
046101-200;125;25;0;25;13;12
046101-201;28;10;0;10;3;7
046101-202;37;35;0;35;23;12
046101-203;388;272;1;271;108;163
046101-204;568;375;4;371;94;277
046201-1;1325;892;9;883;308;575
046201-2;2001;1442;6;1436;574;862
046201-3;1829;1154;9;1145;517;628
046201-4;883;492;4;488;252;236
046201-5;958;576;6;570;244;326
046201-6;1574;1017;8;1009;459;550
046201-7;951;605;0;605;265;340
046201-8;1092;663;6;657;271;386
046201-9;1323;731;5;726;314;412
046201-10;1745;902;8;894;411;483
046201-11;1130;620;11;609;284;325
046201-12;472;263;0;263;100;163
046201-13;664;400;8;392;172;220
046201-14;2008;1305;6;1299;524;775
046201-15;899;623;5;618;227;391
046201-16;749;486;8;478;250;228
046201-17;1708;1078;10;1068;478;590
046201-18;1528;921;8;913;403;510
046201-19;1114;576;3;573;283;290
046201-20;924;480;3;477;199;278
046201-21;643;336;6;330;141;189
046201-22;579;297;0;297;144;153
046201-23;768;404;3;401;220;181
046201-24;881;504;4;500;220;280
046201-25;1423;867;10;857;352;505
046201-26;1354;817;5;812;375;437
046201-27;1187;682;4;678;288;390
046201-28;1291;869;3;866;357;509
046201-29;1263;895;6;889;368;521
046201-30;1753;1204;10;1194;433;761
046201-31;1779;1203;15;1188;447;741
046201-32;1694;1192;6;1186;455;731
046201-33;1841;1206;3;1203;481;722
046201-34;623;321;2;319;143;176
046201-35;1730;1102;8;1094;455;639
046201-36;1308;802;2;800;324;476
046201-37;947;591;3;588;253;335
046201-38;1853;1257;13;1244;480;764
046201-39;1650;1182;11;1171;451;720
046201-40;1172;800;7;793;295;498
046201-41;1451;980;6;974;398;576
046201-42;1582;1050;3;1047;428;619
046201-43;1937;1268;9;1259;481;778
046201-44;1739;1184;8;1176;556;620
046201-45;1646;1181;14;1167;396;771
046201-46;1414;1004;4;1000;398;602
046201-47;1763;1209;6;1203;491;712
046201-48;1374;847;9;838;399;439
046201-49;1912;1257;10;1247;578;669
046201-50;118;71;6;65;58;7
046201-51;95;50;0;50;41;9
046201-52;358;178;3;175;82;93
046201-53;1035;682;13;669;189;480
046201-54;308;224;6;218;58;160
046201-55;52;37;0;37;12;25
046301-1;2084;1439;15;1424;570;854
046301-2;1790;1130;17;1113;427;686
046301-3;678;423;5;418;131;287
046301-4;1955;1365;12;1353;447;906
046301-5;2358;1627;15;1612;542;1070
046301-6;1909;1219;9;1210;429;781
046301-7;2233;1636;11;1625;551;1074
046301-8;2702;2094;19;2075;592;1483
046301-9;643;437;3;434;195;239
046301-10;1704;1207;12;1195;465;730
046301-11;1862;1492;11;1481;446;1035
046301-12;1609;1171;8;1163;463;700
046301-13;1005;709;4;705;271;434
046301-14;950;681;6;675;314;361
046301-15;1362;1015;9;1006;417;589
046301-16;1779;1274;9;1265;499;766
046301-17;1599;1210;10;1200;525;675
046301-18;1454;1111;3;1108;453;655
046301-19;1569;1116;5;1111;446;665
046301-20;922;632;3;629;278;351
046301-21;1206;904;2;902;341;561
046301-22;1183;929;6;923;351;572
046301-23;1015;762;6;756;303;453
046301-24;1105;783;6;777;321;456
046301-25;1036;774;7;767;286;481
046301-26;1188;821;7;814;315;499
046301-27;1542;974;16;958;294;664
046301-28;2068;1454;18;1436;498;938
046301-29;781;482;3;479;168;311
046301-30;1456;977;8;969;361;608
046301-31;1089;742;6;736;324;412
046301-32;802;507;3;504;191;313
046301-33;1556;1013;11;1002;418;584
046301-34;739;483;2;481;210;271
046301-35;1721;1190;8;1182;379;803
046301-36;869;523;11;512;175;337
046301-37;838;557;9;548;176;372
046301-38;1031;728;4;724;253;471
046301-39;1081;709;5;704;250;454
046301-40;1075;752;9;743;287;456
046301-41;1224;691;8;683;247;436
046301-42;1322;1019;15;1004;378;626
046301-43;899;633;7;626;233;393
046301-44;833;579;9;570;223;347
046301-45;845;633;7;626;217;409
046301-46;1729;1314;7;1307;444;863
046301-47;526;437;1;436;118;318
046301-48;2151;1599;14;1585;732;853
046301-49;1454;1055;11;1044;375;669
046301-50;429;216;3;213;63;150
046301-51;828;527;6;521;189;332
046301-52;435;263;2;261;79;182
046301-53;641;371;6;365;133;232
046301-54;858;498;5;493;178;315
046301-55;737;400;3;397;160;237
046301-56;626;358;2;356;114;242
046301-57;1896;1388;7;1381;380;1001
046301-58;1549;1151;14;1137;392;745
046301-59;1420;1022;8;1014;373;641
046301-60;850;531;2;529;175;354
046301-61;1074;755;3;752;245;507
046301-62;1554;1110;6;1104;374;730
046301-63;1564;1150;8;1142;379;763
046301-64;1288;920;9;911;354;557
046301-65;1576;1149;13;1136;371;765
046301-66;2171;1641;12;1629;520;1109
046301-67;1865;1502;7;1495;467;1028
046301-68;1538;1166;17;1149;402;747
046301-69;2059;1535;17;1518;479;1039
046301-70;2108;1513;13;1500;623;877
046301-71;2213;1664;11;1653;653;1000
046301-72;2191;1704;11;1693;501;1192
046301-73;2199;1746;17;1729;607;1122
046301-74;1682;1429;13;1416;354;1062
046301-75;1384;913;7;906;351;555
046301-76;594;309;2;307;179;128
046301-77;625;373;1;372;180;192
046301-78;389;221;1;220;73;147
046301-79;1462;1001;6;995;363;632
046301-80;897;683;6;677;233;444
046301-81;1512;1087;8;1079;443;636
046301-82;707;421;2;419;186;233
046301-83;1053;730;2;728;295;433
046301-84;1319;926;6;920;331;589
046301-85;1217;834;7;827;309;518
046301-86;857;576;4;572;228;344
046301-87;754;542;9;533;213;320
046301-88;1838;1374;16;1358;373;985
046301-89;1558;1051;2;1049;320;729
046301-90;1177;871;8;863;271;592
046301-91;1382;866;3;863;376;487
046301-92;385;209;5;204;83;121
046301-93;1963;1477;15;1462;412;1050
046301-94;1382;1001;6;995;409;586
046301-95;1210;830;4;826;294;532
046301-96;1538;1121;9;1112;449;663
046301-97;680;528;6;522;200;322
046301-98;1414;1043;7;1036;422;614
046301-99;1029;758;2;756;322;434
046301-100;1182;855;5;850;315;535
046301-101;689;524;3;521;166;355
046301-102;1275;905;1;904;375;529
046301-103;1141;799;5;794;392;402
046301-104;1204;861;8;853;328;525
046301-105;1781;1264;6;1258;476;782
046301-106;1192;815;3;812;411;401
046301-107;1203;861;4;857;374;483
046301-108;1111;788;3;785;325;460
046301-109;1242;806;11;795;404;391
046301-110;2013;1326;10;1316;519;797
046301-111;1117;846;8;838;310;528
046301-112;1395;1025;4;1021;417;604
046301-113;139;124;2;122;43;79
046301-114;150;96;1;95;53;42
046301-115;254;114;4;110;39;71
046301-116;51;37;1;36;18;18
046301-117;50;22;0;22;13;9
046301-118;75;40;1;39;31;8
046301-119;24;22;0;22;9;13
046301-120;148;95;1;94;75;19
046301-121;42;18;0;18;14;4
046301-122;40;39;1;38;15;23
046301-123;7;4;0;4;1;3
046401-1;1182;712;2;710;325;385
046401-2;846;424;0;424;229;195
046401-3;1149;586;5;581;286;295
046401-4;1188;559;1;558;291;267
046401-5;938;540;2;538;229;309
046401-6;908;511;5;506;212;294
046401-7;1356;802;5;797;297;500
046401-8;1390;821;3;818;335;483
046401-9;1448;818;6;812;333;479
046401-10;1669;1012;6;1006;403;603
046401-11;1544;1038;4;1034;407;627
046401-12;1290;854;9;845;327;518
046401-13;1026;707;4;703;261;442
046401-14;1504;969;10;959;416;543
046401-15;1313;815;6;809;357;452
046401-16;1600;856;6;850;313;537
046401-17;2005;1389;15;1374;505;869
046401-18;1526;1023;5;1018;370;648
046401-19;1374;868;8;860;344;516
046401-20;1297;833;7;826;370;456
046401-21;1010;669;3;666;258;408
046401-22;1275;856;2;854;347;507
046401-23;1136;750;2;748;266;482
046401-24;1343;986;9;977;361;616
046401-25;1322;910;10;900;298;602
046401-26;959;570;1;569;245;324
046401-27;507;306;2;304;117;187
046401-28;1533;952;4;948;351;597
046401-29;1509;1007;7;1000;403;597
046401-30;1566;1004;9;995;454;541
046401-31;1729;1146;8;1138;426;712
046401-32;1042;728;4;724;298;426
046401-33;1253;842;5;837;339;498
046401-34;1040;664;5;659;267;392
046401-35;1627;1024;11;1013;436;577
046401-36;1085;759;3;756;322;434
046401-37;966;637;2;635;259;376
046401-38;1214;815;8;807;301;506
046401-39;1455;1021;7;1014;418;596
046401-40;1348;1000;7;993;355;638
046401-41;1275;938;5;933;344;589
046401-42;1389;945;5;940;347;593
046401-43;1340;929;8;921;315;606
046401-44;1002;712;8;704;275;429
046401-45;1314;926;6;920;382;538
046401-46;1195;875;8;867;323;544
046401-47;1515;1042;15;1027;386;641
046401-48;1632;1181;13;1168;412;756
046401-49;1545;1123;8;1115;386;729
046401-50;1584;1107;11;1096;371;725
046401-51;1024;562;2;560;247;313
046401-52;1476;927;11;916;348;568
046401-53;1524;980;9;971;408;563
046401-54;1161;821;2;819;296;523
046401-55;1742;1204;6;1198;448;750
046401-56;1169;805;4;801;333;468
046401-57;1207;862;4;858;323;535
046401-58;1212;844;7;837;292;545
046401-59;1488;1003;12;991;392;599
046401-60;1117;726;6;720;282;438
046401-61;1144;794;4;790;311;479
046401-62;1232;838;5;833;402;431
046401-63;871;365;0;365;210;155
046401-64;53;31;1;30;24;6
046401-65;50;34;3;31;22;9
046401-66;37;33;1;32;9;23
046401-67;324;70;1;69;37;32
046401-68;1200;667;23;644;188;456
060101-1;1495;903;10;893;587;306
060101-2;679;392;1;391;293;98
060101-3;728;476;6;470;304;166
060101-4;812;563;1;562;384;178
060101-5;1697;1181;9;1172;801;371
060101-6;1763;1137;8;1129;748;381
060101-7;941;650;1;649;457;192
060101-8;1867;1264;12;1252;833;419
060101-9;805;519;5;514;325;189
060101-10;2154;1488;13;1475;930;545
060101-11;54;44;0;44;37;7
060102-1;1687;1102;13;1089;596;493
060102-2;1343;874;8;866;496;370
060102-3;1318;910;10;900;552;348
060103-1;612;400;6;394;246;148
060103-2;662;384;1;383;292;91
060103-3;1251;920;9;911;462;449
060103-4;407;234;1;233;175;58
060103-5;461;294;4;290;208;82
060103-6;1001;708;7;701;426;275
060103-7;449;307;4;303;183;120
060103-8;290;203;1;202;148;54
060103-9;1712;1161;17;1144;731;413
060103-10;603;392;4;388;243;145
060103-11;1262;781;7;774;592;182
060103-12;694;479;8;471;291;180
060103-13;618;442;2;440;331;109
060103-14;990;646;7;639;447;192
060103-15;139;93;7;86;70;16
060104-1;1695;1038;18;1020;766;254
060104-2;791;483;8;475;387;88
060104-3;881;575;4;571;451;120
060104-4;589;320;4;316;249;67
060104-5;309;186;0;186;151;35
060105-1;498;291;2;289;227;62
060105-2;279;160;1;159;106;53
060105-3;1482;944;13;931;546;385
060105-4;553;338;2;336;254;82
060105-5;1396;868;6;862;557;305
060106-1;1650;1056;12;1044;686;358
060106-2;376;206;6;200;152;48
060106-3;356;195;5;190;141;49
060106-4;244;152;1;151;104;47
060106-5;289;195;0;195;117;78
060106-6;83;38;0;38;23;15
060107-1;1074;710;7;703;423;280
060107-2;1097;666;7;659;489;170
060107-3;205;146;0;146;106;40
060107-4;746;437;3;434;371;63
060107-5;80;55;3;52;42;10
060108-1;1644;1056;10;1046;799;247
060108-2;639;389;2;387;291;96
060108-3;337;240;2;238;194;44
060108-4;750;500;9;491;380;111
060109-1;544;341;2;339;242;97
060109-2;425;273;1;272;239;33
060109-3;366;216;3;213;159;54
060109-4;2075;1332;11;1321;932;389
060109-5;199;120;5;115;98;17
060109-6;219;156;0;156;137;19
060109-7;197;112;0;112;85;27
060110-1;763;532;1;531;437;94
060110-2;663;446;5;441;347;94
060110-3;739;479;2;477;394;83
060110-4;726;528;6;522;453;69
060110-5;417;315;0;315;275;40
060110-6;362;267;3;264;230;34
060110-7;455;322;1;321;267;54
060110-8;645;393;0;393;303;90
060110-9;584;411;1;410;326;84
060110-10;1044;720;8;712;587;125
060110-11;912;565;5;560;481;79
060110-12;729;494;4;490;344;146
060111-1;749;451;4;447;270;177
060111-2;501;247;1;246;196;50
060111-3;763;396;1;395;296;99
060111-4;1668;915;5;910;685;225
060111-5;722;371;1;370;288;82
060111-6;1240;611;5;606;503;103
060112-1;1115;725;9;716;516;200
060112-2;330;197;1;196;142;54
060112-3;319;197;0;197;142;55
060112-4;311;193;2;191;145;46
060112-5;307;171;1;170;127;43
060113-1;758;608;24;584;447;137
060113-2;730;618;25;593;395;198
060113-3;303;229;7;222;165;57
060114-1;1278;819;3;816;531;285
060114-2;357;211;5;206;129;77
060114-3;338;194;2;192;116;76
060115-1;481;276;3;273;212;61
060115-2;982;545;3;542;355;187
060115-3;575;306;2;304;219;85
060116-1;455;250;2;248;175;73
060116-2;790;535;6;529;366;163
060116-3;1332;851;4;847;615;232
060116-4;415;253;0;253;189;64
060116-5;698;466;4;462;301;161
060116-6;639;337;1;336;212;124
060116-7;273;180;0;180;140;40
060116-8;207;140;0;140;110;30
060116-9;392;275;1;274;208;66
060117-1;471;287;3;284;220;64
060117-2;1465;847;6;841;657;184
060117-3;601;313;1;312;182;130
060118-1;365;249;2;247;187;60
060118-2;621;359;3;356;234;122
060118-3;558;367;2;365;245;120
060118-4;1422;908;7;901;557;344
060118-5;954;607;8;599;446;153
060119-1;498;294;1;293;205;88
060119-2;445;279;2;277;217;60
060119-3;632;366;6;360;258;102
060119-4;1521;895;10;885;586;299
060119-5;427;263;0;263;199;64
060201-1;1822;1174;8;1166;662;504
060201-2;1920;1251;12;1239;733;506
060201-3;705;458;3;455;265;190
060201-4;1891;1270;20;1250;695;555
060201-5;925;603;4;599;344;255
060201-6;1816;1173;8;1165;694;471
060201-7;2158;1484;11;1473;963;510
060201-8;1950;1312;18;1294;793;501
060201-9;1044;706;9;697;432;265
060201-10;2150;1457;16;1441;875;566
060201-11;948;657;6;651;330;321
060201-12;1989;1259;12;1247;771;476
060201-13;935;649;9;640;384;256
060201-14;207;107;0;107;90;17
060201-15;58;47;3;44;41;3
060202-1;842;546;1;545;472;73
060202-2;632;371;1;370;315;55
060202-3;574;372;3;369;320;49
060202-4;556;336;1;335;272;63
060203-1;632;359;1;358;302;56
060203-2;762;512;1;511;372;139
060203-3;1066;701;3;698;544;154
060203-4;1017;622;5;617;510;107
060203-5;283;186;0;186;160;26
060203-6;651;454;12;442;377;65
060203-7;729;507;2;505;435;70
060203-8;1237;831;5;826;658;168
060203-9;624;405;4;401;344;57
060203-10;355;253;3;250;209;41
060203-11;393;265;1;264;190;74
060203-12;901;572;4;568;385;183
060203-13;842;554;6;548;385;163
060203-14;812;516;3;513;438;75
060203-15;123;42;11;31;28;3
060204-1;825;564;3;561;483;78
060204-2;856;540;4;536;421;115
060204-3;816;487;3;484;384;100
060204-4;553;365;2;363;309;54
060205-1;1163;756;2;754;527;227
060205-2;219;148;0;148;139;9
060205-3;631;375;3;372;334;38
060205-4;546;356;0;356;266;90
060205-5;778;501;4;497;416;81
060205-6;439;262;2;260;217;43
060205-7;484;327;0;327;249;78
060205-8;253;150;2;148;121;27
060205-9;483;296;2;294;210;84
060206-1;951;602;4;598;532;66
060206-2;939;627;6;621;524;97
060206-3;550;343;1;342;294;48
060206-4;512;309;2;307;261;46
060206-5;408;256;2;254;202;52
060207-1;1082;673;3;670;386;284
060207-2;846;523;5;518;333;185
060207-3;675;406;4;402;247;155
060207-4;816;456;5;451;309;142
060207-5;501;295;2;293;254;39
060207-6;653;452;5;447;343;104
060207-7;337;211;0;211;188;23
060207-8;816;444;1;443;286;157
060208-1;1098;746;7;739;622;117
060208-2;1818;1193;13;1180;925;255
060208-3;1435;1044;10;1034;838;196
060208-4;832;552;8;544;454;90
060208-5;276;201;1;200;190;10
060209-1;1230;758;5;753;599;154
060209-2;1353;928;6;922;795;127
060209-3;883;604;5;599;480;119
060210-1;1109;667;9;658;494;164
060210-2;748;526;4;522;463;59
060210-3;478;299;1;298;256;42
060210-4;1062;737;1;736;643;93
060211-1;1177;743;6;737;621;116
060211-2;666;434;5;429;348;81
060211-3;1146;757;4;753;651;102
060211-4;1388;966;4;962;876;86
060212-1;458;302;2;300;268;32
060212-2;481;317;6;311;265;46
060212-3;600;374;3;371;296;75
060212-4;511;345;1;344;277;67
060212-5;809;548;10;538;375;163
060212-6;971;658;8;650;456;194
060212-7;824;555;6;549;367;182
060212-8;590;419;1;418;389;29
060212-9;69;18;1;17;16;1
060213-1;452;271;5;266;178;88
060213-2;1271;801;7;794;578;216
060213-3;578;368;4;364;264;100
060213-4;873;549;4;545;456;89
060214-1;1021;730;8;722;570;152
060214-2;774;549;6;543;492;51
060214-3;285;209;3;206;177;29
060214-4;376;275;1;274;240;34
060214-5;440;308;1;307;270;37
060214-6;392;288;4;284;206;78
060214-7;479;348;4;344;303;41
060214-8;494;359;0;359;329;30
060214-9;632;428;5;423;358;65
060214-10;224;150;2;148;124;24
060301-1;959;562;4;558;403;155
060301-2;1170;641;3;638;400;238
060301-3;1362;826;5;821;497;324
060302-1;1289;689;5;684;538;146
060302-2;485;270;0;270;212;58
060302-3;605;335;2;333;265;68
060303-1;846;441;5;436;295;141
060303-2;1376;897;9;888;592;296
060303-3;256;121;1;120;96;24
060303-4;217;134;2;132;89;43
060303-5;790;465;4;461;295;166
060303-6;840;485;1;484;321;163
060303-7;760;430;3;427;304;123
060303-8;575;405;2;403;208;195
060303-9;986;658;8;650;351;299
060303-10;558;348;0;348;200;148
060303-11;232;153;4;149;95;54
060303-12;533;390;2;388;203;185
060303-13;820;522;4;518;361;157
060303-14;471;290;0;290;233;57
060303-15;422;252;0;252;181;71
060303-16;357;205;0;205;185;20
060303-17;749;480;7;473;361;112
060303-18;726;492;3;489;300;189
060304-1;852;515;4;511;353;158
060304-2;606;348;4;344;250;94
060304-3;597;376;4;372;271;101
060304-4;708;463;5;458;332;126
060304-5;1107;697;9;688;501;187
060304-6;609;334;3;331;285;46
060304-7;653;393;6;387;337;50
060305-1;497;283;2;281;211;70
060305-2;1145;696;4;692;404;288
060305-3;357;232;4;228;156;72
060306-1;376;196;1;195;151;44
060306-2;1569;928;12;916;660;256
060306-3;293;165;1;164;124;40
060306-4;567;333;3;330;217;113
060306-5;512;302;1;301;211;90
060307-1;358;165;1;164;108;56
060307-2;983;524;6;518;326;192
060307-3;645;360;5;355;245;110
060307-4;649;355;7;348;246;102
060307-5;396;246;1;245;177;68
060308-1;1042;646;2;644;519;125
060308-2;524;273;6;267;199;68
060308-3;781;440;1;439;335;104
060308-4;1096;695;8;687;584;103
060309-1;593;338;2;336;232;104
060309-2;1704;968;5;963;699;264
060309-3;594;345;5;340;233;107
060309-4;448;223;0;223;178;45
060309-5;265;151;4;147;88;59
060310-1;261;149;0;149;120;29
060310-2;625;348;1;347;276;71
060310-3;590;329;4;325;254;71
060310-4;234;146;1;145;104;41
060310-5;981;569;11;558;427;131
060310-6;1701;1050;12;1038;686;352
060311-1;824;388;2;386;341;45
060311-2;329;192;1;191;163;28
060311-3;451;262;2;260;211;49
060311-4;542;336;1;335;274;61
060311-5;262;152;1;151;135;16
060311-6;395;237;1;236;193;43
060311-7;440;229;0;229;167;62
060311-8;758;403;3;400;314;86
060311-9;1414;841;7;834;604;230
060312-1;222;123;2;121;91;30
060312-2;331;207;1;206;177;29
060312-3;362;226;1;225;189;36
060312-4;2018;1362;21;1341;1037;304
060312-5;274;175;2;173;145;28
060312-6;554;330;2;328;268;60
060312-7;264;176;0;176;151;25
060313-1;637;388;1;387;344;43
060313-2;408;280;1;279;235;44
060313-3;1260;784;3;781;598;183
060313-4;310;160;1;159;115;44
060313-5;548;283;1;282;218;64
060314-1;541;308;1;307;254;53
060314-2;1257;749;9;740;542;198
060314-3;753;390;3;387;259;128
060315-1;443;233;1;232;195;37
060315-2;1420;848;13;835;529;306
060315-3;857;451;0;451;375;76
060315-4;790;443;5;438;346;92
060315-5;323;166;2;164;103;61
060315-6;444;242;3;239;159;80
060315-7;794;446;4;442;307;135
060401-1;1055;706;3;703;461;242
060401-2;1986;1291;7;1284;727;557
060401-3;960;612;4;608;371;237
060401-4;951;589;3;586;339;247
060401-5;890;553;2;551;302;249
060401-6;1813;1064;0;1064;660;404
060401-7;921;526;0;526;293;233
060401-8;920;578;6;572;339;233
060401-9;854;546;6;540;278;262
060401-10;855;483;1;482;224;258
060401-11;794;505;1;504;267;237
060401-12;844;540;3;537;323;214
060401-13;881;570;1;569;318;251
060401-14;276;81;0;81;70;11
060401-15;484;280;6;274;135;139
060402-1;1152;688;4;684;486;198
060402-2;364;201;0;201;144;57
060402-3;259;132;1;131;105;26
060402-4;553;355;1;354;295;59
060402-5;697;362;0;362;291;71
060402-6;392;205;1;204;139;65
060402-7;722;330;2;328;274;54
060402-8;203;110;0;110;88;22
060403-1;1343;732;10;722;521;201
060403-2;332;165;2;163;145;18
060403-3;636;344;1;343;276;67
060403-4;549;310;2;308;243;65
060403-5;1322;754;3;751;518;233
060404-1;1138;634;3;631;488;143
060404-2;479;272;0;272;217;55
060404-3;595;308;5;303;227;76
060404-4;399;211;1;210;153;57
060404-5;524;313;1;312;234;78
060404-6;748;421;0;421;333;88
060404-7;687;404;4;400;271;129
060404-8;566;331;2;329;239;90
060404-9;918;528;3;525;400;125
060404-10;1165;680;1;679;564;115
060404-11;589;343;1;342;275;67
060404-12;307;195;1;194;170;24
060405-1;1142;660;5;655;460;195
060405-2;349;182;0;182;125;57
060405-3;790;440;6;434;318;116
060405-4;388;203;0;203;158;45
060405-5;455;227;0;227;188;39
060405-6;707;451;2;449;340;109
060405-7;399;181;1;180;119;61
060405-8;473;288;0;288;234;54
060405-9;473;265;0;265;225;40
060405-10;584;319;2;317;234;83
060405-11;171;85;6;79;69;10
060406-1;1129;637;6;631;482;149
060406-2;662;407;0;407;360;47
060406-3;1587;940;8;932;687;245
060407-1;915;551;4;547;442;105
060407-2;572;363;3;360;322;38
060407-3;439;251;1;250;192;58
060407-4;854;537;2;535;451;84
060407-5;982;636;8;628;542;86
060408-1;1230;751;8;743;562;181
060408-2;1121;709;3;706;484;222
060408-3;558;349;2;347;285;62
060408-4;844;497;2;495;376;119
060408-5;913;545;6;539;473;66
060408-6;543;336;2;334;257;77
060408-7;833;481;7;474;384;90
060408-8;445;239;0;239;186;53
060408-9;556;307;4;303;241;62
060408-10;572;271;2;269;202;67
060501-1;413;332;6;326;289;37
060501-2;1020;802;10;792;655;137
060501-3;749;575;7;568;532;36
060501-4;463;317;3;314;277;37
060502-1;703;619;13;606;573;33
060502-2;547;483;4;479;458;21
060502-3;637;478;6;472;442;30
060502-4;431;343;4;339;316;23
060503-1;1053;747;7;740;671;69
060503-2;1428;1008;4;1004;937;67
060503-3;626;479;3;476;444;32
060503-4;1538;1077;11;1066;997;69
060503-5;403;278;1;277;247;30
060504-1;1605;1273;5;1268;1213;55
060504-2;516;407;1;406;382;24
060504-3;261;206;1;205;194;11
060504-4;1161;933;14;919;858;61
060504-5;1139;894;16;878;854;24
060505-1;1757;1257;9;1248;916;332
060505-2;1399;920;5;915;659;256
060505-3;1761;1262;15;1247;821;426
060505-4;1469;906;6;900;614;286
060505-5;1851;1401;9;1392;1012;380
060505-6;1949;1306;9;1297;984;313
060505-7;397;260;1;259;220;39
060505-8;1105;796;8;788;707;81
060505-9;761;517;3;514;421;93
060505-10;160;79;0;79;71;8
060505-11;65;16;0;16;7;9
060506-1;1508;1021;9;1012;828;184
060506-2;1195;767;7;760;555;205
060506-3;363;238;2;236;184;52
060506-4;387;260;0;260;225;35
060506-5;847;535;3;532;466;66
060506-6;1371;905;13;892;768;124
060507-1;1451;922;9;913;742;171
060507-2;1285;825;5;820;696;124
060507-3;1027;670;2;668;560;108
060601-1;906;549;9;540;260;280
060601-2;1277;779;7;772;455;317
060601-3;751;445;4;441;272;169
060601-4;751;424;0;424;267;157
060601-5;962;613;7;606;340;266
060601-6;844;520;6;514;294;220
060601-7;1061;671;8;663;392;271
060601-8;781;570;7;563;286;277
060601-9;999;643;6;637;357;280
060601-10;875;515;2;513;285;228
060601-11;1123;717;3;714;392;322
060601-12;898;569;6;563;344;219
060601-13;1086;712;4;708;373;335
060601-14;1285;899;8;891;449;442
060601-15;965;576;8;568;321;247
060601-16;117;67;0;67;54;13
060601-17;260;139;2;137;88;49
060601-18;132;90;1;89;86;3
060602-1;1096;730;6;724;515;209
060602-2;617;429;0;429;342;87
060602-3;1016;710;6;704;618;86
060602-4;480;287;5;282;207;75
060602-5;563;397;5;392;319;73
060603-1;944;578;4;574;403;171
060603-2;517;320;2;318;251;67
060603-3;424;267;0;267;169;98
060603-4;256;152;1;151;134;17
060603-5;516;334;1;333;271;62
060603-6;98;54;0;54;47;7
060603-7;165;115;2;113;85;28
060604-1;1477;868;10;858;542;316
060604-2;567;343;2;341;243;98
060604-3;650;361;0;361;261;100
060604-4;662;398;2;396;305;91
060604-5;855;522;2;520;377;143
060604-6;532;319;3;316;257;59
060604-7;763;474;2;472;401;71
060604-8;797;502;2;500;432;68
060604-9;424;251;4;247;185;62
060605-1;305;168;1;167;101;66
060605-2;290;182;2;180;121;59
060605-3;297;180;5;175;110;65
060605-4;416;260;3;257;207;50
060605-5;387;241;0;241;172;69
060605-6;579;368;2;366;274;92
060605-7;457;279;3;276;220;56
060605-8;531;304;1;303;252;51
060605-9;239;142;0;142;96;46
060605-10;247;139;3;136;113;23
060605-11;393;228;1;227;169;58
060605-12;215;131;0;131;92;39
060605-13;476;284;0;284;188;96
060605-14;664;402;5;397;250;147
060605-15;438;264;2;262;183;79
060605-16;485;317;2;315;189;126
060605-17;242;166;3;163;104;59
060605-18;225;128;0;128;107;21
060606-1;360;191;1;190;132;58
060606-2;1085;613;9;604;381;223
060606-3;181;119;0;119;100;19
060606-4;151;100;1;99;85;14
060606-5;190;99;0;99;74;25
060606-6;256;163;2;161;126;35
060606-7;688;396;2;394;284;110
060606-8;136;88;1;87;75;12
060606-9;61;43;0;43;33;10
060606-10;72;50;1;49;39;10
060606-11;32;22;0;22;20;2
060607-1;1357;861;5;856;674;182
060607-2;519;292;0;292;233;59
060607-3;734;495;2;493;409;84
060607-4;631;332;2;330;276;54
060609-1;358;217;0;217;156;61
060609-2;866;495;5;490;363;127
060609-3;589;355;3;352;290;62
060609-4;420;244;3;241;192;49
060609-5;333;227;2;225;198;27
060610-1;619;370;1;369;229;140
060610-2;1210;702;7;695;450;245
060610-3;672;373;4;369;187;182
060610-4;638;353;1;352;211;141
060610-5;320;184;4;180;132;48
060611-1;609;340;4;336;274;62
060611-2;1093;633;4;629;464;165
060611-3;668;372;3;369;299;70
060611-4;188;108;0;108;91;17
060611-5;585;304;4;300;235;65
060611-6;448;279;3;276;233;43
060611-7;398;242;1;241;218;23
060611-8;515;343;3;340;310;30
060701-1;635;372;5;367;227;140
060701-2;864;540;4;536;303;233
060701-3;1001;531;8;523;342;181
060701-4;2079;1429;17;1412;865;547
060701-5;2111;1462;14;1448;877;571
060701-6;950;541;4;537;351;186
060701-7;2043;1470;19;1451;807;644
060701-8;1345;906;9;897;524;373
060701-9;1017;672;7;665;437;228
060701-10;1471;949;16;933;640;293
060701-11;899;562;10;552;328;224
060701-12;864;554;4;550;394;156
060701-13;1887;1223;15;1208;790;418
060701-14;1509;989;6;983;584;399
060701-15;1594;1054;8;1046;622;424
060701-16;830;524;4;520;315;205
060701-17;1393;890;12;878;516;362
060701-18;866;599;3;596;379;217
060701-19;1153;737;8;729;453;276
060701-20;881;530;7;523;314;209
060701-21;991;629;7;622;349;273
060701-22;198;47;0;47;35;12
060701-23;21;9;0;9;9;0
060702-1;1477;894;10;884;585;299
060702-2;302;204;3;201;171;30
060702-3;844;517;2;515;413;102
060702-4;716;468;2;466;399;67
060702-5;1073;710;5;705;568;137
060702-6;493;320;2;318;276;42
060702-7;419;263;1;262;215;47
060702-8;372;265;2;263;199;64
060702-9;386;245;0;245;206;39
060702-10;921;613;3;610;394;216
060703-1;987;670;11;659;465;194
060703-2;660;402;9;393;337;56
060703-3;424;271;3;268;226;42
060703-4;1226;810;13;797;548;249
060703-5;382;275;2;273;227;46
060703-6;538;357;1;356;291;65
060704-1;1625;1039;3;1036;707;329
060704-2;1185;744;3;741;584;157
060704-3;454;306;0;306;251;55
060704-4;498;312;4;308;283;25
060704-5;525;302;0;302;257;45
060704-6;377;235;1;234;190;44
060704-7;716;436;1;435;345;90
060704-8;313;210;2;208;166;42
060705-1;1488;885;10;875;589;286
060705-2;778;520;5;515;372;143
060705-3;1190;785;9;776;615;161
060705-4;1189;794;7;787;582;205
060705-5;1005;655;9;646;559;87
060706-1;753;509;2;507;400;107
060706-2;1102;755;7;748;661;87
060706-3;1212;811;11;800;656;144
060706-4;826;548;2;546;496;50
060706-5;768;536;3;533;487;46
060707-1;906;582;4;578;410;168
060707-2;277;179;0;179;153;26
060707-3;253;177;1;176;145;31
060707-4;194;132;4;128;95;33
060707-5;384;243;8;235;195;40
060707-6;694;436;4;432;324;108
060707-7;626;382;2;380;275;105
060707-8;1014;618;5;613;452;161
060707-9;507;325;4;321;268;53
060707-10;290;211;6;205;147;58
060708-1;896;599;3;596;440;156
060708-2;943;587;6;581;453;128
060708-3;654;472;4;468;361;107
060708-4;1304;865;8;857;589;268
060708-5;1091;729;8;721;566;155
060708-6;464;300;4;296;220;76
060708-7;995;660;4;656;576;80
060708-8;395;282;3;279;243;36
060708-9;178;117;1;116;110;6
060709-1;989;754;11;743;595;148
060709-2;1176;849;21;828;683;145
060709-3;1448;1092;18;1074;891;183
060709-4;697;490;4;486;413;73
060710-1;725;461;2;459;364;95
060710-2;612;389;4;385;320;65
060710-3;693;497;2;495;411;84
060710-4;919;598;4;594;522;72
060710-5;585;396;2;394;331;63
060710-6;1667;1082;11;1071;809;262
060801-1;2007;1380;18;1362;770;592
060801-2;1916;1333;15;1318;746;572
060801-3;1628;1188;9;1179;741;438
060801-4;1493;1033;16;1017;562;455
060801-5;1099;759;12;747;419;328
060801-6;1260;856;8;848;439;409
060801-7;1213;849;7;842;477;365
060801-8;1377;1005;7;998;586;412
060801-9;1649;1147;6;1141;677;464
060801-10;1514;1081;7;1074;626;448
060801-11;1582;1178;13;1165;632;533
060801-12;91;57;0;57;45;12
060802-1;1027;747;4;743;643;100
060802-2;299;195;2;193;174;19
060802-3;247;165;0;165;150;15
060802-4;339;241;2;239;213;26
060802-5;463;303;1;302;263;39
060802-6;465;282;3;279;232;47
060802-7;370;258;0;258;242;16
060803-1;622;396;1;395;314;81
060803-2;387;257;2;255;219;36
060803-3;1633;1135;15;1120;716;404
060803-4;405;257;3;254;178;76
060803-5;391;216;0;216;169;47
060803-6;493;277;4;273;216;57
060803-7;381;245;2;243;204;39
060803-8;425;259;2;257;225;32
060804-1;719;458;4;454;355;99
060804-2;992;619;7;612;500;112
060804-3;502;335;5;330;288;42
060805-1;682;425;3;422;313;109
060805-2;333;236;4;232;208;24
060805-3;487;345;5;340;263;77
060805-4;282;200;1;199;113;86
060805-5;824;528;4;524;353;171
060805-6;876;561;5;556;390;166
060805-7;398;244;4;240;174;66
060805-8;726;453;7;446;295;151
060805-9;495;321;4;317;226;91
060806-1;1238;770;12;758;556;202
060806-2;1426;945;10;935;663;272
060806-3;481;326;4;322;282;40
060806-4;458;281;7;274;255;19
060806-5;248;169;0;169;157;12
060806-6;617;460;8;452;393;59
060806-7;536;373;7;366;343;23
060806-8;70;47;0;47;37;10
060807-1;303;221;1;220;148;72
060807-2;1286;901;7;894;571;323
060807-3;782;580;8;572;410;162
060807-4;1391;934;18;916;609;307
060807-5;977;650;6;644;486;158
060807-6;841;585;6;579;365;214
060807-7;835;571;7;564;331;233
060807-8;586;382;4;378;262;116
060807-9;624;442;6;436;335;101
060807-10;510;369;0;369;275;94
060807-11;555;374;4;370;287;83
060807-12;286;193;0;193;156;37
060808-1;1381;896;6;890;617;273
060808-2;1013;635;7;628;531;97
060808-3;704;462;4;458;410;48
060808-4;1273;729;8;721;582;139
060808-5;324;199;0;199;163;36
060808-6;295;187;0;187;163;24
060809-1;866;598;6;592;460;132
060809-2;1058;711;5;706;567;139
060809-3;815;505;2;503;400;103
060809-4;691;496;5;491;407;84
060809-5;932;619;3;616;548;68
060809-6;659;445;7;438;349;89
060810-1;1185;784;11;773;526;247
060810-2;832;577;7;570;445;125
060810-3;419;283;3;280;236;44
060810-4;667;445;6;439;364;75
060810-5;1119;701;12;689;541;148
060811-1;449;297;1;296;266;30
060811-2;453;317;4;313;252;61
060811-3;408;236;1;235;185;50
060811-4;747;487;4;483;389;94
060811-5;332;227;4;223;170;53
060811-6;677;427;4;423;347;76
060812-1;918;630;5;625;473;152
060812-2;778;576;4;572;498;74
060812-3;847;578;5;573;486;87
060812-4;949;618;10;608;463;145
060812-5;461;314;4;310;267;43
060813-1;837;573;6;567;431;136
060813-2;703;506;3;503;367;136
060813-3;697;443;8;435;316;119
060813-4;455;296;4;292;197;95
060901-1;1175;786;15;771;519;252
060901-2;1260;868;14;854;521;333
060901-3;1113;773;13;760;507;253
060901-4;1332;948;10;938;691;247
060901-5;925;591;12;579;399;180
060901-6;771;540;4;536;399;137
060901-7;708;415;5;410;322;88
060901-8;809;520;4;516;444;72
060901-9;811;527;4;523;401;122
060901-10;704;486;5;481;417;64
060901-11;774;478;3;475;386;89
060901-12;108;13;0;13;12;1
060902-1;928;683;4;679;530;149
060902-2;753;540;9;531;469;62
060902-3;540;336;1;335;281;54
060902-4;428;289;3;286;255;31
060902-5;230;167;2;165;137;28
060902-6;225;162;3;159;139;20
060903-1;643;428;1;427;311;116
060903-2;572;386;3;383;268;115
060903-3;819;541;5;536;398;138
060903-4;739;502;5;497;301;196
060903-5;582;384;4;380;235;145
060903-6;499;326;2;324;230;94
060903-7;762;509;4;505;350;155
060903-8;812;485;6;479;392;87
060903-9;489;326;2;324;264;60
060903-10;339;216;1;215;155;60
060903-11;580;379;2;377;297;80
060903-12;565;398;4;394;340;54
060903-13;615;430;5;425;381;44
060903-14;722;476;4;472;391;81
060903-15;521;312;4;308;231;77
060903-16;62;35;0;35;29;6
060904-1;1739;1220;17;1203;772;431
060904-2;886;633;9;624;474;150
060904-3;1387;936;15;921;587;334
060904-4;508;339;3;336;272;64
060904-5;1154;735;6;729;583;146
060904-6;373;262;3;259;218;41
060904-7;220;155;0;155;144;11
060904-8;413;264;1;263;210;53
060904-9;180;127;1;126;105;21
060904-10;270;209;3;206;183;23
060905-1;1215;883;13;870;533;337
060905-2;2445;1884;23;1861;896;965
060905-3;1258;915;8;907;508;399
060905-4;1113;796;3;793;459;334
060905-5;1527;1115;8;1107;770;337
060905-6;1324;925;16;909;661;248
060906-1;607;378;0;378;314;64
060906-2;939;649;8;641;455;186
060906-3;2138;1411;15;1396;959;437
060906-4;1396;803;10;793;591;202
060906-5;863;554;4;550;410;140
060906-6;412;279;2;277;203;74
060907-1;1659;1151;11;1140;648;492
060907-2;1169;721;4;717;569;148
060907-3;2007;1558;14;1544;843;701
060907-4;1003;747;5;742;475;267
060907-5;1671;1139;10;1129;788;341
060907-6;995;769;8;761;611;150
060907-7;1141;907;13;894;547;347
060907-8;1338;974;15;959;606;353
060908-1;1427;1042;11;1031;553;478
060908-2;1552;1170;14;1156;579;577
060908-3;2206;1638;21;1617;872;745
060908-4;1918;1364;23;1341;801;540
060908-5;1675;1319;15;1304;619;685
060908-6;2130;1485;20;1465;870;595
060909-1;817;535;1;534;329;205
060909-2;475;316;0;316;240;76
060909-3;508;356;2;354;300;54
060909-4;542;324;1;323;245;78
060909-5;406;292;4;288;244;44
060909-6;975;614;8;606;456;150
060910-1;1607;1122;12;1110;738;372
060910-2;1948;1357;21;1336;910;426
060910-3;1559;1090;11;1079;827;252
060910-4;736;489;3;486;397;89
060910-5;788;563;9;554;353;201
060910-6;348;263;0;263;196;67
060910-7;1233;839;9;830;565;265
060910-8;483;299;3;296;230;66
060910-9;360;241;0;241;200;41
060911-1;1819;1214;6;1208;758;450
060911-2;1916;1383;42;1341;847;494
060911-3;1989;1493;11;1482;740;742
060911-4;2136;1512;14;1498;945;553
060911-5;832;604;4;600;326;274
060911-6;1321;938;9;929;717;212
060911-7;941;605;4;601;384;217
060911-8;2016;1437;17;1420;1035;385
060911-9;1089;698;9;689;434;255
060911-10;1040;763;11;752;513;239
060911-11;292;193;5;188;138;50
060912-1;1248;891;10;881;635;246
060912-2;974;616;5;611;417;194
060912-3;1016;649;1;648;432;216
060912-4;840;561;2;559;400;159
060912-5;1112;709;6;703;477;226
060912-6;355;228;1;227;171;56
060912-7;673;468;4;464;389;75
060912-8;33;32;0;32;32;0
060913-1;545;352;4;348;254;94
060913-2;946;631;4;627;447;180
060913-3;1198;806;10;796;610;186
060913-4;388;293;0;293;197;96
060913-5;614;439;3;436;306;130
060913-6;1035;693;7;686;561;125
060914-1;1285;887;6;881;582;299
060914-2;950;656;12;644;467;177
060914-3;380;250;2;248;190;58
060914-4;1260;882;11;871;548;323
060914-5;1083;803;5;798;561;237
060914-6;416;315;3;312;196;116
060914-7;1170;825;8;817;554;263
060914-8;373;243;2;241;157;84
060914-9;2283;1698;21;1677;784;893
060915-1;245;157;3;154;126;28
060915-2;884;592;6;586;526;60
060915-3;568;393;1;392;311;81
060915-4;263;171;0;171;157;14
060915-5;406;291;2;289;237;52
060915-6;1436;889;10;879;666;213
060916-1;726;484;4;480;409;71
060916-2;302;190;3;187;175;12
060916-3;418;258;2;256;208;48
060916-4;982;643;3;640;551;89
061001-1;321;216;2;214;186;28
061001-2;814;513;7;506;352;154
061001-3;345;208;0;208;161;47
061001-4;257;172;0;172;149;23
061001-5;387;250;1;249;211;38
061001-6;270;160;1;159;150;9
061001-7;592;401;5;396;315;81
061001-8;402;265;2;263;177;86
061001-9;332;202;3;199;158;41
061001-10;580;356;1;355;291;64
061001-11;1349;890;4;886;615;271
061001-12;392;263;1;262;229;33
061002-1;784;572;7;565;321;244
061002-2;1197;758;11;747;580;167
061002-3;967;670;2;668;473;195
061002-4;938;592;5;587;389;198
061002-5;698;487;0;487;381;106
061003-1;1574;1063;12;1051;760;291
061003-2;1100;743;14;729;530;199
061003-3;689;442;3;439;341;98
061003-4;1042;713;4;709;475;234
061003-5;974;720;5;715;467;248
061003-6;1225;798;9;789;486;303
061003-7;1110;781;7;774;506;268
061003-8;1320;896;8;888;501;387
061003-9;1246;787;11;776;468;308
061003-10;1130;808;9;799;545;254
061003-11;1443;1001;7;994;675;319
061003-12;1299;890;7;883;572;311
061003-13;896;629;5;624;402;222
061003-14;1121;781;8;773;538;235
061003-15;1315;923;4;919;629;290
061003-16;67;41;0;41;31;10
061004-1;567;358;1;357;280;77
061004-2;665;412;3;409;332;77
061004-3;1340;796;10;786;565;221
061004-4;1311;833;5;828;505;323
061004-5;913;559;4;555;403;152
061004-6;515;302;6;296;255;41
061004-7;848;553;1;552;443;109
061004-8;377;236;2;234;171;63
061004-9;545;345;3;342;300;42
061005-1;928;663;10;653;495;158
061005-2;588;416;1;415;323;92
061005-3;578;393;3;390;303;87
061005-4;865;649;5;644;473;171
061005-5;863;553;2;551;406;145
061005-6;590;394;3;391;314;77
061006-1;1311;861;10;851;481;370
061006-2;633;401;2;399;296;103
061006-3;1111;658;6;652;471;181
061006-4;628;409;6;403;316;87
061006-5;791;463;4;459;332;127
061101-1;853;604;4;600;370;230
061101-2;1201;792;7;785;541;244
061101-3;1226;900;13;887;541;346
061101-4;1223;884;7;877;574;303
061101-5;1035;754;7;747;473;274
061101-6;935;694;8;686;356;330
061101-7;1325;915;9;906;585;321
061101-8;1169;790;6;784;506;278
061101-9;1259;859;10;849;541;308
061101-10;842;614;8;606;375;231
061101-11;869;617;6;611;412;199
061101-12;924;562;4;558;346;212
061101-13;1191;782;9;773;553;220
061101-14;912;664;7;657;351;306
061101-15;881;669;8;661;367;294
061101-16;983;716;5;711;443;268
061101-17;828;618;7;611;354;257
061101-18;1096;764;8;756;505;251
061101-19;1345;1000;10;990;571;419
061101-20;1056;757;9;748;490;258
061101-21;1110;789;7;782;528;254
061101-22;115;75;2;73;66;7
061102-1;1222;882;6;876;606;270
061102-2;798;605;6;599;371;228
061103-1;1698;1134;7;1127;814;313
061103-2;1266;783;4;779;593;186
061103-3;360;229;3;226;175;51
061103-4;289;194;1;193;159;34
061103-5;194;133;1;132;108;24
061103-6;293;215;0;215;186;29
061103-7;279;188;1;187;143;44
061104-1;1170;735;5;730;632;98
061104-2;673;422;8;414;348;66
061104-3;1638;1072;5;1067;878;189
061104-4;923;609;6;603;533;70
061104-5;751;494;4;490;384;106
061104-6;1715;1177;8;1169;889;280
061104-7;517;320;2;318;266;52
061104-8;594;405;3;402;340;62
061105-1;502;359;0;359;305;54
061105-2;1026;665;5;660;552;108
061105-3;959;658;6;652;517;135
061105-4;1845;1318;15;1303;1094;209
061105-5;1083;745;6;739;636;103
061105-6;831;536;5;531;396;135
061105-7;977;709;9;700;471;229
061105-8;437;325;4;321;260;61
061105-9;984;689;5;684;534;150
061105-10;585;401;2;399;367;32
061105-11;1063;778;3;775;620;155
061105-12;812;565;3;562;470;92
061105-13;1466;1048;15;1033;872;161
061105-14;423;286;2;284;258;26
061105-15;632;475;4;471;395;76
061105-16;44;24;0;24;20;4
061106-1;395;270;4;266;226;40
061106-2;365;245;3;242;206;36
061106-3;403;268;3;265;252;13
061106-4;1135;749;6;743;596;147
061106-5;863;543;4;539;444;95
061107-1;1825;1256;18;1238;976;262
061107-2;1358;985;8;977;820;157
061107-3;831;593;5;588;494;94
061107-4;760;495;8;487;414;73
061107-5;394;280;2;278;232;46
061107-6;297;195;5;190;168;22
061107-7;947;680;3;677;600;77
061107-8;509;354;1;353;309;44
061107-9;541;343;2;341;306;35
061108-1;708;519;4;515;399;116
061108-2;552;403;6;397;345;52
061108-3;413;287;0;287;256;31
061108-4;671;479;5;474;427;47
061108-5;953;656;5;651;560;91
061108-6;424;308;2;306;258;48
061108-7;666;461;9;452;396;56
061108-8;1224;830;6;824;686;138
061108-9;329;224;0;224;198;26
061108-10;354;251;2;249;218;31
061109-1;1170;871;13;858;735;123
061109-2;716;541;3;538;493;45
061109-3;754;614;10;604;544;60
061109-4;728;564;11;553;483;70
061109-5;833;659;8;651;596;55
061109-6;1128;902;16;886;774;112
061109-7;455;365;4;361;324;37
061110-1;867;586;6;580;534;46
061110-2;520;331;3;328;265;63
061110-3;365;248;2;246;203;43
061110-4;519;366;2;364;331;33
061110-5;1214;828;3;825;677;148
061110-6;858;602;3;599;499;100
061110-7;388;243;0;243;193;50
061110-8;605;427;5;422;361;61
061111-1;791;608;4;604;536;68
061111-2;1098;755;1;754;608;146
061111-3;1097;849;4;845;753;92
061111-4;925;623;11;612;496;116
061201-1;1095;755;12;743;602;141
061201-2;404;273;2;271;204;67
061201-3;1216;727;8;719;604;115
061201-4;1125;748;5;743;650;93
061201-5;1444;906;7;899;733;166
061202-1;1957;1227;1;1226;847;379
061202-2;724;444;4;440;356;84
061202-3;1148;747;6;741;649;92
061202-4;736;433;4;429;312;117
061202-5;370;216;1;215;171;44
061202-6;347;221;0;221;171;50
061203-1;1350;839;7;832;573;259
061203-2;888;532;5;527;390;137
061203-3;959;582;2;580;446;134
061203-4;366;226;6;220;159;61
061203-5;375;203;1;202;159;43
061203-6;529;323;1;322;241;81
061204-1;592;428;1;427;351;76
061204-2;1069;664;5;659;480;179
061204-3;815;492;3;489;336;153
061204-4;637;413;4;409;372;37
061204-5;513;337;4;333;267;66
061204-6;316;181;0;181;137;44
061205-1;1573;1023;8;1015;633;382
061205-2;1728;1169;9;1160;705;455
061205-3;1974;1247;9;1238;793;445
061205-4;1173;756;6;750;481;269
061205-5;1049;646;4;642;427;215
061205-6;819;519;1;518;417;101
061205-7;834;548;5;543;407;136
061205-8;755;443;3;440;343;97
061205-9;477;314;2;312;257;55
061205-10;614;373;0;373;282;91
061205-11;400;278;2;276;221;55
061205-12;454;264;4;260;195;65
061205-13;575;316;0;316;255;61
061205-14;341;207;2;205;149;56
061205-15;469;311;4;307;239;68
061205-16;351;226;0;226;177;49
061205-17;546;361;6;355;159;196
061205-18;29;0;0;0;0;0
061206-1;1539;1101;8;1093;707;386
061206-2;1391;953;5;948;569;379
061206-3;891;636;4;632;402;230
061206-4;1143;723;10;713;459;254
061206-5;971;593;5;588;340;248
061206-6;1200;808;11;797;520;277
061206-7;882;578;5;573;440;133
061206-8;826;540;5;535;425;110
061206-9;983;646;5;641;488;153
061206-10;747;498;8;490;401;89
061206-11;502;344;5;339;290;49
061206-12;75;30;0;30;23;7
061206-13;26;13;0;13;11;2
061207-1;985;654;3;651;529;122
061207-2;287;212;2;210;178;32
061207-3;405;258;4;254;191;63
061207-4;643;408;3;405;304;101
061207-5;187;118;2;116;79;37
061207-6;471;325;3;322;287;35
061207-7;385;262;7;255;226;29
061207-8;309;229;2;227;195;32
061301-1;1231;792;8;784;567;217
061301-2;1059;594;3;591;387;204
061301-3;710;423;4;419;309;110
061301-4;350;226;2;224;140;84
061302-1;1071;752;11;741;521;220
061302-2;575;401;3;398;336;62
061302-3;422;289;4;285;183;102
061302-4;375;264;1;263;233;30
061302-5;247;115;2;113;82;31
061302-6;351;265;4;261;233;28
061303-1;1105;642;3;639;438;201
061303-2;581;372;2;370;307;63
061303-3;543;311;0;311;207;104
061303-4;454;321;5;316;265;51
061303-5;329;202;1;201;141;60
061304-1;1810;1228;12;1216;735;481
061304-2;1595;1092;10;1082;616;466
061304-3;722;437;1;436;265;171
061304-4;672;387;2;385;238;147
061304-5;1660;1067;6;1061;562;499
061304-6;584;366;0;366;274;92
061304-7;1626;1055;5;1050;604;446
061304-8;972;632;3;629;365;264
061304-9;675;413;5;408;266;142
061304-10;560;340;5;335;255;80
061304-11;590;387;0;387;282;105
061304-12;165;74;1;73;53;20
061305-1;502;309;4;305;235;70
061305-2;443;312;4;308;230;78
061305-3;452;253;4;249;170;79
061306-1;1334;871;5;866;618;248
061306-2;921;529;2;527;414;113
061306-3;807;499;7;492;402;90
061306-4;674;421;5;416;344;72
061307-1;616;453;3;450;315;135
061307-2;670;450;2;448;253;195
061307-3;514;283;1;282;209;73
061307-4;391;222;1;221;174;47
061401-1;1782;1099;17;1082;616;466
061401-2;1721;1309;11;1298;652;646
061401-3;1704;1148;9;1139;641;498
061401-4;1529;1075;11;1064;537;527
061401-5;1996;1433;17;1416;773;643
061401-6;1569;1162;9;1153;519;634
061401-7;633;418;7;411;188;223
061401-8;1818;1317;7;1310;666;644
061401-9;1850;1317;8;1309;746;563
061401-10;1650;1044;13;1031;523;508
061401-11;2149;1630;21;1609;766;843
061401-12;1926;1366;15;1351;610;741
061401-13;1311;940;7;933;464;469
061401-14;1834;1222;14;1208;616;592
061401-15;1304;861;12;849;430;419
061401-16;1764;1277;12;1265;594;671
061401-17;1519;942;14;928;522;406
061401-18;1534;1020;15;1005;570;435
061401-19;1307;877;11;866;534;332
061401-20;1878;1260;13;1247;685;562
061401-21;1520;974;11;963;610;353
061401-22;1132;754;4;750;412;338
061401-23;1234;865;6;859;457;402
061401-24;92;41;0;41;25;16
061402-1;856;551;4;547;374;173
061402-2;863;584;9;575;403;172
061402-3;232;160;2;158;131;27
061402-4;331;207;1;206;177;29
061402-5;498;323;6;317;254;63
061402-6;403;289;4;285;242;43
061403-1;1103;756;5;751;520;231
061403-2;933;665;4;661;352;309
061403-3;1084;714;6;708;508;200
061404-1;1995;1505;12;1493;678;815
061404-2;1869;1367;13;1354;812;542
061404-3;1074;675;4;671;441;230
061404-4;755;414;3;411;286;125
061404-5;622;424;5;419;309;110
061405-1;1072;764;9;755;465;290
061405-2;960;705;11;694;408;286
061405-3;600;419;7;412;252;160
061405-4;533;347;1;346;225;121
061405-5;846;551;12;539;390;149
061405-6;664;486;4;482;364;118
061405-7;582;414;2;412;309;103
061405-8;495;320;2;318;267;51
061405-9;899;579;6;573;465;108
061405-10;466;338;4;334;265;69
061406-1;1252;881;8;873;556;317
061406-2;1205;869;9;860;601;259
061406-3;581;395;1;394;261;133
061406-4;597;382;0;382;307;75
061406-5;585;403;0;403;347;56
061406-6;634;370;1;369;333;36
061406-7;1241;757;7;750;553;197
061407-1;944;711;23;688;503;185
061407-2;661;442;5;437;320;117
061407-3;252;174;1;173;148;25
061407-4;522;361;8;353;266;87
061408-1;1554;1110;20;1090;592;498
061408-2;899;667;7;660;461;199
061408-3;779;543;3;540;334;206
061408-4;969;728;3;725;356;369
061408-5;573;407;2;405;304;101
061408-6;455;339;4;335;278;57
061408-7;704;501;4;497;341;156
061408-8;562;355;6;349;276;73
061408-9;649;414;6;408;271;137
061408-10;335;232;6;226;163;63
061408-11;194;194;0;194;113;81
061408-12;70;70;0;70;23;47
061408-13;85;80;0;80;45;35
061408-14;38;36;0;36;20;16
061408-15;26;26;1;25;24;1
061409-1;1723;1236;9;1227;691;536
061409-2;1411;926;8;918;537;381
061409-3;1965;1335;9;1326;836;490
061409-4;582;382;3;379;300;79
061409-5;658;425;2;423;290;133
061409-6;728;522;5;517;370;147
061409-7;599;401;4;397;287;110
061409-8;773;548;7;541;412;129
061409-9;1247;867;18;849;630;219
061410-1;1416;1040;9;1031;797;234
061410-2;734;467;3;464;370;94
061410-3;1030;683;11;672;512;160
061410-4;476;311;4;307;215;92
061410-5;165;65;3;62;55;7
061411-1;352;222;2;220;174;46
061411-2;1550;1075;11;1064;713;351
061411-3;793;576;6;570;450;120
061411-4;656;461;4;457;372;85
061411-5;538;352;1;351;291;60
061411-6;303;211;2;209;144;65
061411-7;419;275;6;269;232;37
061411-8;240;154;1;153;129;24
061411-9;305;227;0;227;188;39
061501-1;1746;1247;8;1239;717;522
061501-2;1748;1187;15;1172;730;442
061501-3;936;647;9;638;403;235
061501-4;1650;995;7;988;598;390
061501-5;1586;1008;10;998;645;353
061501-6;1523;1030;9;1021;604;417
061501-7;833;541;4;537;331;206
061501-8;679;470;8;462;278;184
061501-9;1496;883;16;867;589;278
061501-10;273;109;3;106;94;12
061502-1;1243;775;7;768;548;220
061502-2;940;598;3;595;513;82
061502-3;388;231;0;231;205;26
061502-4;1296;799;4;795;598;197
061502-5;957;560;4;556;461;95
061503-1;1357;953;24;929;641;288
061503-2;566;417;6;411;350;61
061503-3;568;387;7;380;314;66
061503-4;351;254;4;250;208;42
061503-5;620;434;6;428;293;135
061504-1;1163;786;3;783;684;99
061504-2;933;640;5;635;556;79
061504-3;1405;981;4;977;820;157
061504-4;581;401;4;397;341;56
061504-5;590;393;1;392;354;38
061504-6;868;523;5;518;409;109
061504-7;485;315;3;312;248;64
061504-8;400;270;1;269;227;42
061505-1;1151;737;11;726;502;224
061505-2;383;236;2;234;198;36
061505-3;599;327;1;326;210;116
061505-4;537;349;7;342;274;68
061505-5;819;529;8;521;436;85
061506-1;745;448;6;442;308;134
061506-2;806;514;3;511;387;124
061506-3;1137;724;9;715;541;174
061506-4;449;288;1;287;251;36
061506-5;626;387;3;384;297;87
061506-6;639;447;7;440;373;67
061506-7;1036;643;3;640;496;144
061506-8;426;300;5;295;225;70
061506-9;525;337;1;336;288;48
061507-1;772;518;2;516;443;73
061507-2;506;312;4;308;260;48
061507-3;1616;1139;14;1125;901;224
061507-4;692;496;9;487;449;38
061507-5;427;308;6;302;266;36
061507-6;643;445;5;440;388;52
061508-1;1783;1081;8;1073;758;315
061508-2;1051;640;13;627;463;164
061508-3;1345;821;8;813;627;186
061508-4;484;300;2;298;249;49
061508-5;316;219;0;219;187;32
061508-6;358;224;0;224;161;63
061508-7;141;51;1;50;39;11
061601-1;695;454;1;453;304;149
061601-2;926;591;5;586;342;244
061601-3;732;561;13;548;358;190
061601-4;278;185;2;183;112;71
061601-5;836;535;3;532;303;229
061601-6;765;521;2;519;301;218
061601-7;1055;731;6;725;507;218
061601-8;1066;753;4;749;462;287
061601-9;838;553;3;550;355;195
061601-10;734;497;2;495;306;189
061601-11;839;586;8;578;273;305
061601-12;859;584;3;581;320;261
061601-13;427;290;1;289;176;113
061601-14;258;129;0;129;86;43
061601-15;749;536;4;532;273;259
061601-16;788;558;4;554;252;302
061601-17;457;345;6;339;162;177
061601-18;30;12;0;12;8;4
061602-1;1360;1019;14;1005;821;184
061602-2;719;521;11;510;432;78
061602-3;343;240;2;238;201;37
061602-4;796;581;3;578;519;59
061602-5;315;223;2;221;204;17
061602-6;1174;879;9;870;785;85
061602-7;391;296;4;292;250;42
061602-8;477;349;9;340;299;41
061603-1;852;603;4;599;461;138
061603-2;298;221;1;220;183;37
061603-3;423;299;1;298;258;40
061603-4;808;569;0;569;503;66
061603-5;213;158;0;158;125;33
061603-6;256;165;1;164;137;27
061603-7;414;274;6;268;243;25
061604-1;1836;1225;11;1214;742;472
061604-2;1087;714;8;706;362;344
061604-3;1105;788;4;784;448;336
061604-4;1384;1026;13;1013;645;368
061604-5;1698;1272;13;1259;655;604
061604-6;548;393;3;390;218;172
061604-7;828;573;5;568;435;133
061604-8;468;335;3;332;254;78
061604-9;638;473;1;472;326;146
061604-10;541;370;2;368;307;61
061604-11;663;434;5;429;300;129
061604-12;694;489;4;485;377;108
061604-13;782;496;5;491;383;108
061604-14;376;261;1;260;206;54
061604-15;584;419;4;415;332;83
061604-16;528;349;0;349;295;54
061604-17;333;221;1;220;142;78
061604-18;955;661;7;654;509;145
061604-19;516;375;1;374;294;80
061604-20;599;434;4;430;356;74
061604-21;40;28;0;28;26;2
061604-22;15;9;0;9;9;0
061605-1;1654;1171;12;1159;737;422
061605-2;397;245;1;244;186;58
061605-3;571;383;0;383;282;101
061605-4;334;225;1;224;194;30
061605-5;474;311;4;307;255;52
061605-6;431;303;1;302;255;47
061605-7;362;243;1;242;203;39
061606-1;598;420;8;412;277;135
061606-2;359;235;0;235;171;64
061606-3;522;328;4;324;236;88
061606-4;318;179;4;175;133;42
061606-5;215;131;2;129;93;36
061606-6;323;212;3;209;144;65
061606-7;354;245;1;244;211;33
061701-1;1485;1040;8;1032;559;473
061701-2;1303;917;8;909;515;394
061701-3;1366;1010;5;1005;563;442
061701-4;1840;1214;12;1202;661;541
061701-5;1772;1222;9;1213;721;492
061701-6;1463;962;12;950;556;394
061701-7;1289;870;9;861;612;249
061701-8;1291;869;4;865;543;322
061701-9;1428;878;4;874;561;313
061701-10;1512;998;3;995;633;362
061701-11;1634;1116;7;1109;673;436
061701-12;1516;1072;5;1067;669;398
061701-13;1426;1059;6;1053;642;411
061701-14;1485;980;10;970;562;408
061701-15;875;679;7;672;329;343
061701-16;1600;1142;7;1135;701;434
061701-17;1268;875;10;865;429;436
061701-18;1475;1013;6;1007;618;389
061701-19;1447;1044;15;1029;505;524
061701-20;917;689;6;683;293;390
061701-21;1230;880;10;870;441;429
061701-22;128;49;0;49;39;10
061701-23;111;81;4;77;71;6
061702-1;709;454;5;449;372;77
061702-2;672;455;7;448;341;107
061702-3;2003;1433;20;1413;809;604
061702-4;855;554;9;545;434;111
061702-5;1574;1112;8;1104;743;361
061702-6;911;601;4;597;423;174
061702-7;931;738;7;731;447;284
061703-1;622;369;4;365;277;88
061703-2;672;457;5;452;296;156
061703-3;1091;720;8;712;507;205
061703-4;725;502;6;496;396;100
061703-5;598;376;6;370;290;80
061703-6;561;418;5;413;304;109
061703-7;513;305;1;304;210;94
061703-8;673;435;2;433;313;120
061703-9;540;328;1;327;261;66
061703-10;978;658;6;652;402;250
061703-11;1057;748;7;741;461;280
061703-12;466;300;2;298;259;39
061704-1;673;442;3;439;352;87
061704-2;348;217;3;214;184;30
061704-3;619;372;1;371;322;49
061704-4;395;218;6;212;180;32
061704-5;866;531;6;525;420;105
061705-1;1348;814;12;802;600;202
061705-2;659;355;2;353;270;83
061705-3;927;608;9;599;525;74
061705-4;1334;776;3;773;629;144
061705-5;2204;1331;13;1318;924;394
061705-6;644;360;2;358;241;117
061801-1;2091;1370;19;1351;820;531
061801-2;1012;612;1;611;347;264
061801-3;1021;670;7;663;400;263
061801-4;1973;1288;4;1284;785;499
061801-5;1125;757;6;751;423;328
061801-6;1045;690;5;685;377;308
061801-7;1034;674;2;672;354;318
061801-8;1120;720;4;716;461;255
061801-9;1065;735;7;728;459;269
061801-10;1898;1267;13;1254;763;491
061801-11;1904;1306;9;1297;708;589
061801-12;143;36;0;36;31;5
061802-1;1378;820;8;812;542;270
061802-2;725;436;7;429;307;122
061802-3;287;183;1;182;155;27
061802-4;236;156;1;155;129;26
061803-1;895;518;1;517;403;114
061803-2;857;540;2;538;481;57
061803-3;490;291;1;290;244;46
061803-4;562;323;1;322;269;53
061804-1;1087;695;4;691;502;189
061804-2;497;299;0;299;240;59
061804-3;452;293;2;291;233;58
061804-4;316;175;0;175;144;31
061804-5;345;235;3;232;211;21
061805-1;636;349;1;348;289;59
061805-2;1489;876;7;869;467;402
061805-3;823;416;2;414;331;83
061805-4;480;216;3;213;165;48
061805-5;305;156;1;155;105;50
061805-6;1236;599;12;587;469;118
061805-7;65;36;0;36;25;11
061806-1;923;588;4;584;428;156
061806-2;1008;628;2;626;409;217
061806-3;259;173;0;173;151;22
061806-4;381;224;2;222;176;46
061806-5;361;223;0;223;163;60
061806-6;413;240;2;238;178;60
061806-7;384;237;3;234;219;15
061806-8;414;246;2;244;215;29
061806-9;221;146;0;146;130;16
061806-10;303;178;3;175;131;44
061806-11;190;128;0;128;104;24
061807-1;1056;653;22;631;531;100
061807-2;247;156;0;156;125;31
061807-3;377;216;3;213;184;29
061807-4;264;135;1;134;101;33
061807-5;859;463;6;457;387;70
061807-6;224;139;1;138;121;17
061807-7;732;408;2;406;307;99
061807-8;329;214;3;211;185;26
061807-9;269;167;3;164;150;14
061808-1;621;385;3;382;311;71
061808-2;773;496;7;489;407;82
061808-3;1013;640;6;634;450;184
061808-4;1127;705;2;703;560;143
061808-5;566;348;1;347;241;106
061808-6;1755;1120;9;1111;740;371
061808-7;448;266;2;264;244;20
061809-1;940;582;2;580;499;81
061809-2;881;575;6;569;444;125
061809-3;412;270;4;266;230;36
061809-4;495;299;3;296;258;38
061809-5;404;254;3;251;224;27
061810-1;1000;632;13;619;494;125
061810-2;559;269;2;267;179;88
061810-3;409;234;2;232;193;39
061810-4;786;454;5;449;369;80
061810-5;472;275;1;274;231;43
061811-1;837;529;4;525;366;159
061811-2;248;146;0;146;125;21
061811-3;999;620;1;619;482;137
061811-4;494;302;2;300;239;61
061811-5;400;252;1;251;184;67
061811-6;937;576;8;568;430;138
061811-7;864;522;2;520;410;110
061811-8;764;471;7;464;402;62
061811-9;305;193;2;191;157;34
061811-10;574;369;0;369;320;49
061811-11;408;244;5;239;209;30
061811-12;1870;1224;10;1214;844;370
061811-13;347;220;2;218;164;54
061812-1;719;426;5;421;278;143
061812-2;834;487;11;476;359;117
061812-3;977;574;4;570;478;92
061812-4;500;316;1;315;260;55
061812-5;312;229;1;228;200;28
061812-6;552;338;3;335;288;47
061812-7;274;166;0;166;139;27
061812-8;301;209;1;208;197;11
061812-9;147;77;1;76;70;6
061813-1;396;186;1;185;157;28
061813-2;913;487;2;485;371;114
061813-3;719;314;6;308;257;51
061813-4;329;143;0;143;123;20
061813-5;200;92;1;91;80;11
061813-6;519;299;2;297;249;48
061813-7;266;144;0;144;130;14
061813-8;257;137;1;136;114;22
061813-9;333;189;2;187;159;28
061901-1;2233;1356;24;1332;684;648
061901-2;1948;1243;9;1234;616;618
061901-3;2340;1507;16;1491;763;728
061901-4;1731;1082;7;1075;578;497
061901-5;2195;1453;14;1439;717;722
061901-6;472;292;5;287;79;208
061901-7;122;55;0;55;35;20
061902-1;911;510;4;506;341;165
061902-2;510;307;2;305;232;73
061902-3;587;329;0;329;220;109
061902-4;450;254;3;251;182;69
061903-1;835;483;3;480;320;160
061903-2;308;176;1;175;125;50
061903-3;1393;831;4;827;545;282
061903-4;403;230;5;225;158;67
061904-1;840;546;4;542;396;146
061904-2;412;255;0;255;220;35
061904-3;184;113;0;113;74;39
061904-4;319;203;3;200;164;36
061905-1;553;375;3;372;272;100
061905-2;859;722;8;714;427;287
061905-3;401;264;2;262;211;51
061905-4;488;329;3;326;261;65
061905-5;1198;848;4;844;613;231
061906-1;1039;1039;9;1030;451;579
061906-2;1102;756;9;747;419;328
061906-3;393;228;4;224;170;54
061906-4;596;372;3;369;226;143
061906-5;185;108;0;108;61;47
061906-6;289;137;4;133;70;63
061906-7;408;249;1;248;139;109
061906-8;939;608;5;603;329;274
061906-9;342;205;5;200;143;57
061906-10;195;97;2;95;62;33
061907-1;647;377;4;373;248;125
061907-2;568;325;3;322;203;119
061907-3;488;296;2;294;182;112
061907-4;678;404;2;402;264;138
061907-5;511;299;2;297;206;91
061907-6;383;219;1;218;161;57
061908-1;827;626;13;613;471;142
061908-2;251;150;1;149;110;39
061908-3;185;121;3;118;89;29
061908-4;308;208;1;207;117;90
061908-5;317;191;3;188;119;69
061908-6;248;157;3;154;116;38
061908-7;46;29;1;28;23;5
062001-1;1115;711;8;703;563;140
062001-2;653;443;3;440;359;81
062001-3;486;306;1;305;228;77
062001-4;661;422;5;417;300;117
062001-5;1106;724;5;719;574;145
062002-1;1085;645;3;642;510;132
062002-2;1154;656;7;649;489;160
062002-3;509;317;3;314;274;40
062002-4;714;439;1;438;398;40
062003-1;428;284;1;283;234;49
062003-2;473;333;1;332;264;68
062003-3;674;468;6;462;326;136
062003-4;812;530;2;528;362;166
062003-5;475;331;2;329;228;101
062003-6;350;233;1;232;187;45
062003-7;439;255;4;251;205;46
062003-8;406;261;2;259;210;49
062004-1;1985;1489;17;1472;999;473
062004-2;339;245;2;243;154;89
062004-3;898;678;10;668;508;160
062004-4;238;164;1;163;151;12
062004-5;296;178;1;177;169;8
062004-6;503;326;2;324;217;107
062004-7;479;301;4;297;238;59
062004-8;316;236;1;235;217;18
062004-9;326;209;2;207;183;24
062004-10;796;533;2;531;500;31
062004-11;112;96;0;96;94;2
062004-12;44;40;0;40;35;5
062005-1;601;388;8;380;321;59
062005-2;1287;901;6;895;731;164
062005-3;1458;918;14;904;707;197
062005-4;689;473;1;472;368;104
062005-5;514;305;0;305;258;47
062005-6;228;154;3;151;139;12
062005-7;282;191;2;189;156;33
062006-1;633;378;6;372;318;54
062006-2;1193;725;8;717;499;218
062006-3;514;329;5;324;278;46
062006-4;548;296;5;291;248;43
062006-5;632;378;3;375;303;72
062006-6;399;242;4;238;208;30
062006-7;431;258;2;256;155;101
062006-8;333;175;2;173;149;24
062007-1;1051;686;4;682;500;182
062007-2;555;336;4;332;242;90
062007-3;989;572;0;572;459;113
062007-4;1064;656;3;653;530;123
062007-5;354;198;0;198;162;36
062007-6;383;220;1;219;174;45
062007-7;256;134;0;134;112;22
062008-1;519;319;2;317;270;47
062008-2;701;443;4;439;355;84
062008-3;1021;582;3;579;441;138
062008-4;497;304;0;304;264;40
062008-5;1161;739;6;733;630;103
062008-6;687;473;2;471;413;58
062008-7;268;78;3;75;70;5
062009-1;1338;909;11;898;736;162
062009-2;325;182;0;182;166;16
062009-3;795;472;2;470;396;74
062009-4;793;558;3;555;495;60
062009-5;1212;799;8;791;585;206
062009-6;794;492;8;484;398;86
062010-1;2041;1347;10;1337;1041;296
062010-2;318;229;1;228;200;28
062010-3;277;170;0;170;147;23
062010-4;558;352;5;347;288;59
062010-5;734;448;4;444;373;71
062010-6;282;167;1;166;152;14
062011-1;434;297;5;292;254;38
062011-2;1053;724;6;718;562;156
062011-3;967;626;7;619;458;161
062011-4;423;306;2;304;244;60
062011-5;838;577;11;566;414;152
062011-6;508;337;3;334;271;63
062012-1;582;387;2;385;309;76
062012-2;780;503;6;497;419;78
062012-3;502;318;5;313;247;66
062012-4;908;602;10;592;473;119
062012-5;962;598;7;591;468;123
062013-1;1202;750;3;747;436;311
062013-2;978;537;5;532;358;174
062013-3;662;390;7;383;272;111
062013-4;856;522;4;518;403;115
062013-5;717;455;3;452;381;71
062013-6;1603;933;4;929;752;177
062013-7;455;289;2;287;204;83
062013-8;462;283;0;283;204;79
062013-9;1035;622;2;620;509;111
062013-10;1135;723;2;721;591;130
062013-11;35;14;0;14;14;0
062013-12;43;24;0;24;24;0
062014-1;987;649;14;635;391;244
062014-2;961;639;7;632;419;213
062014-3;1825;1221;16;1205;723;482
062014-4;583;390;1;389;277;112
062014-5;573;371;4;367;313;54
062014-6;672;427;1;426;315;111
062014-7;1590;1134;7;1127;660;467
062014-8;928;566;4;562;404;158
062014-9;1041;674;9;665;439;226
062014-10;845;567;1;566;382;184
062014-11;1671;1084;16;1068;682;386
062014-12;1511;974;3;971;714;257
062014-13;724;479;5;474;294;180
062014-14;477;290;0;290;219;71
062014-15;539;371;3;368;293;75
062014-16;736;467;4;463;334;129
062014-17;426;286;2;284;204;80
062014-18;317;180;0;180;138;42
062014-19;805;596;7;589;317;272
062014-20;585;385;6;379;255;124
062014-21;578;413;8;405;269;136
062015-1;1703;1150;10;1140;588;552
062015-2;1543;1029;4;1025;474;551
062015-3;1181;718;2;716;490;226
062015-4;818;530;4;526;369;157
062015-5;646;372;2;370;296;74
066101-1;1425;889;12;877;468;409
066101-2;1365;828;12;816;475;341
066101-3;1344;809;6;803;436;367
066101-4;1220;814;10;804;436;368
066101-5;1443;1019;6;1013;547;466
066101-6;1613;1130;19;1111;630;481
066101-7;1526;953;6;947;506;441
066101-8;856;519;2;517;311;206
066101-9;1005;665;2;663;463;200
066101-10;985;618;7;611;288;323
066101-11;750;491;2;489;297;192
066101-12;2195;1397;8;1389;785;604
066101-13;2447;1681;11;1670;891;779
066101-14;1686;1140;16;1124;739;385
066101-15;1608;1036;9;1027;664;363
066101-16;2455;1591;24;1567;931;636
066101-17;1891;1315;16;1299;805;494
066101-18;1709;1166;10;1156;589;567
066101-19;1706;1151;13;1138;604;534
066101-20;2094;1536;15;1521;815;706
066101-21;1946;1391;11;1380;727;653
066101-22;1926;1304;19;1285;709;576
066101-23;1832;1235;8;1227;698;529
066101-24;2103;1438;7;1431;694;737
066101-25;2050;1394;17;1377;702;675
066101-26;604;410;5;405;241;164
066101-27;1518;868;11;857;565;292
066101-28;278;111;0;111;84;27
066101-29;191;125;0;125;60;65
066201-1;1292;998;13;985;527;458
066201-2;1844;1215;9;1206;622;584
066201-3;1805;1132;9;1123;649;474
066201-4;1396;859;6;853;464;389
066201-5;1633;1012;9;1003;525;478
066201-6;593;417;1;416;215;201
066201-7;1371;838;9;829;439;390
066201-8;1864;1150;9;1141;673;468
066201-9;1226;792;13;779;427;352
066201-10;1437;921;3;918;531;387
066201-11;1838;1114;15;1099;647;452
066201-12;1311;872;4;868;461;407
066201-13;1424;778;7;771;389;382
066201-14;1295;757;11;746;353;393
066201-15;1456;887;2;885;393;492
066201-16;1407;780;6;774;452;322
066201-17;832;475;3;472;286;186
066201-18;936;529;0;529;284;245
066201-19;1874;1138;11;1127;593;534
066201-20;464;311;1;310;136;174
066201-21;1706;1158;13;1145;661;484
066201-22;887;574;4;570;352;218
066201-23;1625;1093;14;1079;579;500
066201-24;1157;729;10;719;354;365
066201-25;1538;986;10;976;511;465
066201-26;1720;1171;8;1163;596;567
066201-27;1452;942;6;936;503;433
066201-28;2002;1341;12;1329;668;661
066201-29;1384;902;11;891;439;452
066201-30;1465;963;7;956;496;460
066201-31;1553;1025;8;1017;538;479
066201-32;1365;942;10;932;477;455
066201-33;1482;1019;7;1012;508;504
066201-34;724;364;4;360;212;148
066201-35;660;348;7;341;141;200
066201-36;668;136;1;135;95;40
066301-1;1550;1178;7;1171;515;656
066301-2;1890;1447;11;1436;679;757
066301-3;1881;1448;18;1430;567;863
066301-4;1122;780;10;770;401;369
066301-5;1415;1004;10;994;472;522
066301-6;1867;1281;14;1267;563;704
066301-7;1859;1318;8;1310;559;751
066301-8;1441;999;9;990;373;617
066301-9;692;422;2;420;194;226
066301-10;581;448;3;445;175;270
066301-11;495;362;2;360;120;240
066301-12;1467;1016;7;1009;451;558
066301-13;1336;775;5;770;402;368
066301-14;1139;718;4;714;348;366
066301-15;667;337;5;332;175;157
066301-16;680;438;4;434;170;264
066301-17;916;628;3;625;263;362
066301-18;989;641;8;633;316;317
066301-19;522;396;5;391;169;222
066301-20;591;368;2;366;140;226
066301-21;1330;879;20;859;394;465
066301-22;680;420;4;416;233;183
066301-23;1144;779;4;775;366;409
066301-24;734;424;5;419;227;192
066301-25;654;379;4;375;237;138
066301-26;817;563;3;560;237;323
066301-27;605;422;4;418;179;239
066301-28;954;674;14;660;302;358
066301-29;742;336;2;334;177;157
066301-30;587;309;5;304;150;154
066301-31;380;255;3;252;130;122
066301-32;1662;945;13;932;546;386
066301-33;985;621;4;617;370;247
066301-34;1340;948;6;942;584;358
066301-35;1674;1061;6;1055;577;478
066301-36;1627;1124;10;1114;635;479
066301-37;1773;1160;5;1155;619;536
066301-38;1197;734;11;723;357;366
066301-39;1011;753;2;751;356;395
066301-40;719;597;10;587;180;407
066301-41;808;639;10;629;269;360
066301-42;1382;971;10;961;485;476
066301-43;1324;1040;15;1025;437;588
066301-44;1346;1086;14;1072;426;646
066301-45;1017;816;7;809;307;502
066301-46;1570;1179;17;1162;526;636
066301-47;1866;1396;12;1384;633;751
066301-48;1880;1362;11;1351;647;704
066301-49;1590;1101;10;1091;532;559
066301-50;873;645;10;635;296;339
066301-51;864;633;8;625;263;362
066301-52;924;683;0;683;307;376
066301-53;1126;813;7;806;346;460
066301-54;828;612;7;605;260;345
066301-55;1023;745;6;739;352;387
066301-56;1432;1053;9;1044;407;637
066301-57;1363;925;8;917;456;461
066301-58;1308;892;3;889;427;462
066301-59;921;665;5;660;323;337
066301-60;1016;746;6;740;308;432
066301-61;1104;805;6;799;398;401
066301-62;1883;1371;13;1358;586;772
066301-63;1692;1278;5;1273;568;705
066301-64;1707;1203;13;1190;576;614
066301-65;1629;1187;15;1172;508;664
066301-66;1803;1208;13;1195;490;705
066301-67;622;409;6;403;255;148
066301-68;638;324;0;324;190;134
066301-69;618;322;6;316;171;145
066301-70;736;395;2;393;246;147
066301-71;2776;1927;21;1906;697;1209
066301-72;1884;1599;17;1582;555;1027
066301-73;897;678;4;674;276;398
066301-74;1036;737;7;730;318;412
066301-75;1736;1385;20;1365;609;756
066301-76;1542;1138;3;1135;559;576
066301-77;1916;1393;15;1378;645;733
066301-78;1586;1170;10;1160;543;617
066301-79;1986;1487;12;1475;696;779
066301-80;835;629;6;623;287;336
066301-81;1615;1070;7;1063;567;496
066301-82;1652;1194;6;1188;626;562
066301-83;1791;1287;13;1274;579;695
066301-84;979;689;5;684;322;362
066301-85;1478;1077;10;1067;429;638
066301-86;1744;1248;10;1238;683;555
066301-87;1891;1325;11;1314;627;687
066301-88;1614;1203;9;1194;569;625
066301-89;1424;1099;10;1089;379;710
066301-90;1030;752;13;739;335;404
066301-91;1652;1262;14;1248;496;752
066301-92;878;665;5;660;236;424
066301-93;1721;1270;12;1258;618;640
066301-94;945;734;8;726;319;407
066301-95;1320;1022;13;1009;419;590
066301-96;1846;1316;14;1302;663;639
066301-97;1258;900;7;893;435;458
066301-98;1124;842;10;832;356;476
066301-99;2270;1626;23;1603;804;799
066301-100;2393;1816;16;1800;807;993
066301-101;1464;1137;10;1127;419;708
066301-102;1493;1139;14;1125;416;709
066301-103;2174;1569;22;1547;714;833
066301-104;2398;1756;8;1748;772;976
066301-105;1775;1405;15;1390;495;895
066301-106;1464;1065;2;1063;506;557
066301-107;1437;994;16;978;498;480
066301-108;1309;944;9;935;493;442
066301-109;1365;993;5;988;500;488
066301-110;1748;1249;13;1236;558;678
066301-111;1726;1303;8;1295;661;634
066301-112;1951;1398;18;1380;648;732
066301-113;1874;1380;9;1371;717;654
066301-114;1628;1143;9;1134;607;527
066301-115;1367;1041;12;1029;525;504
066301-116;1845;1371;8;1363;630;733
066301-117;1385;959;10;949;473;476
066301-118;1312;947;12;935;503;432
066301-119;1479;1008;12;996;474;522
066301-120;1424;1031;16;1015;519;496
066301-121;1630;1065;5;1060;532;528
066301-122;1194;887;5;882;391;491
066301-123;1418;1001;8;993;376;617
066301-124;1557;1178;9;1169;350;819
066301-125;479;324;3;321;233;88
066301-126;2292;1753;14;1739;612;1127
066301-127;1171;849;8;841;422;419
066301-128;1262;914;15;899;472;427
066301-129;1702;1225;10;1215;594;621
066301-130;1788;1296;15;1281;660;621
066301-131;1021;678;6;672;334;338
066301-132;1311;935;11;924;518;406
066301-133;1394;983;7;976;515;461
066301-134;1224;864;4;860;450;410
066301-135;2055;1427;17;1410;754;656
066301-136;1644;1220;7;1213;669;544
066301-137;1713;1131;8;1123;562;561
066301-138;1374;923;9;914;483;431
066301-139;1578;1128;8;1120;615;505
066301-140;1428;871;11;860;468;392
066301-141;1316;903;13;890;482;408
066301-142;1009;714;3;711;368;343
066301-143;804;568;0;568;299;269
066301-144;1048;549;3;546;347;199
066301-145;934;618;6;612;361;251
066301-146;998;667;4;663;392;271
066301-147;1119;671;8;663;391;272
066301-148;977;606;5;601;332;269
066301-149;846;521;4;517;331;186
066301-150;1185;629;5;624;340;284
066301-151;891;533;5;528;299;229
066301-152;756;404;1;403;222;181
066301-153;509;316;2;314;161;153
066301-154;1730;916;8;908;572;336
066301-155;335;213;2;211;126;85
066301-156;1832;1272;11;1261;628;633
066301-157;865;598;3;595;332;263
066301-158;2546;1677;18;1659;894;765
066301-159;754;504;10;494;278;216
066301-160;1660;1160;14;1146;690;456
066301-161;2309;1533;21;1512;899;613
066301-162;1744;1193;9;1184;727;457
066301-163;1861;1317;8;1309;753;556
066301-164;1772;1177;5;1172;681;491
066301-165;1409;916;10;906;539;367
066301-166;1015;725;4;721;298;423
066301-167;1786;1412;18;1394;531;863
066301-168;1418;1025;13;1012;529;483
066301-169;1887;1050;15;1035;592;443
066301-170;829;543;9;534;302;232
066301-171;2090;1460;9;1451;746;705
066301-172;2266;1615;12;1603;786;817
066301-173;1566;1050;12;1038;545;493
066301-174;1279;855;9;846;455;391
066301-175;1416;1011;7;1004;498;506
066301-176;1052;733;2;731;385;346
066301-177;1931;1283;6;1277;673;604
066301-178;450;308;3;305;149;156
066301-179;1296;996;13;983;514;469
066301-180;1289;858;12;846;426;420
066301-181;1498;847;17;830;471;359
066301-182;1378;987;12;975;513;462
066301-183;1366;905;5;900;493;407
066301-184;1595;1183;5;1178;725;453
066301-185;1902;1262;17;1245;659;586
066301-186;1031;723;9;714;429;285
066301-187;1288;872;8;864;516;348
066301-188;1679;1213;7;1206;663;543
066301-189;88;9;0;9;8;1
066301-190;358;94;0;94;61;33
066301-191;23;14;0;14;9;5
066301-192;67;28;1;27;21;6
066301-193;95;21;0;21;15;6
066301-194;266;102;2;100;77;23
066301-195;77;31;0;31;24;7
066301-196;1298;294;1;293;169;124
066301-197;555;170;1;169;117;52
066301-198;105;42;0;42;28;14
066301-199;364;95;0;95;70;25
066301-200;457;171;1;170;103;67
066301-201;176;47;1;46;29;17
066301-202;789;171;2;169;131;38
066301-203;73;56;0;56;46;10
066301-204;94;55;3;52;43;9
066301-205;133;72;1;71;64;7
066301-206;116;73;0;73;61;12
066301-207;49;28;1;27;25;2
066301-208;945;708;17;691;149;542
066401-1;1533;897;8;889;464;425
066401-2;1576;1055;10;1045;600;445
066401-3;1778;1210;22;1188;669;519
066401-4;1692;1091;11;1080;567;513
066401-5;1401;906;4;902;528;374
066401-6;1626;1062;5;1057;586;471
066401-7;1756;1139;11;1128;643;485
066401-8;1444;945;10;935;534;401
066401-9;1778;1063;1;1062;600;462
066401-10;1349;900;5;895;522;373
066401-11;2028;1383;14;1369;814;555
066401-12;1826;1230;10;1220;774;446
066401-13;2074;1340;12;1328;662;666
066401-14;1642;1077;10;1067;591;476
066401-15;1389;786;3;783;471;312
066401-16;859;526;4;522;306;216
066401-17;2032;1318;11;1307;752;555
066401-18;1858;1301;10;1291;711;580
066401-19;1865;1292;10;1282;706;576
066401-20;1401;918;6;912;563;349
066401-21;911;608;3;605;294;311
066401-22;1650;1046;7;1039;608;431
066401-23;1183;766;4;762;423;339
066401-24;2014;1293;8;1285;739;546
066401-25;1631;1018;7;1011;587;424
066401-26;1966;1191;5;1186;662;524
066401-27;1915;1311;13;1298;672;626
066401-28;2063;1324;13;1311;724;587
066401-29;1359;882;9;873;515;358
066401-30;693;457;5;452;235;217
066401-31;242;179;2;177;80;97
066401-32;289;210;3;207;152;55
066401-33;137;70;0;70;55;15
066401-34;378;150;1;149;108;41
066401-35;12;9;0;9;5;4
080101-1;882;650;7;643;200;443
080101-2;880;590;4;586;221;365
080101-3;881;582;5;577;182;395
080101-4;917;640;1;639;164;475
080101-5;899;642;5;637;218;419
080101-6;845;578;6;572;202;370
080101-7;901;552;5;547;216;331
080101-8;787;510;3;507;151;356
080101-9;907;606;3;603;208;395
080101-10;914;651;4;647;239;408
080101-11;824;543;2;541;163;378
080101-12;758;503;7;496;139;357
080101-13;781;535;2;533;149;384
080101-14;765;540;2;538;184;354
080101-15;1069;714;1;713;241;472
080101-16;54;38;0;38;12;26
080101-17;46;35;0;35;34;1
080102-1;1876;1238;4;1234;502;732
080102-2;762;437;5;432;233;199
080102-3;616;383;2;381;212;169
080102-4;1771;1235;9;1226;515;711
080102-5;378;246;0;246;111;135
080103-1;2351;1673;24;1649;618;1031
080103-2;1548;1041;14;1027;479;548
080103-3;1531;1038;12;1026;394;632
080103-4;1232;703;6;697;376;321
080103-5;851;560;6;554;298;256
080104-1;1417;1055;11;1044;333;711
080104-2;1197;854;12;842;320;522
080104-3;926;754;7;747;182;565
080104-4;706;424;6;418;186;232
080104-5;390;274;5;269;100;169
080104-6;626;476;5;471;163;308
080104-7;868;668;10;658;200;458
080104-8;457;318;7;311;102;209
080105-1;615;371;3;368;178;190
080105-2;816;415;2;413;234;179
080105-3;849;523;0;523;190;333
080105-4;446;273;1;272;142;130
080105-5;587;346;1;345;138;207
080105-6;1480;994;6;988;378;610
080105-7;504;279;1;278;152;126
080106-1;442;331;1;330;130;200
080106-2;1370;954;9;945;317;628
080106-3;1181;859;8;851;274;577
080106-4;764;482;7;475;245;230
080106-5;744;453;3;450;218;232
080106-6;567;353;4;349;174;175
080106-7;291;152;0;152;78;74
080106-8;1271;729;5;724;321;403
080107-1;1204;707;6;701;291;410
080107-2;1918;1127;9;1118;540;578
080107-3;1910;1170;6;1164;515;649
080107-4;563;370;2;368;215;153
080107-5;587;336;4;332;183;149
080107-6;709;391;2;389;163;226
080107-7;461;299;7;292;148;144
080107-8;599;423;5;418;178;240
080107-9;956;613;7;606;246;360
080107-10;684;442;6;436;186;250
080107-11;56;24;4;20;11;9
080201-1;1765;1129;9;1120;334;786
080201-2;1977;1282;10;1272;381;891
080201-3;889;536;3;533;142;391
080201-4;1288;772;7;765;256;509
080201-5;2245;1424;7;1417;406;1011
080201-6;1537;963;9;954;299;655
080201-7;911;530;5;525;173;352
080201-8;979;594;5;589;193;396
080201-9;936;638;5;633;160;473
080201-10;29;10;0;10;6;4
080202-1;1006;616;4;612;272;340
080202-2;1022;662;3;659;294;365
080202-3;525;294;0;294;156;138
080203-1;1214;762;3;759;370;389
080203-2;726;419;2;417;203;214
080204-1;792;474;5;469;187;282
080204-2;360;247;1;246;94;152
080204-3;698;411;3;408;249;159
080204-4;1073;648;2;646;281;365
080204-5;481;294;2;292;154;138
080204-6;397;231;0;231;120;111
080204-7;56;24;0;24;21;3
080205-1;426;261;5;256;92;164
080205-2;344;222;0;222;85;137
080205-3;391;259;0;259;133;126
080205-4;386;209;1;208;91;117
080205-5;1010;565;8;557;259;298
080205-6;774;451;7;444;210;234
080205-7;355;216;0;216;139;77
080205-8;394;246;1;245;115;130
080205-9;444;273;2;271;107;164
080205-10;703;399;2;397;163;234
080205-11;356;223;2;221;96;125
080205-12;65;53;0;53;20;33
080206-1;950;530;0;530;212;318
080206-2;845;530;5;525;182;343
080206-3;1565;1117;8;1109;355;754
080206-4;1530;1029;4;1025;324;701
080206-5;774;500;3;497;182;315
080206-6;953;600;2;598;234;364
080206-7;872;620;3;617;229;388
080206-8;1024;679;8;671;237;434
080206-9;862;568;7;561;249;312
080206-10;1022;547;3;544;234;310
080206-11;679;368;2;366;196;170
080206-12;1396;944;8;936;394;542
080206-13;1042;632;6;626;337;289
080206-14;49;14;0;14;8;6
080207-1;1412;885;9;876;478;398
080207-2;807;435;4;431;227;204
080301-1;873;574;7;567;237;330
080301-2;744;457;4;453;175;278
080301-3;388;267;1;266;109;157
080301-4;573;317;4;313;195;118
080301-5;392;241;1;240;141;99
080301-6;506;306;4;302;161;141
080302-1;1479;979;7;972;359;613
080302-2;1147;669;15;654;266;388
080302-3;1739;1218;8;1210;470;740
080302-4;1562;1145;7;1138;374;764
080302-5;1309;907;8;899;312;587
080302-6;1726;1070;11;1059;397;662
080302-7;974;589;7;582;208;374
080302-8;902;637;1;636;273;363
080302-9;1137;765;6;759;250;509
080302-10;1414;986;7;979;367;612
080302-11;778;476;5;471;244;227
080302-12;795;493;7;486;188;298
080302-13;1298;952;4;948;310;638
080302-14;1096;686;1;685;231;454
080302-15;793;493;3;490;186;304
080302-16;688;447;9;438;225;213
080302-17;126;20;0;20;12;8
080302-18;449;293;0;293;90;203
080302-19;423;171;7;164;117;47
080303-1;381;205;1;204;93;111
080303-2;985;524;1;523;200;323
080303-3;2003;1325;8;1317;566;751
080303-4;448;309;4;305;138;167
080303-5;257;164;1;163;49;114
080303-6;363;205;2;203;102;101
080303-7;28;21;2;19;12;7
080304-1;2041;1409;16;1393;516;877
080304-2;350;220;5;215;124;91
080304-3;535;326;3;323;164;159
080304-4;382;197;0;197;96;101
080304-5;313;248;1;247;123;124
080304-6;246;170;0;170;101;69
080304-7;42;27;0;27;27;0
080305-1;1098;720;6;714;210;504
080305-2;1425;952;5;947;360;587
080305-3;1260;876;3;873;326;547
080305-4;1270;830;1;829;327;502
080305-5;1239;740;4;736;299;437
080305-6;1121;676;3;673;325;348
080305-7;488;338;3;335;159;176
080305-8;657;391;3;388;179;209
080305-9;379;236;1;235;108;127
080305-10;208;133;0;133;61;72
080305-11;328;202;3;199;100;99
080305-12;79;0;0;0;0;0
080306-1;1934;1244;16;1228;508;720
080306-2;1187;799;5;794;334;460
080306-3;983;576;4;572;275;297
080306-4;1069;613;4;609;300;309
080401-1;1971;1334;6;1328;520;808
080401-2;2001;1480;12;1468;504;964
080401-3;1750;1288;5;1283;525;758
080401-4;1505;1113;13;1100;417;683
080401-5;1948;1412;8;1404;557;847
080401-6;1015;678;2;676;314;362
080401-7;2050;1327;15;1312;526;786
080401-8;1764;1264;7;1257;490;767
080401-9;1899;1381;5;1376;536;840
080401-10;2073;1389;22;1367;577;790
080401-11;1797;1124;6;1118;439;679
080401-12;675;427;4;423;164;259
080401-13;1425;848;3;845;332;513
080401-14;1737;980;10;970;453;517
080401-15;1608;977;8;969;439;530
080401-16;1544;1018;8;1010;437;573
080401-17;1561;1008;8;1000;416;584
080401-18;397;143;3;140;56;84
080402-1;1984;1266;8;1258;535;723
080402-2;2142;1197;7;1190;557;633
080403-1;1734;1065;9;1056;525;531
080403-2;1090;661;4;657;345;312
080404-1;750;478;8;470;172;298
080404-2;1538;1023;6;1017;432;585
080404-3;1646;989;7;982;419;563
080404-4;1584;971;11;960;439;521
080404-5;2233;1471;7;1464;574;890
080404-6;83;37;1;36;33;3
080404-7;805;443;2;441;252;189
080404-8;609;387;1;386;203;183
080404-9;855;494;5;489;251;238
080404-10;941;556;5;551;306;245
080404-11;981;564;3;561;283;278
080405-1;475;294;2;292;148;144
080405-2;567;387;3;384;225;159
080405-3;1013;645;6;639;302;337
080405-4;1013;654;2;652;239;413
080405-5;482;336;2;334;115;219
080405-6;563;354;8;346;219;127
080405-7;1336;827;10;817;392;425
080406-1;1152;770;4;766;365;401
080406-2;960;594;3;591;289;302
080406-3;781;448;3;445;253;192
080406-4;494;300;3;297;165;132
080406-5;246;137;0;137;101;36
080406-6;272;149;4;145;67;78
080406-7;202;128;0;128;90;38
080407-1;1806;1193;7;1186;525;661
080407-2;1480;1058;7;1051;457;594
080407-3;958;580;1;579;243;336
080407-4;1121;713;8;705;341;364
080408-1;892;454;6;448;292;156
080408-2;1866;1160;7;1153;650;503
080501-1;2142;1379;13;1366;570;796
080501-2;1143;572;4;568;324;244
080501-3;462;254;1;253;102;151
080501-4;553;280;4;276;156;120
080501-5;732;440;1;439;244;195
080502-1;1431;904;9;895;353;542
080502-2;666;400;6;394;251;143
080502-3;501;310;1;309;190;119
080502-4;646;362;3;359;183;176
080503-1;1175;809;8;801;306;495
080503-2;1162;752;2;750;263;487
080503-3;1738;1032;5;1027;465;562
080503-4;812;447;3;444;217;227
080504-1;1521;915;4;911;405;506
080504-2;1442;920;10;910;368;542
080504-3;1479;950;8;942;421;521
080504-4;1554;1058;16;1042;401;641
080504-5;1385;821;2;819;381;438
080505-1;1044;813;4;809;200;609
080505-2;906;603;3;600;177;423
080505-3;940;611;6;605;179;426
080505-4;933;675;1;674;225;449
080505-5;1018;693;0;693;190;503
080505-6;913;641;2;639;204;435
080505-7;756;503;6;497;165;332
080505-8;924;583;2;581;209;372
080505-9;809;538;2;536;172;364
080505-10;973;648;1;647;168;479
080505-11;1047;676;7;669;184;485
080505-12;1110;719;10;709;238;471
080505-13;1249;846;6;840;236;604
080505-14;1190;691;7;684;307;377
080505-15;400;256;2;254;101;153
080505-16;983;709;1;708;190;518
080505-17;59;35;0;35;11;24
080601-1;2073;1251;11;1240;652;588
080601-2;2125;1342;8;1334;631;703
080601-3;433;256;2;254;117;137
080601-4;508;297;3;294;132;162
080601-5;274;158;0;158;55;103
080601-6;41;35;3;32;26;6
080602-1;1015;655;8;647;329;318
080602-2;1378;817;2;815;319;496
080602-3;1584;941;10;931;382;549
080602-4;1147;791;7;784;376;408
080602-5;1928;1181;17;1164;511;653
080602-6;780;551;5;546;257;289
080602-7;442;254;1;253;99;154
080602-8;394;234;2;232;85;147
080602-9;679;488;2;486;172;314
080602-10;1152;702;1;701;376;325
080602-11;905;574;6;568;252;316
080602-12;979;568;3;565;336;229
080602-13;660;385;3;382;241;141
080602-14;600;349;0;349;193;156
080602-15;69;22;0;22;9;13
080603-1;1593;982;5;977;389;588
080603-2;645;344;3;341;200;141
080603-3;401;228;3;225;126;99
080603-4;523;263;4;259;148;111
080604-1;1635;1044;5;1039;384;655
080604-2;1895;1206;5;1201;449;752
080604-3;1753;1082;9;1073;409;664
080604-4;1752;1096;8;1088;373;715
080604-5;1706;1113;9;1104;416;688
080604-6;801;486;4;482;239;243
080604-7;926;560;3;557;239;318
080604-8;691;405;2;403;204;199
080604-9;915;517;1;516;258;258
080604-10;415;257;3;254;128;126
080604-11;464;229;5;224;100;124
080605-1;748;380;4;376;213;163
080605-2;294;153;2;151;97;54
080605-3;1049;582;5;577;287;290
080605-4;1361;848;6;842;376;466
080701-1;1848;1294;9;1285;598;687
080701-2;716;422;1;421;197;224
080701-3;1104;705;6;699;361;338
080702-1;1720;1147;10;1137;416;721
080702-2;157;82;0;82;37;45
080702-3;241;140;2;138;75;63
080702-4;581;368;2;366;180;186
080703-1;1330;883;5;878;415;463
080703-2;1203;741;5;736;356;380
080703-3;721;457;1;456;279;177
080703-4;462;237;4;233;135;98
080703-5;228;150;1;149;40;109
080704-1;862;639;3;636;270;366
080704-2;759;502;3;499;222;277
080704-3;765;522;4;518;233;285
080704-4;809;570;5;565;259;306
080704-5;983;717;1;716;259;457
080704-6;763;498;2;496;261;235
080704-7;794;440;9;431;201;230
080704-8;808;443;3;440;237;203
080704-9;915;611;6;605;273;332
080704-10;532;356;5;351;162;189
080704-11;1029;601;5;596;341;255
080704-12;619;354;8;346;188;158
080704-13;734;386;1;385;183;202
080704-14;828;495;3;492;285;207
080704-15;441;268;1;267;141;126
080704-16;61;45;1;44;24;20
080704-17;185;91;6;85;78;7
080705-1;1297;863;7;856;329;527
080705-2;884;526;3;523;205;318
080705-3;659;360;2;358;194;164
080705-4;1218;639;3;636;255;381
080705-5;392;182;3;179;76;103
080705-6;722;396;1;395;184;211
080705-7;63;33;0;33;19;14
080801-1;2007;1355;25;1330;592;738
080801-2;1012;651;8;643;254;389
080802-1;2256;1508;14;1494;595;899
080802-2;1119;670;2;668;280;388
080802-3;934;494;3;491;247;244
080803-1;1082;640;5;635;307;328
080803-2;1717;1177;7;1170;347;823
080803-3;1390;819;4;815;380;435
080803-4;175;137;2;135;79;56
080804-1;1523;968;8;960;500;460
080804-2;585;323;5;318;160;158
080804-3;980;579;7;572;304;268
080805-1;2231;1562;12;1550;565;985
080805-2;1249;846;8;838;283;555
080805-3;1029;681;2;679;237;442
080805-4;653;454;3;451;176;275
080805-5;1257;790;8;782;300;482
080805-6;2068;1263;12;1251;531;720
080805-7;1048;730;1;729;294;435
080805-8;1066;743;3;740;229;511
080805-9;2374;1611;21;1590;668;922
080805-10;1228;884;7;877;326;551
080805-11;1747;1244;15;1229;429;800
080805-12;929;497;4;493;229;264
080805-13;546;310;3;307;171;136
080805-14;963;559;1;558;251;307
080805-15;374;225;1;224;140;84
080805-16;559;350;0;350;179;171
080805-17;666;393;5;388;216;172
080805-18;684;411;4;407;179;228
080805-19;1399;854;0;854;367;487
080805-20;60;19;0;19;4;15
080805-21;179;70;1;69;22;47
080805-22;127;51;1;50;23;27
080806-1;1311;913;6;907;323;584
080806-2;1288;886;8;878;344;534
080806-3;1360;951;5;946;305;641
080806-4;1302;876;13;863;334;529
080806-5;1071;652;4;648;280;368
080901-1;1494;968;2;966;307;659
080901-2;1592;1046;6;1040;401;639
080901-3;1124;749;8;741;387;354
080901-4;701;467;3;464;238;226
080902-1;1406;805;5;800;367;433
080902-2;886;552;7;545;267;278
080902-3;309;156;2;154;89;65
080903-1;1664;1171;14;1157;405;752
080903-2;1512;959;14;945;347;598
080903-3;1032;627;3;624;335;289
080903-4;799;460;8;452;190;262
080903-5;941;482;4;478;279;199
080903-6;1193;843;2;841;223;618
080903-7;403;288;5;283;152;131
080904-1;1820;1178;10;1168;505;663
080904-2;2043;1320;4;1316;526;790
080904-3;723;450;1;449;190;259
080905-1;2171;1435;11;1424;609;815
080905-2;1728;1138;3;1135;429;706
080905-3;659;393;4;389;186;203
080905-4;576;363;2;361;164;197
080905-5;685;393;3;390;194;196
080905-6;1333;752;9;743;386;357
080905-7;812;509;11;498;103;395
080906-1;1927;1343;10;1333;518;815
080906-2;2459;1632;7;1625;625;1000
080906-3;1528;1018;3;1015;397;618
080906-4;1710;1045;2;1043;446;597
080906-5;2646;1850;13;1837;714;1123
080906-6;1883;1268;11;1257;437;820
080906-7;573;328;1;327;143;184
080906-8;1116;739;5;734;249;485
080906-9;626;386;1;385;192;193
080906-10;774;465;4;461;202;259
080906-11;504;276;1;275;121;154
080906-12;653;439;8;431;177;254
080906-13;539;288;1;287;117;170
080906-14;2502;1758;18;1740;638;1102
080906-15;81;63;1;62;33;29
080907-1;1669;1205;9;1196;375;821
080907-2;1279;963;3;960;319;641
080907-3;1263;830;6;824;342;482
080907-4;899;690;3;687;185;502
080908-1;1136;701;9;692;310;382
080908-2;49;23;1;22;17;5
080908-3;461;223;3;220;107;113
080908-4;424;262;4;258;141;117
080908-5;465;250;3;247;113;134
080909-1;1746;1154;7;1147;407;740
080909-2;608;460;3;457;147;310
080909-3;944;729;7;722;173;549
081001-1;806;460;5;455;201;254
081001-2;815;447;1;446;205;241
081001-3;731;389;3;386;180;206
081002-1;2190;1359;6;1353;541;812
081002-2;1037;712;4;708;252;456
081002-3;1821;1148;4;1144;445;699
081002-4;1517;1031;4;1027;367;660
081002-5;1515;928;5;923;373;550
081002-6;630;459;5;454;188;266
081002-7;1901;1248;11;1237;517;720
081002-8;1340;839;11;828;296;532
081002-9;748;452;3;449;196;253
081002-10;2108;1510;8;1502;513;989
081002-11;1502;918;3;915;351;564
081002-12;1275;816;3;813;355;458
081002-13;1115;791;10;781;326;455
081002-14;12;12;0;12;7;5
081003-1;1017;646;10;636;383;253
081003-2;847;525;3;522;280;242
081003-3;556;354;5;349;243;106
081003-4;472;307;3;304;147;157
081004-1;940;573;6;567;278;289
081004-2;1042;611;4;607;261;346
081004-3;1017;640;4;636;269;367
081004-4;1182;653;3;650;358;292
081004-5;535;301;0;301;180;121
081004-6;605;336;0;336;203;133
081005-1;1844;1026;10;1016;487;529
081005-2;1346;816;9;807;385;422
081005-3;886;560;3;557;310;247
081006-1;1130;717;9;708;220;488
081006-2;943;513;5;508;287;221
081006-3;1363;826;4;822;586;236
081007-1;1914;1130;5;1125;512;613
081007-2;1920;1176;7;1169;514;655
081007-3;909;498;1;497;270;227
081007-4;2003;1284;12;1272;530;742
081007-5;1447;846;14;832;399;433
081007-6;1384;831;0;831;377;454
081007-7;1065;605;6;599;336;263
081007-8;904;510;5;505;273;232
081007-9;894;509;2;507;246;261
081007-10;1939;1109;11;1098;535;563
081007-11;1466;781;0;781;488;293
081007-12;19;5;0;5;4;1
081008-1;1097;730;10;720;401;319
081008-2;689;447;8;439;230;209
081009-1;807;494;4;490;224;266
081009-2;555;317;2;315;149;166
081009-3;654;381;3;378;182;196
081009-4;532;284;1;283;151;132
081009-5;436;247;2;245;144;101
081009-6;757;404;2;402;232;170
081009-7;858;519;7;512;171;341
081009-8;366;230;4;226;105;121
081009-9;385;255;2;253;110;143
081009-10;243;131;1;130;70;60
081101-1;1008;589;7;582;182;400
081101-2;905;554;8;546;184;362
081102-1;1735;1152;4;1148;405;743
081102-2;1600;1028;8;1020;376;644
081102-3;1282;862;6;856;347;509
081102-4;1152;678;4;674;303;371
081102-5;1683;1166;5;1161;464;697
081102-6;1425;856;4;852;383;469
081102-7;1653;942;8;934;371;563
081102-8;1275;755;4;751;291;460
081102-9;1028;664;6;658;298;360
081102-10;1052;726;4;722;239;483
081102-11;1021;748;5;743;227;516
081102-12;934;572;2;570;222;348
081102-13;1302;851;9;842;293;549
081102-14;1300;760;2;758;315;443
081102-15;1417;919;4;915;380;535
081102-16;1437;784;5;779;268;511
081102-17;1443;874;6;868;360;508
081102-18;1192;829;6;823;309;514
081102-19;1585;1145;6;1139;388;751
081102-20;1217;826;4;822;316;506
081102-21;1202;733;5;728;289;439
081102-22;65;40;0;40;22;18
081102-23;36;36;2;34;21;13
081103-1;983;547;4;543;222;321
081103-2;966;558;5;553;254;299
081103-3;628;334;3;331;142;189
081104-1;1996;1218;7;1211;486;725
081104-2;1723;953;11;942;345;597
081104-3;704;402;1;401;216;185
081104-4;931;534;7;527;267;260
081105-1;1142;643;4;639;301;338
081105-2;707;433;4;429;171;258
081105-3;304;175;1;174;89;85
081105-4;394;189;1;188;111;77
081106-1;1911;1045;7;1038;417;621
081106-2;1034;513;3;510;198;312
081106-3;2020;1268;4;1264;443;821
081106-4;1063;619;4;615;229;386
081106-5;1125;707;7;700;232;468
081106-6;1606;951;1;950;330;620
081106-7;1614;999;5;994;341;653
081106-8;892;526;3;523;277;246
081106-9;1664;910;9;901;405;496
081106-10;928;561;4;557;270;287
081106-11;130;52;1;51;34;17
081106-12;87;82;0;82;25;57
081106-13;47;1;0;1;1;0
081107-1;663;430;3;427;287;140
081107-2;1017;617;4;613;256;357
081107-3;788;469;4;465;286;179
081108-1;1709;1037;10;1027;429;598
081108-2;369;194;3;191;111;80
081108-3;925;530;11;519;295;224
081108-4;939;562;1;561;252;309
081108-5;590;368;6;362;158;204
081109-1;1751;1050;10;1040;397;643
081109-2;619;336;7;329;154;175
081110-1;1102;690;7;683;391;292
081110-2;1081;683;4;679;336;343
081110-3;1396;879;3;876;392;484
081110-4;1824;1093;8;1085;450;635
081110-5;863;559;2;557;259;298
081110-6;1434;848;10;838;440;398
081110-7;873;527;3;524;239;285
081110-8;795;561;3;558;224;334
081201-1;2345;1718;15;1703;683;1020
081201-2;1340;874;5;869;346;523
081201-3;681;488;1;487;235;252
081201-4;1145;647;9;638;339;299
081201-5;565;288;2;286;165;121
081201-6;779;427;7;420;230;190
081201-7;739;405;3;402;268;134
081201-8;479;291;1;290;164;126
081201-9;675;449;4;445;270;175
081201-10;409;229;4;225;128;97
081201-11;309;185;0;185;118;67
081201-12;1035;781;2;779;243;536
081202-1;998;679;9;670;428;242
081202-2;1117;667;6;661;420;241
081202-3;711;422;0;422;291;131
081202-4;1054;699;8;691;473;218
081203-1;1684;1013;5;1008;510;498
081203-2;1597;907;5;902;505;397
081203-3;1933;1208;7;1201;637;564
081203-4;1162;707;5;702;363;339
081203-5;1769;1122;10;1112;534;578
081203-6;696;486;4;482;231;251
081203-7;1583;1043;12;1031;468;563
081203-8;451;299;3;296;184;112
081203-9;801;506;2;504;295;209
081203-10;958;669;3;666;349;317
081203-11;829;487;3;484;305;179
081203-12;489;271;6;265;167;98
081203-13;711;442;2;440;216;224
081203-14;648;404;3;401;254;147
081203-15;809;476;1;475;348;127
081203-16;73;4;0;4;1;3
086101-1;1229;888;9;879;356;523
086101-2;1437;1063;10;1053;370;683
086101-3;1148;771;7;764;309;455
086101-4;1285;810;4;806;335;471
086101-5;1166;709;2;707;301;406
086101-6;862;424;2;422;199;223
086101-7;1981;1181;11;1170;453;717
086101-8;1773;1030;11;1019;448;571
086101-9;1469;1113;9;1104;413;691
086101-10;849;497;0;497;225;272
086101-11;971;649;5;644;278;366
086101-12;1424;777;3;774;364;410
086101-13;1749;1157;8;1149;463;686
086101-14;1448;986;7;979;366;613
086101-15;1907;1244;8;1236;468;768
086101-16;1966;1358;13;1345;548;797
086101-17;1244;826;7;819;309;510
086101-18;1647;1106;7;1099;418;681
086101-19;1462;1041;9;1032;397;635
086101-20;1960;1480;16;1464;425;1039
086101-21;1772;1213;7;1206;422;784
086101-22;1251;838;9;829;257;572
086101-23;1531;1046;6;1040;371;669
086101-24;875;606;3;603;206;397
086101-25;603;435;1;434;153;281
086101-26;802;521;4;517;191;326
086101-27;788;445;2;443;181;262
086101-28;1174;726;6;720;297;423
086101-29;734;468;12;456;214;242
086101-30;785;432;4;428;147;281
086101-31;1365;804;9;795;340;455
086101-32;1021;582;4;578;253;325
086101-33;1275;677;5;672;299;373
086101-34;1607;954;5;949;347;602
086101-35;1536;1103;9;1094;308;786
086101-36;2014;1378;13;1365;490;875
086101-37;1611;1206;6;1200;352;848
086101-38;1732;1193;6;1187;321;866
086101-39;568;400;3;397;129;268
086101-40;1866;1311;8;1303;434;869
086101-41;1620;1164;6;1158;449;709
086101-42;1587;1144;16;1128;423;705
086101-43;1611;1201;15;1186;305;881
086101-44;1225;902;12;890;317;573
086101-45;1727;1304;15;1289;343;946
086101-46;1254;853;4;849;258;591
086101-47;1341;936;7;929;324;605
086101-48;1911;1355;6;1349;457;892
086101-49;1798;1229;12;1217;472;745
086101-50;1881;1328;10;1318;501;817
086101-51;1816;1296;10;1286;472;814
086101-52;1534;1159;7;1152;387;765
086101-53;1129;752;6;746;302;444
086101-54;2108;1448;10;1438;564;874
086101-55;1841;1356;9;1347;424;923
086101-56;1345;919;14;905;329;576
086101-57;1676;1190;9;1181;456;725
086101-58;1035;658;7;651;239;412
086101-59;1332;962;3;959;333;626
086101-60;665;492;1;491;193;298
086101-61;1503;990;5;985;459;526
086101-62;1787;1186;9;1177;439;738
086101-63;1648;1058;7;1051;398;653
086101-64;255;100;1;99;74;25
086101-65;305;119;3;116;57;59
086101-66;577;376;4;372;97;275
086101-67;184;94;6;88;75;13
086101-68;67;33;1;32;26;6
086201-1;1631;1056;10;1046;327;719
086201-2;1200;829;6;823;258;565
086201-3;1073;712;5;707;204;503
086201-4;1074;792;6;786;251;535
086201-5;1456;1120;8;1112;361;751
086201-6;1511;1237;5;1232;287;945
086201-7;1262;1040;7;1033;281;752
086201-8;1056;783;3;780;254;526
086201-9;1517;1135;8;1127;344;783
086201-10;1380;1098;6;1092;291;801
086201-11;1550;1158;8;1150;379;771
086201-12;1527;1138;7;1131;390;741
086201-13;1197;880;5;875;272;603
086201-14;1274;938;5;933;283;650
086201-15;1235;900;9;891;308;583
086201-16;1551;1115;9;1106;323;783
086201-17;1132;844;5;839;272;567
086201-18;1317;964;6;958;308;650
086201-19;1297;852;7;845;306;539
086201-20;1206;855;4;851;258;593
086201-21;1512;1055;12;1043;391;652
086201-22;1381;904;8;896;307;589
086201-23;1691;1265;9;1256;378;878
086201-24;1678;1345;11;1334;308;1026
086201-25;1290;851;10;841;329;512
086201-26;1185;770;8;762;237;525
086201-27;1260;868;14;854;288;566
086201-28;1515;1074;13;1061;342;719
086201-29;1194;906;5;901;252;649
086201-30;1543;1208;9;1199;293;906
086201-31;1226;998;6;992;210;782
086201-32;1215;986;8;978;262;716
086201-33;814;651;6;645;171;474
086201-34;1647;1176;11;1165;403;762
086201-35;827;624;3;621;228;393
086201-36;2360;1808;13;1795;418;1377
086201-37;2152;1449;11;1438;614;824
086201-38;1456;1091;7;1084;345;739
086201-39;1050;769;1;768;202;566
086201-40;2107;1583;12;1571;465;1106
086201-41;1486;1165;8;1157;347;810
086201-42;1621;1024;11;1013;378;635
086201-43;1912;1410;5;1405;503;902
086201-44;1950;1531;10;1521;379;1142
086201-45;1470;1101;9;1092;339;753
086201-46;2011;1565;19;1546;482;1064
086201-47;2014;1522;9;1513;394;1119
086201-48;1530;1182;6;1176;354;822
086201-49;1360;953;4;949;317;632
086201-50;2102;1605;19;1586;412;1174
086201-51;1764;1312;10;1302;373;929
086201-52;1345;866;8;858;312;546
086201-53;1149;840;4;836;240;596
086201-54;1458;1042;8;1034;379;655
086201-55;1729;1225;8;1217;399;818
086201-56;1654;1231;17;1214;321;893
086201-57;1054;720;5;715;264;451
086201-58;1406;1064;10;1054;296;758
086201-59;998;744;6;738;216;522
086201-60;955;712;9;703;221;482
086201-61;1494;988;8;980;352;628
086201-62;1424;962;7;955;311;644
086201-63;1077;745;8;737;227;510
086201-64;979;575;8;567;220;347
086201-65;1170;726;7;719;223;496
086201-66;1068;658;7;651;245;406
086201-67;1080;653;7;646;211;435
086201-68;1353;796;14;782;299;483
086201-69;1490;1021;10;1011;313;698
086201-70;1474;1041;14;1027;353;674
086201-71;1708;1334;7;1327;397;930
086201-72;1798;1374;14;1360;414;946
086201-73;63;32;1;31;23;8
086201-74;149;85;13;72;58;14
086201-75;692;216;0;216;104;112
086201-76;344;229;4;225;58;167
100101-1;1576;1210;7;1203;566;637
100101-2;1367;849;7;842;616;226
100101-3;1911;1328;14;1314;782;532
100101-4;1608;1113;7;1106;708;398
100101-5;1711;1170;10;1160;744;416
100101-6;1606;1144;10;1134;689;445
100101-7;1512;1078;8;1070;633;437
100101-8;1555;1085;12;1073;727;346
100101-9;1477;1047;12;1035;676;359
100101-10;1595;1099;14;1085;773;312
100101-11;1531;927;11;916;556;360
100101-12;1550;1098;13;1085;645;440
100101-13;1695;1233;10;1223;736;487
100101-14;1700;1278;19;1259;906;353
100101-15;1535;1058;19;1039;678;361
100101-16;1453;1065;15;1050;697;353
100101-17;1518;1154;20;1134;576;558
100101-18;1818;1267;23;1244;730;514
100101-19;1793;1228;17;1211;744;467
100101-20;1707;1238;6;1232;806;426
100101-21;2100;1546;20;1526;908;618
100101-22;1910;1323;5;1318;835;483
100101-23;2015;1394;18;1376;823;553
100101-24;1886;1236;18;1218;776;442
100101-25;1384;935;12;923;564;359
100101-26;1384;915;10;905;554;351
100101-27;393;152;3;149;121;28
100101-28;72;59;1;58;51;7
100102-1;1975;1492;18;1474;1018;456
100102-2;1042;706;6;700;518;182
100102-3;1523;1157;10;1147;852;295
100102-4;928;671;8;663;559;104
100102-5;1249;937;11;926;642;284
100102-6;1404;1025;11;1014;702;312
100102-7;396;287;5;282;233;49
100102-8;628;488;3;485;326;159
100103-1;632;436;6;430;343;87
100103-2;579;374;2;372;302;70
100103-3;677;462;6;456;300;156
100103-4;789;546;7;539;397;142
100103-5;770;520;3;517;405;112
100103-6;868;621;5;616;463;153
100104-1;578;404;4;400;273;127
100104-2;1502;1056;14;1042;674;368
100104-3;1407;1053;13;1040;753;287
100104-4;1009;706;7;699;511;188
100104-5;30;28;1;27;24;3
100105-1;1512;1047;11;1036;775;261
100105-2;1165;839;4;835;679;156
100105-3;882;607;6;601;433;168
100106-1;1016;744;12;732;540;192
100106-2;1038;795;10;785;540;245
100106-3;1011;739;6;733;542;191
100106-4;478;353;2;351;264;87
100106-5;623;449;4;445;374;71
100107-1;477;361;0;361;294;67
100107-2;916;595;6;589;438;151
100107-3;1175;875;18;857;569;288
100107-4;1251;918;5;913;561;352
100107-5;1374;972;6;966;738;228
100107-6;883;648;5;643;516;127
100107-7;506;376;6;370;291;79
100108-1;962;662;6;656;473;183
100108-2;1685;1174;11;1163;897;266
100108-3;1527;1030;4;1026;821;205
100108-4;943;645;5;640;459;181
100108-5;1487;982;13;969;674;295
100108-6;1493;1059;10;1049;678;371
100108-7;680;414;3;411;257;154
100108-8;1390;927;9;918;618;300
100108-9;1541;1095;13;1082;754;328
100108-10;48;31;1;30;28;2
100201-1;1189;863;7;856;404;452
100201-2;1461;841;2;839;457;382
100201-3;1494;1025;11;1014;465;549
100201-4;1340;900;11;889;506;383
100201-5;1047;714;6;708;337;371
100201-6;1449;1021;10;1011;484;527
100201-7;1166;822;5;817;415;402
100201-8;1073;732;7;725;404;321
100201-9;1401;976;5;971;493;478
100201-10;1780;1245;13;1232;630;602
100201-11;1002;557;7;550;320;230
100201-12;1342;950;7;943;556;387
100201-13;881;503;6;497;273;224
100201-14;1851;1233;8;1225;635;590
100201-15;1731;1111;7;1104;637;467
100201-16;725;418;3;415;220;195
100201-17;1532;1060;7;1053;554;499
100201-18;1833;1291;10;1281;636;645
100201-19;1312;947;4;943;425;518
100201-20;425;229;2;227;148;79
100201-21;1639;1107;12;1095;601;494
100201-22;2015;1388;8;1380;719;661
100201-23;1931;1361;10;1351;714;637
100201-24;1502;1103;8;1095;581;514
100201-25;1122;800;6;794;372;422
100201-26;75;37;2;35;24;11
100201-27;66;42;0;42;26;16
100201-28;73;48;0;48;47;1
100201-29;194;77;1;76;50;26
100202-1;1187;758;7;751;535;216
100202-2;1230;776;5;771;585;186
100202-3;531;366;4;362;276;86
100202-4;810;529;7;522;438;84
100202-5;555;362;5;357;240;117
100202-6;64;34;0;34;28;6
100202-7;76;61;1;60;46;14
100203-1;875;600;2;598;459;139
100203-2;198;122;0;122;82;40
100203-3;264;179;3;176;153;23
100203-4;233;144;3;141;100;41
100204-1;1416;942;9;933;588;345
100204-2;291;191;2;189;138;51
100204-3;880;524;1;523;412;111
100204-4;896;556;3;553;350;203
100204-5;779;500;9;491;257;234
100204-6;514;356;3;353;286;67
100204-7;456;301;3;298;240;58
100204-8;901;575;4;571;463;108
100204-9;438;266;0;266;211;55
100205-1;1195;746;7;739;526;213
100205-2;507;343;5;338;266;72
100205-3;914;582;6;576;461;115
100205-4;759;550;5;545;346;199
100206-1;792;521;7;514;405;109
100206-2;1412;983;8;975;606;369
100206-3;464;290;3;287;229;58
100206-4;799;551;2;549;363;186
100206-5;1279;863;6;857;581;276
100206-6;533;361;1;360;219;141
100206-7;794;534;4;530;378;152
100206-8;684;474;6;468;239;229
100207-1;1129;731;7;724;536;188
100207-2;729;453;6;447;353;94
100207-3;57;44;1;43;41;2
100208-1;1097;696;9;687;458;229
100208-2;905;582;4;578;380;198
100208-3;461;303;5;298;227;71
100208-4;365;237;3;234;199;35
100209-1;1103;753;3;750;563;187
100209-2;909;660;10;650;535;115
100210-1;1519;1016;8;1008;719;289
100210-2;599;386;2;384;285;99
100210-3;600;413;9;404;331;73
100210-4;437;279;3;276;216;60
100211-1;1539;888;6;882;576;306
100211-2;645;394;1;393;278;115
100211-3;413;242;1;241;193;48
100211-4;1337;798;8;790;463;327
100211-5;1169;794;11;783;396;387
100211-6;1209;674;3;671;424;247
100211-7;698;362;2;360;238;122
100211-8;1248;791;8;783;446;337
100211-9;1118;725;5;720;392;328
100301-1;1943;1446;22;1424;908;516
100301-2;534;364;4;360;235;125
100301-3;673;490;6;484;326;158
100301-4;416;287;4;283;214;69
100301-5;473;327;2;325;210;115
100302-1;1554;1101;7;1094;464;630
100302-2;1596;1081;10;1071;562;509
100302-3;1378;913;5;908;498;410
100302-4;1357;1014;4;1010;465;545
100302-5;1234;822;2;820;420;400
100302-6;1122;840;9;831;394;437
100302-7;1735;1268;9;1259;582;677
100302-8;1716;1085;16;1069;516;553
100302-9;1771;1264;17;1247;544;703
100302-10;734;475;2;473;309;164
100302-11;1131;736;5;731;445;286
100302-12;1413;1000;13;987;493;494
100302-13;871;628;6;622;334;288
100302-14;1073;716;7;709;513;196
100302-15;684;452;3;449;344;105
100302-16;1139;760;13;747;436;311
100302-17;1225;763;7;756;449;307
100302-18;174;48;1;47;34;13
100303-1;930;647;12;635;414;221
100303-2;411;276;1;275;200;75
100303-3;1224;883;8;875;592;283
100303-4;562;360;5;355;276;79
100303-5;372;286;3;283;219;64
100303-6;821;595;9;586;364;222
100303-7;848;587;7;580;400;180
100304-1;1219;820;7;813;633;180
100304-2;795;513;5;508;361;147
100304-3;1071;710;3;707;511;196
100304-4;735;486;5;481;358;123
100304-5;439;306;3;303;228;75
100304-6;561;369;3;366;287;79
100304-7;1341;948;3;945;582;363
100305-1;1652;1293;11;1282;726;556
100305-2;1238;954;13;941;575;366
100401-1;646;494;4;490;194;296
100401-2;1387;904;15;889;373;516
100401-3;1452;875;8;867;389;478
100401-4;678;484;7;477;225;252
100401-5;1393;957;6;951;447;504
100401-6;1510;1081;6;1075;478;597
100401-7;1419;956;7;949;457;492
100401-8;1547;989;7;982;452;530
100401-9;768;427;7;420;237;183
100401-10;109;52;0;52;38;14
100401-11;42;40;1;39;36;3
100401-12;25;7;0;7;3;4
100402-1;1596;982;9;973;689;284
100402-2;1559;957;8;949;747;202
100403-1;638;443;5;438;316;122
100403-2;619;400;8;392;320;72
100403-3;269;197;0;197;179;18
100403-4;609;383;6;377;317;60
100403-5;1368;870;5;865;706;159
100403-6;35;35;2;33;27;6
100404-1;726;466;1;465;387;78
100404-2;917;555;5;550;399;151
100404-3;385;214;3;211;166;45
100404-4;711;429;0;429;356;73
100404-5;354;242;4;238;187;51
100404-6;883;586;2;584;469;115
100404-7;883;587;4;583;503;80
100405-1;1387;861;8;853;616;237
100405-2;835;520;6;514;418;96
100405-3;903;566;6;560;436;124
100405-4;953;629;6;623;456;167
100405-5;424;275;2;273;213;60
100405-6;950;656;5;651;479;172
100405-7;401;292;3;289;240;49
100405-8;1016;689;5;684;475;209
100405-9;748;481;7;474;160;314
100406-1;1602;1107;5;1102;701;401
100406-2;1259;894;6;888;666;222
100406-3;943;653;1;652;591;61
100406-4;659;416;4;412;360;52
100406-5;359;245;0;245;183;62
100407-1;512;319;2;317;245;72
100407-2;1224;843;14;829;552;277
100407-3;900;551;3;548;425;123
100407-4;604;413;6;407;323;84
100408-1;494;325;5;320;262;58
100408-2;1283;851;5;846;608;238
100408-3;397;274;2;272;210;62
100408-4;488;324;1;323;252;71
100501-1;1254;927;11;916;533;383
100501-2;1229;757;4;753;454;299
100501-3;1285;917;10;907;523;384
100501-4;1251;931;7;924;509;415
100501-5;1217;852;7;845;442;403
100501-6;780;494;2;492;223;269
100501-7;881;601;11;590;331;259
100501-8;928;574;8;566;303;263
100501-9;1041;731;5;726;365;361
100501-10;814;598;6;592;304;288
100501-11;823;581;4;577;302;275
100501-12;968;716;3;713;339;374
100501-13;971;714;6;708;329;379
100501-14;1226;817;3;814;486;328
100501-15;1165;806;9;797;472;325
100501-16;1180;852;14;838;462;376
100501-17;1046;741;8;733;385;348
100501-18;930;685;5;680;340;340
100501-19;994;738;6;732;391;341
100501-20;906;648;6;642;369;273
100501-21;928;642;10;632;346;286
100501-22;50;16;0;16;12;4
100501-23;666;469;13;456;108;348
100502-1;1272;813;12;801;512;289
100502-2;683;487;7;480;362;118
100502-3;613;389;1;388;307;81
100502-4;639;462;5;457;356;101
100502-5;594;397;2;395;321;74
100502-6;557;356;7;349;283;66
100502-7;73;37;9;28;24;4
100502-8;40;38;0;38;28;10
100503-1;726;483;5;478;404;74
100503-2;978;623;5;618;456;162
100503-3;691;475;5;470;366;104
100504-1;1461;1057;8;1049;770;279
100504-2;1245;865;15;850;676;174
100504-3;917;566;1;565;416;149
100505-1;1587;1050;9;1041;744;297
100505-2;654;462;2;460;394;66
100505-3;494;312;3;309;244;65
100506-1;1866;1231;7;1224;993;231
100506-2;623;420;2;418;344;74
100506-3;971;707;5;702;603;99
100507-1;1104;797;6;791;583;208
100507-2;801;550;12;538;341;197
100507-3;388;281;3;278;226;52
100507-4;895;592;8;584;413;171
100507-5;998;656;12;644;475;169
100507-6;923;658;7;651;408;243
100507-7;635;434;9;425;330;95
100507-8;502;334;2;332;272;60
100508-1;1512;1049;9;1040;706;334
100508-2;435;280;1;279;237;42
100508-3;651;464;2;462;364;98
100508-4;741;477;4;473;354;119
100508-5;468;308;1;307;251;56
100508-6;392;281;0;281;229;52
100508-7;515;373;6;367;304;63
100508-8;536;353;5;348;283;65
100509-1;426;331;1;330;270;60
100509-2;1191;807;6;801;584;217
100509-3;1269;890;9;881;592;289
100509-4;1086;789;7;782;552;230
100509-5;959;697;7;690;530;160
100509-6;952;654;7;647;452;195
100509-7;1249;936;2;934;607;327
100509-8;339;262;1;261;185;76
100510-1;1450;1014;15;999;616;383
100510-2;782;547;10;537;335;202
100510-3;1291;842;7;835;612;223
100510-4;1065;772;7;765;608;157
100602-1;697;491;9;482;261;221
100602-2;680;523;6;517;246;271
100602-3;692;531;3;528;281;247
100602-4;674;463;4;459;247;212
100602-5;1185;858;11;847;427;420
100602-6;705;523;3;520;275;245
100602-7;859;643;5;638;224;414
100602-8;956;696;9;687;268;419
100602-9;700;546;6;540;209;331
100602-10;667;467;5;462;205;257
100602-11;907;711;3;708;332;376
100602-12;937;660;1;659;340;319
100602-13;658;449;5;444;231;213
100602-14;707;539;5;534;246;288
100602-15;77;50;1;49;42;7
100603-1;1072;785;9;776;514;262
100603-2;952;673;5;668;461;207
100603-3;1372;1010;9;1001;725;276
100603-4;718;539;4;535;273;262
100603-5;1158;939;7;932;373;559
100603-6;73;56;4;52;17;35
100607-1;1696;1142;14;1128;661;467
100607-2;1579;1112;12;1100;576;524
100607-3;815;617;6;611;327;284
100607-4;952;695;9;686;373;313
100607-5;929;642;3;639;381;258
100607-6;1081;821;3;818;452;366
100607-7;1157;808;12;796;396;400
100607-8;829;612;4;608;343;265
100607-9;1017;675;7;668;368;300
100607-10;261;205;2;203;78;125
100607-11;795;590;13;577;282;295
100607-12;721;528;2;526;245;281
100607-13;286;210;3;207;140;67
100607-14;810;615;3;612;284;328
100607-15;1522;1118;11;1107;505;602
100607-16;630;483;2;481;256;225
100607-17;325;214;4;210;130;80
100607-18;456;343;3;340;167;173
100607-19;293;194;2;192;131;61
100607-20;483;325;2;323;237;86
100607-21;336;240;3;237;170;67
100607-22;428;300;5;295;222;73
100607-23;234;181;1;180;143;37
100607-24;453;323;4;319;210;109
100607-25;341;262;3;259;188;71
100607-26;32;25;3;22;22;0
100608-1;778;645;5;640;224;416
100608-2;778;641;5;636;183;453
100608-3;1071;845;14;831;357;474
100608-4;594;464;4;460;259;201
100608-5;507;410;6;404;160;244
100608-6;351;253;2;251;105;146
100610-1;1738;1305;10;1295;716;579
100610-2;946;735;6;729;358;371
100610-3;591;471;2;469;286;183
100610-4;1905;1524;23;1501;637;864
100610-5;1093;851;10;841;469;372
100610-6;1175;892;7;885;583;302
100610-7;508;387;2;385;222;163
100611-1;688;500;7;493;259;234
100611-2;739;535;8;527;315;212
100611-3;700;475;0;475;283;192
100611-4;478;344;5;339;159;180
100611-5;734;473;1;472;244;228
100611-6;733;504;6;498;184;314
100611-7;696;494;4;490;231;259
100611-8;624;433;2;431;184;247
100611-9;323;202;5;197;111;86
100611-10;528;341;0;341;228;113
100611-11;492;392;5;387;187;200
100611-12;485;331;1;330;202;128
100611-13;864;646;7;639;500;139
100611-14;832;602;0;602;464;138
100611-15;833;656;3;653;272;381
100611-16;168;83;0;83;49;34
100611-17;83;50;15;35;15;20
100701-1;997;671;6;665;485;180
100701-2;673;459;2;457;382;75
100701-3;431;336;3;333;277;56
100701-4;779;535;6;529;408;121
100701-5;895;630;3;627;460;167
100701-6;937;619;4;615;536;79
100702-1;1067;717;7;710;440;270
100702-2;682;494;4;490;277;213
100702-3;1247;891;0;891;614;277
100702-4;416;340;4;336;310;26
100702-5;705;544;3;541;458;83
100702-6;571;413;4;409;336;73
100702-7;511;377;3;374;334;40
100702-8;545;416;6;410;329;81
100702-9;995;695;5;690;606;84
100702-10;667;502;1;501;428;73
100702-11;507;366;1;365;297;68
100702-12;412;317;1;316;302;14
100702-13;60;55;0;55;53;2
100703-1;1511;1024;12;1012;836;176
100703-2;475;332;1;331;275;56
100703-3;1135;764;7;757;557;200
100703-4;733;517;2;515;441;74
100704-1;990;666;5;661;540;121
100704-2;465;385;3;382;327;55
100704-3;963;685;11;674;579;95
100704-4;592;474;2;472;412;60
100704-5;860;647;4;643;550;93
100704-6;812;625;10;615;467;148
100704-7;804;644;10;634;539;95
100704-8;449;335;1;334;289;45
100704-9;768;609;5;604;517;87
100704-10;960;741;7;734;595;139
100704-11;1489;1114;6;1108;927;181
100704-12;914;679;6;673;567;106
100704-13;1205;867;2;865;542;323
100704-14;1330;975;7;968;724;244
100704-15;1008;720;4;716;345;371
100704-16;1140;844;7;837;523;314
100704-17;1417;1052;12;1040;630;410
100704-18;941;679;7;672;381;291
100704-19;1136;857;11;846;450;396
100704-20;1047;752;5;747;391;356
100704-21;1871;1339;13;1326;701;625
100704-22;1534;1095;11;1084;593;491
100704-23;1323;854;4;850;477;373
100704-24;1091;667;3;664;420;244
100704-25;1131;840;6;834;512;322
100705-1;870;687;8;679;574;105
100705-2;1706;1309;16;1293;1075;218
100705-3;342;254;6;248;216;32
100705-4;567;412;4;408;370;38
100706-1;1172;847;6;841;605;236
100706-2;685;525;2;523;439;84
100706-3;592;437;6;431;356;75
100706-4;283;216;2;214;181;33
100707-1;892;586;0;586;480;106
100707-2;330;226;1;225;181;44
100707-3;870;597;5;592;478;114
100707-4;793;581;8;573;450;123
100707-5;812;605;6;599;465;134
100707-6;772;558;5;553;485;68
100707-7;692;528;1;527;430;97
100707-8;775;565;7;558;476;82
100708-1;622;438;2;436;315;121
100708-2;605;422;1;421;267;154
100708-3;691;508;7;501;390;111
100708-4;376;262;1;261;175;86
100708-5;731;509;2;507;391;116
100708-6;503;355;1;354;298;56
100708-7;745;551;8;543;447;96
100708-8;560;391;6;385;337;48
100708-9;87;56;0;56;52;4
100801-1;1316;1032;10;1022;365;657
100801-2;916;658;6;652;299;353
100801-3;2048;1421;11;1410;539;871
100801-4;1688;1201;8;1193;533;660
100801-5;855;582;8;574;269;305
100801-6;1765;1320;19;1301;632;669
100801-7;1743;1100;16;1084;507;577
100801-8;1700;1188;9;1179;534;645
100801-9;495;373;2;371;171;200
100801-10;450;357;3;354;115;239
100801-11;1073;833;8;825;387;438
100801-12;95;28;3;25;19;6
100801-13;60;19;0;19;14;5
100802-1;2465;1805;10;1795;882;913
100802-2;946;670;9;661;293;368
100802-3;1911;1309;10;1299;528;771
100802-4;2211;1643;16;1627;687;940
100802-5;2160;1469;9;1460;591;869
100802-6;1046;742;8;734;325;409
100802-7;2365;1450;11;1439;687;752
100802-8;2084;1344;14;1330;589;741
100802-9;2109;1398;9;1389;629;760
100802-10;2109;1511;11;1500;635;865
100802-11;2014;1312;11;1301;603;698
100802-12;1819;1032;8;1024;477;547
100802-13;2126;1546;10;1536;699;837
100802-14;2116;1549;16;1533;669;864
100802-15;2166;1598;14;1584;676;908
100802-16;2756;1922;9;1913;878;1035
100802-17;1816;1322;12;1310;623;687
100802-18;936;556;0;556;274;282
100802-19;1183;723;5;718;341;377
100802-20;2077;1409;14;1395;644;751
100802-21;1998;1458;11;1447;656;791
100802-22;1852;1337;13;1324;580;744
100802-23;2747;1888;10;1878;876;1002
100802-24;2034;1504;6;1498;565;933
100802-25;771;572;4;568;256;312
100802-26;1288;841;2;839;387;452
100802-27;340;110;6;104;64;40
100802-28;118;66;2;64;57;7
100802-29;69;42;1;41;37;4
100803-1;870;609;8;601;358;243
100803-2;892;627;5;622;432;190
100803-3;1132;855;8;847;441;406
100803-4;827;612;5;607;436;171
100804-1;1620;1175;6;1169;491;678
100804-2;876;622;7;615;358;257
100804-3;813;625;8;617;267;350
100804-4;1072;725;6;719;404;315
100804-5;514;362;6;356;224;132
100804-6;1185;883;5;878;541;337
100805-1;946;669;0;669;310;359
100805-2;1241;944;10;934;380;554
100805-3;1367;980;10;970;465;505
100805-4;1009;755;7;748;296;452
100805-5;819;639;6;633;289;344
100805-6;577;410;2;408;220;188
100805-7;58;7;0;7;3;4
100806-1;1836;1360;15;1345;749;596
100806-2;1999;1492;8;1484;634;850
100806-3;1701;1201;6;1195;618;577
100806-4;721;501;7;494;275;219
100806-5;616;367;8;359;214;145
100806-6;41;26;0;26;7;19
100807-1;1403;1120;8;1112;644;468
100807-2;967;736;5;731;375;356
100807-3;1411;1041;13;1028;520;508
100807-4;1259;992;14;978;438;540
100807-5;677;517;5;512;308;204
100901-1;1995;1360;15;1345;894;451
100901-2;654;452;0;452;323;129
100901-3;1071;723;7;716;544;172
100901-4;2130;1407;11;1396;898;498
100901-5;768;549;4;545;432;113
100901-6;1437;1054;8;1046;513;533
100901-7;1660;1043;5;1038;574;464
100901-8;29;27;0;27;18;9
100902-1;1950;1410;12;1398;1117;281
100902-2;560;416;1;415;330;85
100902-3;810;544;3;541;403;138
100903-1;1453;1007;16;991;681;310
100903-2;678;461;1;460;292;168
100903-3;925;620;7;613;417;196
100903-4;734;498;3;495;368;127
100904-1;1217;813;6;807;493;314
100904-2;1872;1225;11;1214;709;505
100904-3;2055;1355;14;1341;995;346
100904-4;2118;1454;12;1442;850;592
100904-5;1950;1353;13;1340;838;502
100904-6;46;14;0;14;13;1
100905-1;1578;1150;10;1140;885;255
100905-2;776;542;4;538;385;153
100905-3;365;288;2;286;245;41
100905-4;348;249;3;246;199;47
100905-5;876;597;8;589;481;108
100906-1;1023;666;13;653;432;221
100906-2;1168;741;6;735;559;176
100906-3;989;707;6;701;577;124
100906-4;723;465;5;460;378;82
100907-1;898;633;5;628;453;175
100907-2;1209;789;7;782;640;142
100907-3;732;504;5;499;436;63
100907-4;838;521;3;518;409;109
100908-1;809;548;2;546;382;164
100908-2;461;299;3;296;256;40
100908-3;844;615;8;607;485;122
100908-4;964;744;4;740;523;217
100908-5;503;370;2;368;288;80
101001-1;1152;806;7;799;628;171
101001-2;1034;756;3;753;530;223
101001-3;434;349;1;348;243;105
101001-4;516;393;2;391;351;40
101001-5;664;476;6;470;352;118
101002-1;1038;786;11;775;480;295
101002-2;880;657;9;648;529;119
101002-3;863;612;6;606;459;147
101002-4;482;342;5;337;284;53
101003-1;421;296;1;295;256;39
101003-2;408;299;2;297;246;51
101003-3;748;511;4;507;395;112
101003-4;1033;734;6;728;501;227
101003-5;1296;895;8;887;560;327
101003-6;515;344;3;341;274;67
101003-7;654;485;6;479;381;98
101003-8;911;589;1;588;493;95
101003-9;812;538;6;532;421;111
101004-1;929;661;2;659;548;111
101004-2;1309;936;5;931;706;225
101004-3;1291;927;4;923;697;226
101004-4;356;250;4;246;205;41
101004-5;895;661;4;657;535;122
101005-1;757;461;3;458;325;133
101005-2;783;484;3;481;418;63
101005-3;877;578;2;576;428;148
101005-4;514;367;1;366;292;74
101006-1;1398;994;3;991;726;265
101006-2;1259;851;13;838;593;245
101006-3;1233;805;7;798;520;278
101006-4;811;583;15;568;385;183
101006-5;1342;931;9;922;676;246
101006-6;1303;913;7;906;733;173
101006-7;1262;871;6;865;734;131
101006-8;1372;1023;9;1014;629;385
101006-9;111;75;0;75;51;24
101007-1;638;459;2;457;349;108
101007-2;862;592;5;587;358;229
101007-3;769;526;7;519;410;109
101007-4;762;527;3;524;410;114
101008-1;1328;916;11;905;734;171
101008-2;649;429;6;423;347;76
101008-3;1174;821;5;816;656;160
101008-4;1312;951;7;944;565;379
101008-5;1511;1034;18;1016;800;216
101008-6;1363;953;12;941;660;281
101008-7;1527;1021;5;1016;821;195
101008-8;563;402;6;396;313;83
101008-9;80;51;0;51;48;3
101008-10;29;20;0;20;20;0
101009-1;1447;1031;16;1015;626;389
101009-2;1587;1068;4;1064;672;392
101009-3;900;553;3;550;443;107
101009-4;971;616;4;612;509;103
101009-5;834;579;2;577;391;186
101009-6;894;668;11;657;419;238
101009-7;1694;1179;19;1160;840;320
101009-8;1210;881;10;871;499;372
101009-9;1074;771;5;766;405;361
101009-10;956;653;12;641;418;223
101009-11;1560;1116;9;1107;651;456
101009-12;55;27;3;24;18;6
101010-1;1207;889;5;884;649;235
101010-2;1056;750;9;741;522;219
101010-3;1208;804;7;797;686;111
101010-4;1345;957;7;950;713;237
101010-5;774;544;4;540;471;69
101010-6;1223;859;6;853;690;163
101010-7;1266;955;7;948;695;253
101010-8;1178;883;8;875;705;170
101011-1;931;701;9;692;413;279
101011-2;924;715;4;711;408;303
101011-3;1025;708;10;698;573;125
101011-4;842;618;6;612;492;120
101011-5;1020;722;9;713;532;181
101011-6;1510;1146;7;1139;662;477
101011-7;73;70;1;69;33;36
101011-8;55;23;0;23;18;5
101101-1;1266;865;9;856;552;304
101101-2;547;369;2;367;239;128
101101-3;563;394;4;390;251;139
101101-4;396;272;0;272;218;54
101101-5;423;297;0;297;205;92
101102-1;1319;892;7;885;536;349
101102-2;371;245;3;242;183;59
101102-3;496;381;0;381;217;164
101102-4;472;326;2;324;253;71
101102-5;408;284;1;283;209;74
101103-1;953;645;7;638;284;354
101103-2;891;591;4;587;306;281
101103-3;661;412;4;408;216;192
101103-4;603;451;4;447;152;295
101103-5;784;536;3;533;250;283
101103-6;942;633;5;628;298;330
101103-7;880;633;5;628;288;340
101103-8;459;307;3;304;170;134
101103-9;460;326;2;324;186;138
101103-10;775;496;3;493;319;174
101103-11;743;500;7;493;375;118
101103-12;859;590;7;583;349;234
101103-13;830;541;1;540;354;186
101103-14;687;438;7;431;320;111
101103-15;849;553;6;547;351;196
101103-16;331;216;0;216;160;56
101103-17;586;407;6;401;254;147
101103-18;240;61;1;60;30;30
101103-19;48;44;1;43;31;12
101104-1;1073;718;2;716;586;130
101104-2;786;497;2;495;395;100
101104-3;646;450;4;446;345;101
101104-4;902;625;5;620;433;187
101104-5;1186;822;8;814;438;376
101104-6;1355;995;9;986;532;454
101105-1;1373;865;4;861;553;308
101105-2;423;257;0;257;198;59
101105-3;670;450;2;448;337;111
101105-4;414;242;4;238;170;68
101105-5;405;288;2;286;225;61
101105-6;479;285;3;282;218;64
101105-7;325;206;7;199;165;34
101105-8;617;407;4;403;268;135
101105-9;288;151;3;148;116;32
101105-10;66;44;0;44;41;3
101106-1;986;688;10;678;429;249
101106-2;633;439;2;437;298;139
101106-3;692;443;5;438;283;155
101106-4;654;413;1;412;304;108
101106-5;698;434;2;432;328;104
101106-6;510;362;4;358;280;78
101201-1;1509;1017;6;1011;502;509
101201-2;1766;1171;11;1160;566;594
101201-3;1602;1109;17;1092;618;474
101201-4;1627;1072;13;1059;576;483
101201-5;1605;1086;1;1085;580;505
101201-6;1975;1406;5;1401;659;742
101201-7;1813;1240;7;1233;621;612
101201-8;1973;1354;8;1346;674;672
101201-9;1656;1190;9;1181;518;663
101201-10;1229;876;5;871;398;473
101201-11;1205;855;3;852;453;399
101201-12;1556;1131;2;1129;531;598
101201-13;1707;973;5;968;558;410
101201-14;1991;1323;3;1320;611;709
101201-15;1499;1084;5;1079;539;540
101201-16;1792;1091;3;1088;611;477
101201-17;1778;1189;9;1180;573;607
101201-18;1691;1201;11;1190;715;475
101201-19;2018;1349;11;1338;743;595
101201-20;1303;848;5;843;496;347
101201-21;1699;1187;12;1175;684;491
101201-22;498;317;1;316;216;100
101201-23;56;23;1;22;19;3
101201-24;214;110;0;110;71;39
101202-1;1065;711;6;705;547;158
101202-2;1195;789;7;782;553;229
101202-3;1165;821;7;814;443;371
101203-1;498;278;5;273;201;72
101203-2;682;421;5;416;330;86
101203-3;1154;769;2;767;452;315
101203-4;835;536;5;531;368;163
101203-5;1068;670;3;667;478;189
101203-6;747;497;4;493;253;240
101204-1;1204;823;5;818;561;257
101204-2;975;737;9;728;424;304
101204-3;1005;708;5;703;448;255
101204-4;595;399;2;397;293;104
101204-5;889;609;7;602;465;137
101205-1;944;681;11;670;477;193
101205-2;1216;919;16;903;632;271
101205-3;1208;824;4;820;672;148
101205-4;609;399;4;395;348;47
101205-5;673;496;10;486;385;101
101206-1;1043;732;4;728;535;193
101206-2;1069;717;11;706;480;226
101206-3;645;417;0;417;249;168
101206-4;751;476;3;473;305;168
101207-1;791;523;5;518;416;102
101207-2;800;533;3;530;359;171
101207-3;613;384;1;383;282;101
101207-4;531;361;4;357;255;102
101207-5;483;322;9;313;222;91
101207-6;577;391;0;391;251;140
101208-1;1387;942;7;935;627;308
101208-2;986;639;1;638;515;123
101208-3;584;427;6;421;341;80
101208-4;419;296;6;290;197;93
101209-1;1360;890;6;884;594;290
101209-2;1131;737;6;731;495;236
101209-3;821;513;1;512;386;126
101209-4;363;254;3;251;169;82
101209-5;89;34;2;32;29;3
101210-1;948;639;5;634;435;199
101210-2;1102;759;6;753;612;141
101210-3;655;451;1;450;320;130
101210-4;707;488;3;485;421;64
101211-1;1368;889;11;878;641;237
101211-2;1425;984;8;976;651;325
101211-3;1173;813;9;804;666;138
101211-4;772;516;5;511;402;109
101211-5;993;683;4;679;383;296
101211-6;55;30;0;30;20;10
101211-7;32;3;1;2;1;1
101212-1;546;378;10;368;217;151
101212-2;631;454;6;448;328;120
101212-3;680;448;1;447;293;154
101212-4;895;580;2;578;353;225
101212-5;640;433;10;423;269;154
101212-6;951;645;5;640;388;252
101213-1;737;504;6;498;394;104
101213-2;580;403;4;399;356;43
101213-3;475;257;3;254;198;56
101213-4;811;533;2;531;373;158
101213-5;674;436;4;432;375;57
101213-6;499;332;6;326;231;95
101214-1;1285;857;1;856;570;286
101214-2;853;562;4;558;458;100
101214-3;1177;773;6;767;568;199
101214-4;1088;695;10;685;571;114
101301-1;1768;1168;8;1160;736;424
101301-2;1924;1426;11;1415;725;690
101301-3;1720;1117;13;1104;624;480
101301-4;1770;1287;9;1278;725;553
101301-5;1710;1218;16;1202;643;559
101301-6;915;710;7;703;406;297
101301-7;1695;1215;5;1210;714;496
101301-8;1818;1352;14;1338;749;589
101301-9;33;7;0;7;2;5
101302-1;1029;738;7;731;510;221
101302-2;1214;815;7;808;490;318
101302-3;1805;1115;15;1100;878;222
101302-4;1800;1166;8;1158;863;295
101302-5;735;486;3;483;374;109
101302-6;680;471;1;470;333;137
101302-7;1817;1198;16;1182;854;328
101303-1;2039;1415;14;1401;1157;244
101303-2;828;549;2;547;455;92
101303-3;317;223;0;223;202;21
101304-1;1840;1269;18;1251;920;331
101304-2;1872;1288;5;1283;900;383
101304-3;850;545;0;545;412;133
101304-4;1369;939;10;929;750;179
101304-5;991;702;5;697;504;193
101305-1;1513;1178;10;1168;941;227
101306-1;1851;1181;18;1163;907;256
101306-2;1470;925;6;919;751;168
101306-3;835;575;1;574;465;109
101306-4;283;190;1;189;172;17
101401-1;1381;994;9;985;436;549
101401-2;970;618;7;611;355;256
101401-3;1420;951;7;944;427;517
101401-4;1164;872;13;859;502;357
101401-5;1729;1231;10;1221;587;634
101401-6;1769;1235;10;1225;595;630
101401-7;1822;1256;11;1245;569;676
101401-8;1874;1328;10;1318;678;640
101401-9;1477;1046;10;1036;532;504
101401-10;1437;1060;7;1053;403;650
101401-11;1582;1140;8;1132;597;535
101401-12;1609;1124;10;1114;532;582
101401-13;1085;840;7;833;368;465
101401-14;656;472;5;467;330;137
101401-15;940;679;4;675;341;334
101401-16;1467;1130;5;1125;381;744
101401-17;1815;1335;16;1319;676;643
101401-18;1429;862;11;851;512;339
101401-19;1571;1052;8;1044;569;475
101401-20;913;578;7;571;316;255
101401-21;829;598;8;590;441;149
101401-22;1102;751;8;743;435;308
101401-23;1448;1029;7;1022;637;385
101401-24;201;54;1;53;33;20
101401-25;98;27;3;24;21;3
101401-26;721;515;10;505;199;306
101401-27;132;79;2;77;34;43
101401-28;176;65;4;61;55;6
101402-1;1703;1116;5;1111;706;405
101402-2;756;521;10;511;439;72
101402-3;1512;1008;9;999;760;239
101402-4;1477;1008;6;1002;828;174
101402-5;687;500;2;498;383;115
101402-6;674;485;3;482;388;94
101402-7;793;511;5;506;410;96
101402-8;895;569;6;563;422;141
101402-9;683;449;3;446;290;156
101402-10;1453;966;11;955;703;252
101402-11;884;569;6;563;439;124
101403-1;1455;1014;9;1005;817;188
101403-2;446;315;4;311;261;50
101403-3;1014;674;8;666;552;114
101403-4;569;371;2;369;321;48
101404-1;1187;825;9;816;488;328
101404-2;1130;715;6;709;442;267
101404-3;994;644;3;641;429;212
101404-4;941;647;6;641;525;116
101404-5;773;490;7;483;344;139
101405-1;1532;1043;17;1026;601;425
101405-2;576;395;4;391;320;71
101405-3;715;436;6;430;309;121
101405-4;374;237;4;233;152;81
101405-5;527;317;3;314;253;61
101405-6;751;483;5;478;350;128
101405-7;21;20;0;20;19;1
101406-1;1394;947;11;936;669;267
101406-2;1194;812;4;808;669;139
101406-3;521;303;5;298;242;56
101406-4;617;420;2;418;307;111
101406-5;604;392;5;387;332;55
101407-1;785;551;3;548;389;159
101407-2;641;431;4;427;312;115
101407-3;348;241;0;241;218;23
101407-4;541;390;4;386;316;70
101408-1;965;645;3;642;465;177
101408-2;1685;1202;9;1193;849;344
101408-3;2028;1425;17;1408;901;507
101408-4;1127;777;9;768;537;231
101408-5;1088;771;4;767;594;173
101408-6;1294;934;14;920;566;354
101408-7;57;23;2;21;19;2
101409-1;1216;802;8;794;464;330
101409-2;1315;914;2;912;578;334
101409-3;728;453;4;449;313;136
101409-4;666;468;2;466;402;64
101409-5;1121;723;9;714;580;134
101409-6;777;493;1;492;355;137
101409-7;658;408;5;403;314;89
101409-8;665;450;0;450;334;116
101409-9;1442;943;5;938;636;302
101409-10;859;599;2;597;439;158
101409-11;658;447;1;446;350;96
101409-12;107;72;1;71;56;15
101410-1;1733;1181;8;1173;860;313
101410-2;1220;794;10;784;582;202
101410-3;1286;846;2;844;651;193
101410-4;624;453;7;446;362;84
101411-1;1509;981;19;962;608;354
101411-2;1177;778;10;768;486;282
101411-3;372;242;2;240;201;39
101411-4;768;497;5;492;401;91
101411-5;416;273;3;270;231;39
101411-6;830;538;10;528;391;137
101411-7;659;465;8;457;391;66
101501-1;890;689;11;678;453;225
101501-2;461;318;0;318;199;119
101501-3;473;317;4;313;231;82
101501-4;489;325;5;320;241;79
101501-5;894;588;9;579;362;217
101502-1;645;547;9;538;482;56
101502-2;1587;1245;25;1220;978;242
101502-3;515;416;6;410;331;79
101502-4;1794;1420;13;1407;1251;156
101503-1;1448;1057;13;1044;835;209
101503-2;623;473;6;467;365;102
101504-1;682;457;6;451;287;164
101504-2;533;378;4;374;272;102
101504-3;429;270;2;268;182;86
101504-4;257;180;2;178;131;47
101504-5;496;347;5;342;255;87
101505-1;1604;1290;22;1268;924;344
101505-2;535;426;4;422;351;71
101505-3;459;344;2;342;285;57
101506-1;1664;1210;16;1194;864;330
101506-2;852;593;5;588;405;183
101506-3;746;537;11;526;426;100
101506-4;510;355;3;352;278;74
101506-5;559;391;6;385;311;74
101506-6;493;337;2;335;264;71
101507-1;678;441;6;435;305;130
101507-2;834;577;3;574;441;133
101507-3;754;548;5;543;374;169
101507-4;529;371;1;370;245;125
101508-1;769;535;4;531;364;167
101508-2;468;316;3;313;181;132
101508-3;1357;941;7;934;562;372
101508-4;733;519;4;515;399;116
101508-5;627;420;4;416;285;131
101508-6;635;447;8;439;360;79
101508-7;566;411;3;408;272;136
101508-8;679;503;4;499;352;147
101509-1;1265;1144;37;1107;906;201
101509-2;748;606;15;591;446;145
101601-1;2018;1418;9;1409;746;663
101601-2;1871;1154;9;1145;707;438
101601-3;1981;1401;9;1392;713;679
101601-4;1869;1120;14;1106;639;467
101601-5;2092;1374;21;1353;726;627
101601-6;1922;1340;9;1331;689;642
101601-7;1941;1289;15;1274;764;510
101601-8;2026;1335;12;1323;629;694
101601-9;2072;1391;11;1380;645;735
101601-10;2186;1549;10;1539;871;668
101601-11;1908;1100;7;1093;622;471
101601-12;1984;1290;12;1278;658;620
101601-13;1956;1446;10;1436;690;746
101601-14;2112;1457;14;1443;646;797
101601-15;2046;1340;12;1328;698;630
101601-16;2045;1469;8;1461;746;715
101601-17;2052;1414;12;1402;699;703
101601-18;2172;1556;13;1543;772;771
101601-19;1840;1365;6;1359;660;699
101601-20;2110;1622;10;1612;758;854
101601-21;1948;1405;8;1397;657;740
101601-22;2182;1483;18;1465;973;492
101601-23;2166;1627;10;1617;833;784
101601-24;329;82;1;81;57;24
101601-25;67;38;3;35;24;11
101601-26;64;56;0;56;48;8
101601-27;111;60;2;58;54;4
101601-28;46;22;0;22;17;5
101602-1;978;733;4;729;495;234
101602-2;1058;774;11;763;591;172
101602-3;670;476;3;473;385;88
101603-1;778;573;12;561;351;210
101603-2;514;402;8;394;322;72
101603-3;411;296;3;293;242;51
101604-1;1052;786;5;781;577;204
101604-2;1085;809;9;800;670;130
101604-3;888;658;7;651;502;149
101604-4;1015;706;3;703;532;171
101605-1;1286;1046;7;1039;548;491
101605-2;636;458;5;453;296;157
101605-3;711;479;1;478;388;90
101605-4;581;548;8;540;254;286
101606-1;1040;772;8;764;567;197
101606-2;754;578;7;571;460;111
101606-3;807;578;10;568;426;142
101606-4;493;375;3;372;327;45
101606-5;358;253;1;252;210;42
101606-6;922;674;0;674;444;230
101606-7;1142;862;12;850;650;200
101607-1;2157;1586;20;1566;983;583
101607-2;1125;786;8;778;538;240
101607-3;731;495;1;494;338;156
101607-4;898;637;3;634;415;219
101608-1;1112;828;4;824;717;107
101608-2;948;664;4;660;591;69
101608-3;1049;725;12;713;482;231
101608-4;809;588;6;582;435;147
101609-1;1213;884;10;874;576;298
101609-2;1201;863;5;858;514;344
101609-3;1152;818;8;810;570;240
101609-4;1022;766;6;760;447;313
101609-5;1316;1015;10;1005;599;406
101609-6;476;369;7;362;266;96
101609-7;567;408;9;399;278;121
101609-8;1112;812;6;806;432;374
101609-9;633;487;6;481;372;109
101610-1;943;703;8;695;379;316
101610-2;696;492;5;487;332;155
101610-3;731;499;4;495;387;108
101610-4;892;593;7;586;414;172
101610-5;809;530;2;528;340;188
101610-6;771;565;2;563;350;213
101610-7;758;540;4;536;350;186
101610-8;409;305;2;303;200;103
101611-1;864;607;2;605;468;137
101611-2;829;559;3;556;465;91
101611-3;525;393;3;390;345;45
101611-4;465;305;4;301;239;62
101701-1;582;364;4;360;230;130
101701-2;585;393;3;390;275;115
101701-3;663;446;4;442;268;174
101701-4;167;101;1;100;64;36
101701-5;669;433;3;430;339;91
101701-6;595;369;4;365;273;92
101701-7;1085;731;7;724;573;151
101702-1;1231;855;7;848;561;287
101702-2;961;650;2;648;493;155
101702-3;1017;684;4;680;438;242
101702-4;384;258;2;256;195;61
101703-1;973;693;5;688;387;301
101703-2;720;521;7;514;370;144
101703-3;699;479;3;476;324;152
101703-4;186;123;1;122;103;19
101703-5;264;187;2;185;148;37
101703-6;326;226;1;225;170;55
101704-1;1214;755;9;746;491;255
101704-2;408;283;6;277;212;65
101704-3;780;512;3;509;346;163
101704-4;806;530;10;520;378;142
101704-5;792;552;11;541;349;192
101704-6;290;226;1;225;174;51
101705-1;690;501;7;494;337;157
101705-2;460;320;6;314;252;62
101705-3;471;375;11;364;270;94
101705-4;561;435;6;429;360;69
101705-5;544;372;8;364;283;81
101705-6;1046;821;10;811;506;305
101706-1;858;566;6;560;375;185
101706-2;628;417;4;413;327;86
101706-3;694;467;3;464;358;106
101706-4;741;467;2;465;305;160
101706-5;611;397;2;395;277;118
101706-6;72;48;1;47;40;7
101707-1;415;305;5;300;248;52
101707-2;852;600;3;597;467;130
101707-3;588;390;5;385;317;68
101707-4;341;234;3;231;165;66
101707-5;475;349;5;344;214;130
101707-6;1163;827;5;822;577;245
101707-7;399;263;3;260;195;65
101707-8;722;511;9;502;379;123
101707-9;350;251;1;250;193;57
101708-1;1268;824;12;812;489;323
101708-2;475;341;2;339;250;89
101708-3;558;381;1;380;278;102
101708-4;253;145;2;143;96;47
101709-1;1405;923;5;918;396;522
101709-2;1397;993;11;982;486;496
101709-3;1069;729;9;720;334;386
101709-4;1189;824;9;815;338;477
101709-5;1247;835;2;833;395;438
101709-6;1542;1104;13;1091;519;572
101709-7;1095;718;4;714;311;403
101709-8;1257;842;11;831;406;425
101709-9;1044;642;7;635;311;324
101709-10;1152;838;11;827;386;441
101709-11;858;626;4;622;281;341
101709-12;1127;793;4;789;347;442
101709-13;1046;666;3;663;288;375
101709-14;952;669;6;663;328;335
101709-15;979;662;4;658;343;315
101709-16;1052;760;11;749;415;334
101709-17;695;476;2;474;386;88
101709-18;658;454;3;451;279;172
101709-19;1257;776;7;769;522;247
101709-20;909;586;0;586;427;159
101709-21;1428;965;16;949;586;363
101709-22;813;558;2;556;307;249
101709-23;421;308;2;306;207;99
101709-24;57;31;0;31;21;10
101709-25;32;24;0;24;15;9
101710-1;1479;973;9;964;621;343
101710-2;866;570;6;564;372;192
101710-3;491;347;3;344;192;152
101710-4;854;620;7;613;420;193
101710-5;497;314;2;312;237;75
101710-6;876;596;2;594;382;212
101710-7;371;240;0;240;182;58
101801-1;1312;868;8;860;502;358
101801-2;523;327;3;324;205;119
101801-3;688;394;2;392;245;147
101801-4;750;470;5;465;336;129
101802-1;1723;1129;7;1122;761;361
101802-2;987;565;5;560;378;182
101802-3;447;271;6;265;210;55
101803-1;1845;1173;7;1166;701;465
101803-2;900;609;1;608;403;205
101803-3;663;426;4;422;306;116
101803-4;1107;694;6;688;514;174
101803-5;385;233;0;233;160;73
101804-1;747;522;10;512;298;214
101804-2;678;421;6;415;307;108
101804-3;451;297;1;296;222;74
101804-4;424;289;1;288;214;74
101804-5;833;559;5;554;463;91
101804-6;496;348;0;348;221;127
101805-1;930;589;8;581;360;221
101805-2;1217;767;3;764;509;255
101805-3;1152;727;5;722;509;213
101806-1;1877;1209;5;1204;728;476
101806-2;684;483;4;479;321;158
101806-3;729;460;7;453;294;159
101806-4;658;449;2;447;354;93
101807-1;1012;686;5;681;336;345
101807-2;1494;1032;9;1023;506;517
101807-3;1033;708;7;701;347;354
101807-4;1262;810;4;806;431;375
101807-5;1282;880;6;874;408;466
101807-6;531;397;2;395;158;237
101807-7;780;524;4;520;376;144
101807-8;897;571;5;566;355;211
101807-9;875;585;4;581;337;244
101807-10;466;328;7;321;221;100
101807-11;576;381;0;381;185;196
101807-12;888;552;8;544;343;201
101807-13;47;19;1;18;15;3
101901-1;1338;706;5;701;385;316
101901-2;1400;945;4;941;524;417
101901-3;1311;907;4;903;473;430
101901-4;1656;1191;12;1179;582;597
101901-5;1664;1161;14;1147;557;590
101901-6;1575;1101;6;1095;581;514
101901-7;1395;988;5;983;510;473
101901-8;1547;1014;10;1004;534;470
101901-9;1484;862;13;849;482;367
101901-10;1446;1013;18;995;526;469
101901-11;1462;1060;3;1057;547;510
101901-12;1477;1043;7;1036;549;487
101901-13;1503;944;11;933;491;442
101901-14;1387;970;8;962;460;502
101901-15;1479;1055;6;1049;543;506
101901-16;1654;1183;12;1171;627;544
101901-17;1462;1063;11;1052;577;475
101901-18;1405;934;7;927;491;436
101901-19;1736;1259;8;1251;645;606
101901-20;1564;1037;11;1026;629;397
101901-21;1463;1022;9;1013;587;426
101901-22;55;39;0;39;37;2
101901-23;63;14;0;14;8;6
101902-1;1556;1074;5;1069;654;415
101902-2;815;534;3;531;362;169
101902-3;810;534;7;527;373;154
101902-4;584;395;1;394;306;88
101902-5;491;361;2;359;274;85
101902-6;329;224;0;224;167;57
101902-7;1278;876;10;866;547;319
101902-8;34;21;2;19;18;1
101903-1;2004;1345;11;1334;816;518
101903-2;754;513;6;507;312;195
101903-3;726;464;4;460;328;132
101903-4;648;459;2;457;343;114
101904-1;978;666;2;664;446;218
101904-2;1529;1065;12;1053;625;428
101904-3;1354;924;7;917;603;314
101904-4;896;581;6;575;390;185
101904-5;2212;1518;9;1509;935;574
101904-6;1332;1002;10;992;667;325
101904-7;1003;640;3;637;433;204
102001-1;1587;1093;10;1083;507;576
102001-2;1365;898;3;895;393;502
102001-3;1472;1006;5;1001;480;521
102001-4;1535;952;10;942;470;472
102001-5;1508;1039;12;1027;487;540
102001-6;822;537;2;535;252;283
102001-7;1320;917;7;910;426;484
102001-8;784;524;5;519;228;291
102001-9;725;554;5;549;201;348
102001-10;26;15;0;15;10;5
102001-11;39;28;3;25;22;3
102001-12;12;9;0;9;8;1
102002-1;1009;691;11;680;425;255
102002-2;1085;767;7;760;382;378
102002-3;926;563;4;559;289;270
102002-4;1008;734;3;731;368;363
102002-5;985;707;2;705;367;338
102002-6;995;694;5;689;366;323
102002-7;976;650;3;647;314;333
102002-8;966;579;8;571;303;268
102002-9;960;637;8;629;331;298
102002-10;962;707;3;704;357;347
102002-11;967;614;5;609;283;326
102002-12;873;523;4;519;271;248
102002-13;956;591;5;586;327;259
102002-14;1008;698;6;692;405;287
102002-15;1089;779;8;771;441;330
102002-16;79;45;1;44;40;4
102003-1;1770;1321;12;1309;491;818
102003-2;1775;1288;4;1284;600;684
102003-3;1718;1295;3;1292;568;724
102003-4;1683;1253;9;1244;531;713
102003-5;1698;1275;9;1266;551;715
102003-6;1741;1204;12;1192;523;669
102003-7;1751;1336;10;1326;524;802
102003-8;961;633;7;626;305;321
102003-9;952;678;4;674;289;385
102003-10;932;571;6;565;294;271
102003-11;935;710;7;703;310;393
102003-12;1013;704;4;700;350;350
102003-13;961;614;5;609;276;333
102003-14;1085;751;5;746;330;416
102003-15;837;533;2;531;250;281
102003-16;943;620;2;618;258;360
102003-17;1040;737;7;730;348;382
102003-18;945;563;4;559;300;259
102003-19;1011;676;4;672;334;338
102003-20;841;488;5;483;196;287
102003-21;1011;564;10;554;272;282
102003-22;1706;1284;14;1270;497;773
102003-23;774;544;5;539;200;339
102003-24;937;659;5;654;225;429
102003-25;753;586;1;585;240;345
102003-26;968;640;5;635;318;317
102003-27;714;478;5;473;213;260
102003-28;1448;1028;8;1020;515;505
102003-29;1455;1100;9;1091;497;594
102003-30;1243;923;11;912;434;478
102003-31;1084;716;9;707;375;332
102003-32;991;716;12;704;372;332
102003-33;1139;821;9;812;402;410
102003-34;974;684;3;681;348;333
102003-35;1511;1105;10;1095;476;619
102003-36;1064;794;4;790;300;490
102003-37;6;2;0;2;1;1
102003-38;189;79;0;79;42;37
102003-39;87;48;2;46;38;8
102004-1;2643;1899;16;1883;850;1033
102004-2;2385;1864;14;1850;701;1149
102004-3;2528;1835;21;1814;783;1031
102004-4;2590;1831;10;1821;761;1060
102004-5;2673;1818;13;1805;927;878
102004-6;2185;1437;12;1425;717;708
102004-7;1802;1397;18;1379;495;884
102004-8;2230;1712;9;1703;467;1236
102004-9;1738;1406;11;1395;445;950
102004-10;1952;1421;15;1406;693;713
102004-11;1009;794;9;785;304;481
102004-12;824;595;9;586;225;361
102004-13;44;37;2;35;25;10
102005-1;874;702;5;697;638;59
102005-2;820;526;1;525;371;154
102005-3;684;433;2;431;275;156
102005-4;293;189;1;188;142;46
102005-5;707;439;7;432;286;146
102005-6;521;337;2;335;217;118
102006-1;964;605;5;600;412;188
102006-2;801;634;3;631;459;172
102006-3;1084;902;6;896;275;621
102006-4;833;607;8;599;435;164
102006-5;1090;771;6;765;566;199
102006-6;729;471;3;468;333;135
102006-7;374;275;2;273;214;59
102007-1;779;510;1;509;285;224
102007-2;576;423;3;420;227;193
102007-3;336;227;3;224;159;65
102007-4;354;238;2;236;170;66
102007-5;394;256;2;254;111;143
102007-6;193;138;1;137;104;33
102007-7;755;533;3;530;311;219
102007-8;524;422;5;417;197;220
102007-9;307;253;4;249;166;83
102008-1;1535;1075;10;1065;540;525
102008-2;1200;898;3;895;424;471
102008-3;656;503;1;502;289;213
102008-4;1372;966;6;960;536;424
102008-5;718;514;0;514;394;120
102008-6;1023;764;7;757;344;413
102008-7;1353;1002;14;988;435;553
102008-8;752;600;5;595;272;323
102008-9;705;490;1;489;292;197
102008-10;795;616;6;610;309;301
102009-1;1936;1397;12;1385;491;894
102009-2;1685;1195;16;1179;571;608
102009-3;980;752;4;748;243;505
102009-4;971;710;3;707;351;356
102009-5;2022;1557;13;1544;602;942
102009-6;756;539;4;535;288;247
102009-7;1304;960;11;949;534;415
102009-8;934;674;5;669;431;238
102009-9;1315;973;5;968;783;185
102101-1;1765;1180;16;1164;712;452
102101-2;1274;874;10;864;487;377
102101-3;1165;763;7;756;408;348
102101-4;1196;865;4;861;473;388
102101-5;1503;1088;13;1075;534;541
102101-6;1189;905;11;894;486;408
102101-7;1349;861;16;845;507;338
102101-8;89;38;2;36;32;4
102101-9;40;33;0;33;22;11
102102-1;1153;812;6;806;450;356
102102-2;949;671;8;663;434;229
102102-3;957;670;6;664;433;231
102102-4;648;486;4;482;324;158
102102-5;808;623;4;619;390;229
102103-1;519;386;4;382;202;180
102103-2;454;300;4;296;216;80
102103-3;613;420;4;416;300;116
102103-4;538;355;4;351;263;88
102103-5;415;300;5;295;206;89
102103-6;274;186;2;184;125;59
102103-7;424;280;2;278;125;153
102103-8;427;312;4;308;206;102
102104-1;341;241;5;236;156;80
102104-2;355;279;2;277;183;94
102104-3;362;262;7;255;148;107
102104-4;307;200;0;200;168;32
102104-5;182;138;2;136;91;45
102104-6;264;212;2;210;153;57
102104-7;255;200;3;197;150;47
102104-8;447;316;1;315;273;42
102104-9;143;110;0;110;95;15
102104-10;59;45;0;45;39;6
102105-1;272;204;0;204;179;25
102105-2;497;337;3;334;259;75
102105-3;782;536;4;532;359;173
102105-4;711;491;2;489;307;182
102105-5;429;321;4;317;149;168
102105-6;504;381;1;380;250;130
102105-7;601;403;4;399;266;133
106101-1;1092;907;5;902;174;728
106101-2;2571;1999;12;1987;692;1295
106101-3;838;485;2;483;213;270
106101-4;875;665;0;665;253;412
106101-5;2318;1805;10;1795;544;1251
106101-6;2546;1953;19;1934;616;1318
106101-7;2079;1542;11;1531;555;976
106101-8;2825;1993;19;1974;782;1192
106101-9;1378;1002;9;993;318;675
106101-10;2108;1446;15;1431;519;912
106101-11;2490;1872;8;1864;647;1217
106101-12;1741;1172;5;1167;449;718
106101-13;1049;754;9;745;288;457
106101-14;1983;1329;15;1314;501;813
106101-15;2688;1882;13;1869;728;1141
106101-16;1170;828;3;825;317;508
106101-17;1549;1147;10;1137;423;714
106101-18;1819;1312;8;1304;457;847
106101-19;2510;1648;18;1630;630;1000
106101-20;2052;1377;13;1364;528;836
106101-21;2840;2080;17;2063;724;1339
106101-22;2837;1997;16;1981;746;1235
106101-23;2424;1893;11;1882;527;1355
106101-24;2644;1963;18;1945;693;1252
106101-25;1506;1204;5;1199;336;863
106101-26;2881;2199;27;2172;636;1536
106101-27;2475;1877;18;1859;676;1183
106101-28;1658;1304;17;1287;467;820
106101-29;2316;1806;15;1791;613;1178
106101-30;1640;1242;14;1228;473;755
106101-31;1398;1067;9;1058;428;630
106101-32;2430;1866;19;1847;597;1250
106101-33;2864;2036;9;2027;725;1302
106101-34;2024;1425;10;1415;491;924
106101-35;1751;1157;6;1151;392;759
106101-36;822;572;1;571;225;346
106101-37;1021;663;4;659;241;418
106101-38;2278;1536;20;1516;533;983
106101-39;1483;957;8;949;344;605
106101-40;2094;1274;15;1259;489;770
106101-41;1593;873;7;866;373;493
106101-42;455;262;1;261;115;146
106101-43;1472;945;9;936;378;558
106101-44;2217;1540;9;1531;467;1064
106101-45;2608;1906;16;1890;636;1254
106101-46;1679;1222;19;1203;384;819
106101-47;2440;1784;14;1770;606;1164
106101-48;1797;1339;11;1328;422;906
106101-49;1775;1311;6;1305;480;825
106101-50;2358;1745;13;1732;580;1152
106101-51;1623;1163;7;1156;353;803
106101-52;1872;1266;13;1253;448;805
106101-53;1181;781;9;772;260;512
106101-54;2476;1523;9;1514;561;953
106101-55;2436;1683;10;1673;650;1023
106101-56;1664;1213;10;1203;389;814
106101-57;1652;1216;3;1213;441;772
106101-58;2942;2094;19;2075;696;1379
106101-59;1467;835;8;827;358;469
106101-60;1885;1229;7;1222;487;735
106101-61;2957;1679;18;1661;674;987
106101-62;2436;1614;8;1606;557;1049
106101-63;1339;886;9;877;318;559
106101-64;1836;1420;20;1400;435;965
106101-65;460;317;0;317;110;207
106101-66;1834;1280;9;1271;438;833
106101-67;2624;1827;11;1816;673;1143
106101-68;2423;1649;12;1637;503;1134
106101-69;1055;753;6;747;269;478
106101-70;473;335;2;333;152;181
106101-71;783;628;6;622;237;385
106101-72;1108;814;7;807;451;356
106101-73;1619;1255;7;1248;375;873
106101-74;1555;1229;12;1217;384;833
106101-75;971;743;5;738;284;454
106101-76;1662;1295;8;1287;581;706
106101-77;1704;1358;15;1343;465;878
106101-78;1662;1324;4;1320;404;916
106101-79;2182;1170;7;1163;454;709
106101-80;1299;758;7;751;313;438
106101-81;1799;1025;7;1018;387;631
106101-82;1443;968;6;962;375;587
106101-83;1918;1193;9;1184;491;693
106101-84;1736;984;9;975;367;608
106101-85;1636;1149;7;1142;429;713
106101-86;1865;1195;8;1187;431;756
106101-87;2178;1613;16;1597;531;1066
106101-88;1764;1274;7;1267;480;787
106101-89;2458;1523;26;1497;697;800
106101-90;2291;1545;19;1526;647;879
106101-91;1578;1086;6;1080;382;698
106101-92;2354;1650;16;1634;558;1076
106101-93;1710;1201;12;1189;505;684
106101-94;1778;1168;7;1161;489;672
106101-95;1526;1012;7;1005;403;602
106101-96;1380;909;7;902;377;525
106101-97;1948;1341;20;1321;520;801
106101-98;1720;1251;8;1243;481;762
106101-99;1913;1316;14;1302;501;801
106101-100;2020;1317;13;1304;591;713
106101-101;1252;886;5;881;330;551
106101-102;1784;1185;8;1177;500;677
106101-103;2588;1763;10;1753;707;1046
106101-104;2256;1566;6;1560;629;931
106101-105;1885;1354;11;1343;584;759
106101-106;1403;970;14;956;387;569
106101-107;851;671;9;662;255;407
106101-108;1753;1304;12;1292;537;755
106101-109;2291;1719;16;1703;605;1098
106101-110;3056;2179;20;2159;869;1290
106101-111;2992;2222;20;2202;884;1318
106101-112;2361;1611;14;1597;619;978
106101-113;2630;1823;16;1807;812;995
106101-114;2117;1574;11;1563;583;980
106101-115;1606;1152;6;1146;459;687
106101-116;2251;1739;13;1726;600;1126
106101-117;1370;1059;15;1044;389;655
106101-118;2503;1972;20;1952;468;1484
106101-119;865;637;2;635;319;316
106101-120;1105;789;13;776;280;496
106101-121;2100;1530;17;1513;563;950
106101-122;1613;1272;9;1263;463;800
106101-123;1497;1171;11;1160;428;732
106101-124;1195;873;10;863;313;550
106101-125;2358;1635;11;1624;588;1036
106101-126;2870;1983;17;1966;758;1208
106101-127;877;457;1;456;207;249
106101-128;1755;1276;9;1267;486;781
106101-129;1584;1066;5;1061;439;622
106101-130;1063;729;8;721;262;459
106101-131;2219;1411;19;1392;542;850
106101-132;1527;1028;7;1021;400;621
106101-133;1242;908;8;900;364;536
106101-134;2491;1695;13;1682;674;1008
106101-135;1956;1194;10;1184;431;753
106101-136;1674;1234;9;1225;464;761
106101-137;2131;1609;13;1596;639;957
106101-138;1705;1150;10;1140;449;691
106101-139;1423;908;6;902;369;533
106101-140;1833;1343;7;1336;459;877
106101-141;1571;1101;5;1096;343;753
106101-142;774;582;7;575;253;322
106101-143;2011;1515;15;1500;827;673
106101-144;1612;1252;7;1245;425;820
106101-145;875;626;8;618;186;432
106101-146;1358;972;10;962;313;649
106101-147;2939;2033;19;2014;724;1290
106101-148;2300;1651;11;1640;552;1088
106101-149;1441;1006;14;992;395;597
106101-150;1398;955;5;950;372;578
106101-151;2655;1478;16;1462;542;920
106101-152;2472;1568;8;1560;505;1055
106101-153;2552;1429;12;1417;529;888
106101-154;1581;952;9;943;284;659
106101-155;1792;1053;20;1033;400;633
106101-156;2476;1447;17;1430;548;882
106101-157;818;493;3;490;171;319
106101-158;1247;748;11;737;331;406
106101-159;1163;668;2;666;251;415
106101-160;1300;742;1;741;271;470
106101-161;1429;883;9;874;288;586
106101-162;1334;817;7;810;290;520
106101-163;1307;799;10;789;280;509
106101-164;2440;1807;17;1790;514;1276
106101-165;1789;1147;10;1137;389;748
106101-166;2496;2084;13;2071;525;1546
106101-167;1436;1041;13;1028;399;629
106101-168;1487;1128;4;1124;361;763
106101-169;1515;1105;7;1098;385;713
106101-170;1573;1149;8;1141;404;737
106101-171;2021;1522;3;1519;466;1053
106101-172;1734;1329;12;1317;424;893
106101-173;1716;1258;11;1247;399;848
106101-174;1530;1160;16;1144;383;761
106101-175;1745;1289;7;1282;464;818
106101-176;1788;1317;16;1301;455;846
106101-177;1717;1275;14;1261;475;786
106101-178;1927;1454;14;1440;491;949
106101-179;2628;1944;10;1934;659;1275
106101-180;1507;1030;8;1022;344;678
106101-181;2974;2132;19;2113;700;1413
106101-182;2739;2045;8;2037;718;1319
106101-183;1551;1163;9;1154;400;754
106101-184;2103;1508;15;1493;466;1027
106101-185;1438;1085;13;1072;375;697
106101-186;1686;1229;2;1227;438;789
106101-187;1687;1253;3;1250;448;802
106101-188;1717;1315;14;1301;420;881
106101-189;1196;906;2;904;283;621
106101-190;1370;1064;7;1057;370;687
106101-191;1844;1381;10;1371;484;887
106101-192;2911;2116;16;2100;721;1379
106101-193;2044;1599;11;1588;368;1220
106101-194;1544;1208;8;1200;345;855
106101-195;623;445;5;440;192;248
106101-196;1843;1464;17;1447;384;1063
106101-197;2633;2095;12;2083;703;1380
106101-198;2310;1786;15;1771;569;1202
106101-199;1492;1036;7;1029;310;719
106101-200;1307;847;7;840;295;545
106101-201;2089;1651;7;1644;358;1286
106101-202;1184;625;8;617;235;382
106101-203;1363;1034;3;1031;313;718
106101-204;931;646;6;640;210;430
106101-205;747;473;7;466;168;298
106101-206;1502;1040;12;1028;314;714
106101-207;2368;1599;14;1585;497;1088
106101-208;321;169;3;166;66;100
106101-209;1079;643;7;636;241;395
106101-210;742;431;2;429;148;281
106101-211;2082;1264;3;1261;440;821
106101-212;2013;1043;13;1030;420;610
106101-213;677;453;8;445;155;290
106101-214;1535;881;10;871;346;525
106101-215;1815;1057;12;1045;406;639
106101-216;2355;1274;8;1266;497;769
106101-217;969;561;6;555;224;331
106101-218;1423;800;8;792;274;518
106101-219;2329;1443;21;1422;503;919
106101-220;1273;779;8;771;305;466
106101-221;717;503;0;503;163;340
106101-222;1176;766;7;759;238;521
106101-223;1185;851;9;842;272;570
106101-224;1889;1329;7;1322;411;911
106101-225;1515;1047;8;1039;338;701
106101-226;1458;1139;17;1122;352;770
106101-227;1012;790;7;783;203;580
106101-228;1898;1403;5;1398;504;894
106101-229;2152;1567;13;1554;525;1029
106101-230;1840;1384;10;1374;513;861
106101-231;2190;1585;13;1572;630;942
106101-232;2677;1910;15;1895;733;1162
106101-233;2709;2025;17;2008;630;1378
106101-234;2369;1828;18;1810;616;1194
106101-235;1871;1426;20;1406;508;898
106101-236;1635;1246;12;1234;407;827
106101-237;1504;1146;15;1131;370;761
106101-238;2482;1885;15;1870;665;1205
106101-239;2155;1602;6;1596;623;973
106101-240;1712;1270;5;1265;475;790
106101-241;1994;1492;7;1485;602;883
106101-242;1581;1238;13;1225;388;837
106101-243;1490;1154;12;1142;356;786
106101-244;1017;786;11;775;280;495
106101-245;2827;2062;14;2048;784;1264
106101-246;2321;1760;22;1738;617;1121
106101-247;2168;1617;1;1616;510;1106
106101-248;2660;2010;17;1993;798;1195
106101-249;1823;1417;11;1406;534;872
106101-250;2159;1663;15;1648;437;1211
106101-251;2218;1705;16;1689;521;1168
106101-252;1723;1310;16;1294;504;790
106101-253;1598;1221;13;1208;528;680
106101-254;1092;728;6;722;268;454
106101-255;2292;1539;13;1526;597;929
106101-256;2355;1537;23;1514;534;980
106101-257;2369;1463;13;1450;568;882
106101-258;1500;1006;6;1000;356;644
106101-259;1198;632;13;619;265;354
106101-260;1135;672;6;666;242;424
106101-261;1893;1164;11;1153;445;708
106101-262;1924;1263;12;1251;459;792
106101-263;1326;642;11;631;250;381
106101-264;1728;1399;10;1389;543;846
106101-265;1520;1211;5;1206;407;799
106101-266;1306;922;7;915;444;471
106101-267;1581;1207;14;1193;503;690
106101-268;1722;1320;9;1311;650;661
106101-269;1562;958;12;946;325;621
106101-270;1202;943;2;941;270;671
106101-271;1427;1031;5;1026;397;629
106101-272;2701;1935;12;1923;774;1149
106101-273;2124;1520;14;1506;534;972
106101-274;1611;1151;12;1139;418;721
106101-275;1158;860;12;848;354;494
106101-276;1106;876;6;870;188;682
106101-277;1455;1076;8;1068;415;653
106101-278;1314;890;1;889;347;542
106101-279;2210;1774;7;1767;576;1191
106101-280;1886;1399;16;1383;533;850
106101-281;1476;1046;7;1039;375;664
106101-282;1575;1185;11;1174;484;690
106101-283;1613;1065;6;1059;339;720
106101-284;368;125;2;123;77;46
106101-285;244;106;2;104;57;47
106101-286;135;65;0;65;37;28
106101-287;123;56;0;56;30;26
106101-288;106;61;6;55;34;21
106101-289;64;49;5;44;38;6
106101-290;40;31;1;30;25;5
106101-291;79;55;5;50;40;10
106101-292;688;535;9;526;113;413
106101-293;237;139;0;139;77;62
106101-294;684;221;2;219;118;101
106101-295;73;52;0;52;30;22
106101-296;71;65;1;64;61;3
106101-297;56;31;0;31;30;1
106101-298;79;38;2;36;32;4
106101-299;76;59;1;58;54;4
106101-300;210;151;0;151;58;93
106101-301;203;93;2;91;39;52
106101-302;118;58;0;58;23;35
106101-303;134;59;0;59;29;30
106101-304;122;55;1;54;29;25
106101-305;85;53;1;52;36;16
106101-306;97;76;1;75;57;18
106101-307;214;45;1;44;21;23
106101-308;47;11;0;11;6;5
106101-309;87;52;7;45;34;11
106101-310;502;254;5;249;157;92
106101-311;120;25;0;25;9;16
106101-312;128;44;0;44;29;15
106101-313;250;125;3;122;60;62
106101-314;498;318;5;313;114;199
106201-1;1069;827;5;822;432;390
106201-2;1088;817;9;808;463;345
106201-3;1466;981;6;975;521;454
106201-4;1568;966;19;947;515;432
106201-5;720;431;2;429;249;180
106201-6;1406;1009;7;1002;516;486
106201-7;1637;1002;7;995;572;423
106201-8;773;421;7;414;254;160
106201-9;757;337;2;335;187;148
106201-10;1104;770;7;763;372;391
106201-11;1512;986;6;980;523;457
106201-12;1885;1207;11;1196;591;605
106201-13;1721;1075;12;1063;574;489
106201-14;1064;797;11;786;424;362
106201-15;1908;1436;8;1428;674;754
106201-16;1435;1050;7;1043;570;473
106201-17;1458;952;12;940;483;457
106201-18;712;460;3;457;273;184
106201-19;1485;1117;15;1102;581;521
106201-20;1595;1152;8;1144;575;569
106201-21;1767;1197;8;1189;570;619
106201-22;1771;1213;2;1211;555;656
106201-23;1313;940;12;928;459;469
106201-24;1985;1524;15;1509;705;804
106201-25;1576;1162;8;1154;570;584
106201-26;1798;1331;11;1320;566;754
106201-27;1772;1271;14;1257;650;607
106201-28;1967;1486;13;1473;729;744
106201-29;1433;960;5;955;500;455
106201-30;1858;1359;10;1349;642;707
106201-31;1263;938;6;932;450;482
106201-32;1338;810;12;798;450;348
106201-33;2233;1638;20;1618;797;821
106201-34;1885;1388;10;1378;617;761
106201-35;1395;929;7;922;505;417
106201-36;1508;1065;3;1062;558;504
106201-37;1301;937;9;928;574;354
106201-38;323;93;0;93;67;26
106201-39;25;18;0;18;15;3
106201-40;611;442;13;429;110;319
106201-41;78;59;0;59;56;3
106301-1;1239;884;6;878;410;468
106301-2;1263;905;5;900;353;547
106301-3;1653;1196;7;1189;596;593
106301-4;1869;1438;17;1421;646;775
106301-5;1547;1107;13;1094;499;595
106301-6;1715;1272;8;1264;559;705
106301-7;702;580;5;575;207;368
106301-8;1769;1265;12;1253;645;608
106301-9;1552;1154;10;1144;543;601
106301-10;1727;1183;10;1173;664;509
106301-11;1214;972;6;966;398;568
106301-12;1229;812;7;805;417;388
106301-13;991;733;7;726;336;390
106301-14;1744;1093;6;1087;523;564
106301-15;1388;1022;9;1013;466;547
106301-16;1247;876;14;862;395;467
106301-17;1219;771;6;765;384;381
106301-18;1171;807;10;797;376;421
106301-19;1895;1330;7;1323;649;674
106301-20;1173;868;5;863;399;464
106301-21;2241;1599;16;1583;790;793
106301-22;1288;921;4;917;551;366
106301-23;1137;863;4;859;425;434
106301-24;1114;861;14;847;439;408
106301-25;2061;1488;15;1473;823;650
106301-26;70;43;0;43;30;13
106301-27;61;44;2;42;33;9
120101-1;1172;756;9;747;430;317
120101-2;1674;1181;16;1165;662;503
120101-3;1587;1114;12;1102;602;500
120101-4;1065;813;4;809;462;347
120101-5;1111;759;5;754;453;301
120101-6;1303;1010;7;1003;553;450
120101-7;1735;1216;8;1208;715;493
120101-8;2011;1428;8;1420;749;671
120101-9;1858;1338;10;1328;656;672
120101-10;1562;1220;8;1212;637;575
120101-11;1484;1075;19;1056;589;467
120101-12;2009;1458;16;1442;800;642
120101-13;1150;833;14;819;465;354
120101-14;1443;1027;10;1017;557;460
120101-15;1182;840;6;834;486;348
120101-16;174;55;1;54;36;18
120101-17;112;55;3;52;48;4
120102-1;1529;1093;11;1082;713;369
120102-2;678;506;7;499;294;205
120102-3;1656;1163;9;1154;879;275
120102-4;1026;753;8;745;527;218
120102-5;1133;819;13;806;548;258
120102-6;1326;935;13;922;728;194
120102-7;766;553;8;545;411;134
120102-8;472;344;4;340;269;71
120102-9;1445;1004;6;998;765;233
120102-10;858;576;7;569;390;179
120102-11;971;688;5;683;526;157
120102-12;379;289;5;284;187;97
120102-13;735;527;8;519;389;130
120102-14;763;550;6;544;414;130
120102-15;684;482;7;475;398;77
120102-16;1085;746;4;742;452;290
120103-1;1061;735;7;728;586;142
120103-2;1170;860;9;851;703;148
120103-3;676;491;5;486;407;79
120103-4;1341;1022;9;1013;839;174
120103-5;889;608;3;605;462;143
120103-6;87;28;0;28;12;16
120104-1;257;168;1;167;133;34
120104-2;856;613;4;609;468;141
120104-3;833;616;5;611;472;139
120104-4;623;502;3;499;377;122
120104-5;1766;1279;11;1268;1139;129
120105-1;1803;1332;14;1318;924;394
120105-2;1525;1090;9;1081;876;205
120105-3;1193;829;11;818;631;187
120105-4;1016;690;7;683;563;120
120105-5;884;617;5;612;487;125
120106-1;1617;1274;4;1270;1121;149
120106-2;2094;1584;16;1568;1061;507
120106-3;482;366;4;362;285;77
120106-4;787;608;2;606;536;70
120106-5;2226;1647;12;1635;1304;331
120106-6;1016;762;11;751;617;134
120106-7;380;282;2;280;209;71
120106-8;2005;1454;10;1444;1062;382
120106-9;469;326;5;321;100;221
120107-1;2232;1581;13;1568;1111;457
120107-2;593;374;5;369;281;88
120107-3;517;355;2;353;295;58
120107-4;832;532;5;527;414;113
120107-5;1206;842;5;837;617;220
120107-6;1335;919;7;912;764;148
120107-7;318;211;0;211;180;31
120107-8;668;427;0;427;337;90
120107-9;1058;759;10;749;579;170
120108-1;904;726;11;715;581;134
120108-2;693;550;3;547;454;93
120108-3;646;511;5;506;427;79
120108-4;827;635;7;628;514;114
120108-5;1285;987;11;976;752;224
120109-1;1308;984;11;973;836;137
120109-2;695;562;5;557;492;65
120109-3;1656;1286;2;1284;1058;226
120109-4;553;459;5;454;416;38
120201-1;1288;760;10;750;591;159
120201-2;2210;1362;10;1352;1078;274
120201-3;764;424;1;423;342;81
120201-4;495;319;5;314;219;95
120201-5;1473;942;7;935;682;253
120201-6;380;244;4;240;203;37
120201-7;74;38;0;38;32;6
120202-1;1165;694;5;689;416;273
120202-2;1117;728;10;718;385;333
120202-3;1167;816;5;811;447;364
120202-4;962;626;3;623;343;280
120202-5;1390;1006;8;998;563;435
120202-6;1060;731;11;720;373;347
120202-7;1475;1039;7;1032;581;451
120202-8;1224;843;8;835;498;337
120202-9;1529;1074;5;1069;651;418
120202-10;1588;1119;15;1104;636;468
120202-11;2518;1690;23;1667;1135;532
120202-12;1093;697;6;691;554;137
120202-13;1348;893;6;887;647;240
120202-14;2594;1650;22;1628;1174;454
120202-15;1538;951;12;939;627;312
120202-16;1681;1038;9;1029;802;227
120202-17;2310;1462;18;1444;1063;381
120202-18;1058;704;10;694;506;188
120202-19;772;532;4;528;365;163
120202-20;391;256;4;252;190;62
120202-21;144;76;1;75;64;11
120202-22;60;20;0;20;18;2
120203-1;1900;1349;19;1330;891;439
120203-2;496;378;3;375;316;59
120203-3;1043;688;22;666;503;163
120203-4;1104;774;5;769;606;163
120203-5;1293;840;8;832;657;175
120203-6;857;568;7;561;431;130
120203-7;617;467;7;460;357;103
120203-8;390;256;1;255;204;51
120204-1;1381;957;10;947;684;263
120204-2;1418;981;10;971;705;266
120204-3;735;508;10;498;398;100
120204-4;1136;791;10;781;508;273
120204-5;1500;1019;12;1007;731;276
120204-6;1022;744;6;738;521;217
120204-7;1087;712;9;703;497;206
120204-8;542;348;11;337;254;83
120204-9;466;338;8;330;280;50
120204-10;1469;1033;17;1016;740;276
120204-11;396;272;3;269;180;89
120204-12;32;32;0;32;32;0
120205-1;1952;1368;22;1346;1097;249
120205-2;1281;861;5;856;718;138
120205-3;890;623;7;616;536;80
120205-4;826;571;2;569;447;122
120205-5;765;511;1;510;428;82
120205-6;440;297;6;291;234;57
120206-1;1294;974;11;963;780;183
120206-2;927;720;11;709;556;153
120206-3;1418;1062;14;1048;902;146
120206-4;1337;1039;14;1025;943;82
120207-1;374;256;0;256;198;58
120207-2;783;435;5;430;357;73
120207-3;643;405;5;400;311;89
120207-4;1513;916;12;904;694;210
120207-5;662;401;0;401;317;84
120207-6;989;600;12;588;468;120
120207-7;765;558;5;553;427;126
120207-8;351;216;5;211;168;43
120207-9;563;392;6;386;304;82
120207-10;480;318;3;315;261;54
120207-11;352;220;1;219;191;28
120301-1;1310;956;15;941;473;468
120301-2;1247;921;7;914;490;424
120301-3;814;552;1;551;378;173
120301-4;990;720;9;711;450;261
120301-5;1461;1021;10;1011;633;378
120301-6;1274;885;9;876;624;252
120301-7;945;595;4;591;353;238
120301-8;1885;1397;8;1389;778;611
120302-1;1198;882;5;877;488;389
120302-2;614;446;5;441;296;145
120302-3;1118;809;7;802;604;198
120302-4;667;513;6;507;331;176
120302-5;662;458;5;453;288;165
120302-6;598;428;4;424;192;232
120302-7;481;277;1;276;134;142
120302-8;962;647;2;645;352;293
120302-9;960;602;11;591;303;288
120303-1;916;561;5;556;215;341
120303-2;839;555;2;553;219;334
120303-3;1341;822;9;813;346;467
120303-4;834;597;9;588;227;361
120303-5;1028;735;1;734;302;432
120303-6;1349;1020;11;1009;370;639
120303-7;1290;930;12;918;405;513
120303-8;1037;610;7;603;299;304
120303-9;1001;696;10;686;275;411
120303-10;1475;959;5;954;452;502
120303-11;1427;991;11;980;417;563
120303-12;1483;981;6;975;406;569
120303-13;1387;946;10;936;407;529
120303-14;721;500;4;496;185;311
120303-15;1200;863;8;855;332;523
120303-16;1566;1141;8;1133;492;641
120303-17;1176;781;6;775;381;394
120303-18;1553;1112;10;1102;435;667
120303-19;1446;1006;9;997;415;582
120303-20;1496;1053;13;1040;421;619
120303-21;543;294;2;292;153;139
120303-22;2256;1663;15;1648;727;921
120303-23;1280;840;9;831;417;414
120303-24;1354;933;8;925;470;455
120303-25;1444;989;13;976;486;490
120303-26;1460;950;7;943;527;416
120303-27;1307;823;8;815;473;342
120303-28;1271;840;8;832;449;383
120303-29;266;144;0;144;76;68
120303-30;67;35;3;32;24;8
120303-31;95;72;0;72;72;0
120304-1;677;464;6;458;290;168
120304-2;881;548;9;539;290;249
120304-3;848;588;5;583;328;255
120304-4;1121;808;9;799;425;374
120304-5;1828;1219;6;1213;633;580
120304-6;906;576;7;569;354;215
120304-7;628;430;1;429;193;236
120304-8;1113;782;12;770;375;395
120304-9;955;675;7;668;336;332
120304-10;1058;777;12;765;398;367
120304-11;1350;1005;11;994;493;501
120304-12;1585;1177;10;1167;625;542
120304-13;1520;1116;11;1105;717;388
120304-14;1453;979;8;971;691;280
120304-15;1222;874;3;871;585;286
120305-1;903;621;2;619;282;337
120305-2;899;644;6;638;272;366
120305-3;1439;934;11;923;469;454
120305-4;877;594;2;592;251;341
120305-5;1157;790;2;788;352;436
120305-6;993;616;2;614;282;332
120305-7;1144;726;1;725;335;390
120305-8;919;611;6;605;270;335
120305-9;640;365;2;363;209;154
120305-10;1093;717;5;712;358;354
120305-11;1377;913;13;900;421;479
120305-12;1180;819;7;812;370;442
120305-13;1285;780;8;772;419;353
120305-14;960;650;7;643;293;350
120305-15;492;338;4;334;224;110
120305-16;778;536;6;530;268;262
120305-17;699;474;2;472;295;177
120305-18;1666;1205;11;1194;532;662
120305-19;1076;764;7;757;376;381
120305-20;1064;756;7;749;378;371
120305-21;1184;870;9;861;423;438
120305-22;1140;802;5;797;417;380
120305-23;1037;705;2;703;344;359
120305-24;616;502;4;498;217;281
120305-25;1507;1005;9;996;520;476
120305-26;273;217;1;216;95;121
120401-1;1690;840;10;830;633;197
120401-2;510;254;3;251;211;40
120402-1;1302;825;7;818;489;329
120402-2;1286;856;8;848;598;250
120402-3;1956;1200;9;1191;807;384
120402-4;812;496;4;492;311;181
120402-5;1945;1231;10;1221;848;373
120402-6;1223;794;6;788;477;311
120402-7;846;547;3;544;382;162
120402-8;451;329;3;326;278;48
120402-9;551;341;4;337;300;37
120402-10;482;260;1;259;233;26
120402-11;1077;622;3;619;538;81
120402-12;1020;625;4;621;531;90
120402-13;342;228;1;227;213;14
120402-14;727;472;3;469;411;58
120402-15;449;330;0;330;305;25
120402-16;963;562;6;556;497;59
120402-17;538;371;9;362;317;45
120402-18;305;244;1;243;210;33
120402-19;37;29;0;29;26;3
120402-20;200;81;1;80;73;7
120403-1;847;445;0;445;340;105
120403-2;572;327;3;324;268;56
120403-3;613;355;5;350;306;44
120403-4;665;350;0;350;242;108
120404-1;1652;941;22;919;722;197
120404-2;564;310;1;309;215;94
120404-3;500;327;2;325;285;40
120404-4;70;41;0;41;39;2
120405-1;2254;1449;15;1434;1144;290
120405-2;672;420;3;417;360;57
120405-3;445;272;3;269;209;60
120405-4;566;311;3;308;257;51
120405-5;533;298;0;298;239;59
120405-6;439;254;2;252;223;29
120405-7;545;348;2;346;304;42
120405-8;614;423;2;421;345;76
120406-1;1063;658;4;654;581;73
120406-2;1633;1136;16;1120;1011;109
120406-3;537;338;3;335;301;34
120406-4;249;154;6;148;140;8
120406-5;1469;993;4;989;859;130
120406-6;407;236;4;232;209;23
120406-7;485;310;7;303;278;25
120407-1;1572;934;3;931;754;177
120407-2;1234;685;4;681;620;61
120407-3;646;423;0;423;353;70
120407-4;512;313;3;310;265;45
120407-5;1068;610;2;608;476;132
120407-6;511;306;3;303;262;41
120407-7;847;521;0;521;441;80
120407-8;1637;1029;9;1020;684;336
120407-9;2352;1436;10;1426;944;482
120501-1;555;343;7;336;210;126
120501-2;696;382;3;379;227;152
120501-3;1649;1097;8;1089;714;375
120501-4;1010;691;3;688;390;298
120501-5;877;566;4;562;327;235
120501-6;930;669;7;662;388;274
120501-7;1076;704;3;701;417;284
120501-8;924;591;5;586;355;231
120501-9;1051;635;6;629;350;279
120501-10;1315;884;7;877;498;379
120501-11;1144;704;8;696;366;330
120501-12;613;399;4;395;201;194
120501-13;1209;775;2;773;441;332
120501-14;1902;1208;9;1199;597;602
120501-15;1216;793;10;783;392;391
120501-16;1042;705;9;696;369;327
120501-17;1075;700;10;690;359;331
120501-18;1751;1168;7;1161;597;564
120501-19;1122;789;5;784;409;375
120501-20;109;75;0;75;70;5
120501-21;84;56;3;53;50;3
120501-22;378;137;0;137;117;20
120502-1;1867;1170;13;1157;747;410
120502-2;1828;1170;13;1157;749;408
120502-3;1314;848;5;843;711;132
120502-4;539;353;2;351;299;52
120502-5;380;234;2;232;201;31
120502-6;794;545;3;542;380;162
120502-7;2629;1693;15;1678;1241;437
120502-8;649;408;2;406;347;59
120502-9;1076;667;8;659;586;73
120502-10;494;338;0;338;294;44
120502-11;366;243;0;243;221;22
120502-12;1547;1039;9;1030;834;196
120503-1;2415;1700;13;1687;1285;402
120503-2;986;629;10;619;541;78
120503-3;784;583;5;578;514;64
120503-4;1240;800;11;789;667;122
120503-5;431;261;3;258;229;29
120503-6;692;488;3;485;438;47
120503-7;827;594;4;590;485;105
120504-1;151;96;0;96;54;42
120504-2;1196;791;4;787;659;128
120504-3;1698;1177;7;1170;841;329
120504-4;729;488;3;485;287;198
120504-5;2076;1338;13;1325;898;427
120504-6;475;306;0;306;218;88
120504-7;1715;1123;11;1112;751;361
120504-8;1361;908;7;901;701;200
120504-9;1149;746;7;739;546;193
120504-10;1301;846;3;843;702;141
120504-11;2017;1248;13;1235;845;390
120505-1;604;419;5;414;353;61
120505-2;1716;1154;6;1148;896;252
120505-3;186;109;0;109;82;27
120505-4;1420;934;8;926;699;227
120505-5;1235;759;5;754;619;135
120505-6;137;96;0;96;85;11
120505-7;129;105;0;105;100;5
120506-1;573;383;2;381;324;57
120506-2;830;562;5;557;447;110
120506-3;847;548;8;540;355;185
120506-4;829;543;10;533;374;159
120506-5;727;477;3;474;353;121
120506-6;1062;738;4;734;615;119
120506-7;593;388;2;386;331;55
120506-8;306;197;0;197;168;29
120506-9;797;515;3;512;380;132
120507-1;1335;939;10;929;712;217
120507-2;1366;871;9;862;716;146
120507-3;1160;748;9;739;666;73
120508-1;252;176;1;175;121;54
120508-2;667;444;2;442;270;172
120508-3;1402;1008;8;1000;858;142
120508-4;751;539;6;533;434;99
120508-5;1104;741;4;737;596;141
120508-6;57;53;1;52;48;4
120509-1;681;436;5;431;292;139
120509-2;1307;888;13;875;567;308
120509-3;793;518;2;516;343;173
120509-4;818;511;3;508;313;195
120509-5;311;185;0;185;91;94
120509-6;180;114;0;114;59;55
120510-1;1292;779;7;772;371;401
120510-2;829;550;4;546;437;109
120510-3;591;429;1;428;359;69
120510-4;1102;833;3;830;339;491
120510-5;312;198;0;198;99;99
120510-6;402;256;4;252;177;75
120510-7;239;157;0;157;95;62
120510-8;390;267;0;267;187;80
120510-9;529;335;2;333;173;160
120510-10;348;228;2;226;113;113
120601-1;1641;1146;8;1138;619;519
120601-2;309;225;2;223;176;47
120601-3;560;428;3;425;279;146
120601-4;635;456;6;450;288;162
120601-5;1240;754;11;743;516;227
120601-6;951;652;7;645;483;162
120601-7;2234;1560;20;1540;907;633
120601-8;641;478;6;472;388;84
120601-9;991;733;9;724;486;238
120601-10;1295;917;14;903;504;399
120601-11;596;451;4;447;251;196
120601-12;404;315;5;310;219;91
120602-1;1294;850;5;845;610;235
120602-2;1091;665;10;655;491;164
120602-3;797;554;4;550;396;154
120602-4;958;633;2;631;463;168
120602-5;998;644;7;637;440;197
120602-6;525;328;0;328;270;58
120602-7;504;308;3;305;244;61
120603-1;1399;953;6;947;712;235
120603-2;652;461;1;460;363;97
120603-3;1233;899;14;885;622;263
120603-4;1158;817;2;815;544;271
120603-5;1447;1129;8;1121;745;376
120603-6;1361;943;9;934;627;307
120604-1;656;503;7;496;311;185
120604-2;2094;1599;12;1587;915;672
120604-3;485;329;2;327;236;91
120604-4;445;343;8;335;180;155
120604-5;1100;845;11;834;617;217
120604-6;1877;1385;17;1368;1110;258
120604-7;880;628;7;621;480;141
120604-8;1231;894;11;883;676;207
120605-1;1463;1024;12;1012;661;351
120605-2;2292;1641;15;1626;892;734
120605-3;980;665;5;660;365;295
120605-4;1288;956;6;950;504;446
120605-5;1079;763;4;759;512;247
120605-6;1411;1065;7;1058;593;465
120605-7;853;581;4;577;475;102
120605-8;601;415;2;413;252;161
120605-9;1209;856;5;851;505;346
120605-10;1048;709;9;700;485;215
120606-1;1002;686;5;681;310;371
120606-2;963;735;15;720;350;370
120606-3;852;591;3;588;278;310
120606-4;943;612;8;604;308;296
120606-5;896;664;9;655;287;368
120606-6;934;691;7;684;318;366
120606-7;1268;924;6;918;445;473
120606-8;865;601;7;594;336;258
120606-9;909;676;8;668;456;212
120606-10;735;507;4;503;340;163
120606-11;846;651;9;642;371;271
120606-12;1498;1063;4;1059;504;555
120606-13;1629;1191;11;1180;819;361
120606-14;1065;759;6;753;435;318
120606-15;1069;751;6;745;357;388
120606-16;587;370;1;369;207;162
120606-17;888;616;5;611;374;237
120606-18;1219;826;8;818;538;280
120606-19;1139;802;9;793;395;398
120606-20;1834;1322;12;1310;565;745
120606-21;954;664;7;657;407;250
120606-22;1131;746;6;740;476;264
120606-23;964;656;11;645;390;255
120606-24;911;596;8;588;403;185
120606-25;57;47;0;47;27;20
120606-26;196;106;2;104;70;34
120607-1;1544;1143;12;1131;818;313
120607-2;1582;1150;10;1140;748;392
120607-3;751;525;2;523;348;175
120607-4;726;558;8;550;337;213
120607-5;1601;1175;15;1160;860;300
120607-6;958;728;5;723;505;218
120607-7;984;751;4;747;533;214
120607-8;552;406;5;401;262;139
120607-9;833;584;13;571;356;215
120607-10;1269;956;2;954;530;424
120607-11;1245;933;12;921;535;386
120607-12;1301;990;4;986;619;367
120608-1;1567;1277;13;1264;500;764
120608-2;1540;1170;13;1157;593;564
120608-3;2187;1661;9;1652;890;762
120608-4;1749;1250;11;1239;713;526
120608-5;1216;866;7;859;525;334
120609-1;838;632;7;625;402;223
120609-2;979;732;5;727;421;306
120609-3;2437;1878;26;1852;1026;826
120609-4;824;585;6;579;384;195
120609-5;1972;1515;14;1501;624;877
120609-6;1401;1070;14;1056;544;512
120609-7;1192;916;13;903;540;363
120609-8;1242;942;8;934;407;527
120609-9;39;31;0;31;22;9
120610-1;1641;1175;10;1165;734;431
120610-2;1903;1397;17;1380;895;485
120610-3;2029;1386;8;1378;908;470
120610-4;1128;876;12;864;547;317
120610-5;37;32;1;31;31;0
120610-6;564;435;5;430;274;156
120610-7;1140;843;9;834;517;317
120611-1;2006;1369;9;1360;754;606
120611-2;1186;866;14;852;439;413
120611-3;1629;1190;16;1174;559;615
120611-4;1598;999;15;984;426;558
120611-5;1689;1257;8;1249;578;671
120611-6;1123;834;9;825;390;435
120611-7;1903;1259;13;1246;644;602
120611-8;1492;1034;13;1021;554;467
120611-9;1724;1199;11;1188;662;526
120611-10;1197;840;8;832;451;381
120611-11;1084;788;4;784;422;362
120611-12;1690;1296;15;1281;595;686
120611-13;1706;1255;8;1247;737;510
120611-14;1900;1307;4;1303;869;434
120611-15;1262;889;8;881;637;244
120611-16;859;589;8;581;335;246
120611-17;1453;1000;9;991;589;402
120611-18;791;611;9;602;370;232
120611-19;555;393;3;390;273;117
120611-20;1295;902;8;894;581;313
120611-21;1097;767;9;758;446;312
120611-22;731;514;3;511;314;197
120611-23;1420;1020;14;1006;624;382
120611-24;718;506;3;503;354;149
120611-25;1124;779;8;771;556;215
120612-1;1392;976;11;965;593;372
120612-2;1379;958;9;949;633;316
120612-3;1403;1046;11;1035;747;288
120612-4;1350;939;11;928;625;303
120612-5;370;230;2;228;181;47
120612-6;951;648;6;642;474;168
120612-7;1358;906;12;894;676;218
120612-8;414;271;3;268;191;77
120612-9;336;212;1;211;178;33
120612-10;586;404;2;402;296;106
120612-11;789;475;2;473;376;97
120612-12;420;282;2;280;221;59
120613-1;1024;786;12;774;556;218
120613-2;948;787;11;776;673;103
120613-3;815;660;8;652;573;79
120613-4;566;418;7;411;282;129
120613-5;1291;984;13;971;766;205
120614-1;1915;1465;16;1449;821;628
120614-2;1743;1278;11;1267;705;562
120614-3;1367;955;10;945;585;360
120614-4;2329;1607;10;1597;1057;540
120614-5;595;433;5;428;259;169
120615-1;466;355;2;353;195;158
120615-2;1591;1230;9;1221;717;504
120615-3;1220;933;9;924;607;317
120615-4;1328;1022;18;1004;620;384
120615-5;1567;1266;18;1248;515;733
120615-6;1224;955;14;941;414;527
120615-7;1192;956;10;946;370;576
120615-8;1418;1101;6;1095;459;636
120615-9;55;51;1;50;35;15
120616-1;569;440;4;436;244;192
120616-2;1068;843;16;827;449;378
120616-3;1340;1032;10;1022;532;490
120616-4;555;442;5;437;280;157
120616-5;1808;1435;11;1424;571;853
120616-6;737;596;10;586;306;280
120616-7;839;641;8;633;397;236
120616-8;701;522;2;520;242;278
120616-9;336;237;3;234;139;95
120616-10;368;303;2;301;153;148
120616-11;682;546;2;544;312;232
120616-12;710;577;7;570;281;289
120616-13;677;547;14;533;284;249
120616-14;530;388;3;385;246;139
120616-15;1749;1314;16;1298;678;620
120616-16;626;496;5;491;261;230
120616-17;1993;1534;18;1516;631;885
120616-18;615;479;3;476;247;229
120616-19;471;345;5;340;177;163
120616-20;1958;1456;12;1444;535;909
120616-21;929;741;7;734;249;485
120616-22;1582;1182;12;1170;447;723
120616-23;90;58;4;54;48;6
120616-24;81;37;0;37;35;2
120617-1;882;635;6;629;345;284
120617-2;1848;1442;9;1433;551;882
120617-3;1316;967;8;959;433;526
120617-4;1390;1124;18;1106;370;736
120617-5;1342;1037;11;1026;442;584
120617-6;1653;1377;14;1363;374;989
120617-7;1610;1228;12;1216;617;599
120617-8;1511;1237;14;1223;444;779
120617-9;1471;1084;11;1073;534;539
120617-10;1759;1373;16;1357;686;671
120617-11;1052;820;7;813;441;372
120617-12;758;534;8;526;284;242
120617-13;70;39;0;39;16;23
120617-14;83;49;1;48;44;4
120701-1;786;563;8;555;335;220
120701-2;759;564;2;562;417;145
120701-3;630;452;7;445;304;141
120701-4;863;600;2;598;438;160
120701-5;831;613;3;610;451;159
120701-6;673;466;7;459;290;169
120701-7;1457;1033;13;1020;746;274
120701-8;1415;1070;8;1062;730;332
120701-9;1522;1148;8;1140;751;389
120701-10;755;543;6;537;348;189
120701-11;671;455;11;444;280;164
120701-12;921;609;5;604;357;247
120701-13;50;31;0;31;27;4
120701-14;129;31;0;31;22;9
120701-15;106;60;0;60;52;8
120702-1;1152;813;5;808;544;264
120702-2;1540;1077;8;1069;681;388
120702-3;1608;1124;14;1110;740;370
120702-4;1860;1272;9;1263;896;367
120703-1;1185;794;9;785;540;245
120703-2;1038;662;4;658;486;172
120703-3;1118;735;6;729;537;192
120703-4;972;707;8;699;540;159
120703-5;848;548;7;541;353;188
120703-6;444;308;4;304;276;28
120703-7;498;360;1;359;322;37
120703-8;994;668;3;665;596;69
120703-9;681;430;5;425;284;141
120704-1;1193;794;4;790;639;151
120704-2;805;532;4;528;406;122
120704-3;1071;735;8;727;551;176
120704-4;710;569;2;567;507;60
120704-5;1013;715;9;706;608;98
120704-6;784;557;4;553;495;58
120704-7;251;187;0;187;171;16
120704-8;741;484;3;481;394;87
120704-9;31;20;0;20;16;4
120704-10;66;50;2;48;43;5
120705-1;1724;1210;16;1194;988;206
120705-2;906;624;4;620;508;112
120705-3;1551;1100;11;1089;866;223
120705-4;791;568;3;565;495;70
120705-5;590;448;2;446;368;78
120705-6;468;337;3;334;295;39
120706-1;1295;1020;9;1011;826;185
120706-2;692;530;9;521;459;62
120706-3;1173;934;8;926;849;77
120706-4;705;522;3;519;475;44
120706-5;439;365;3;362;310;52
120706-6;560;446;4;442;405;37
120706-7;1331;1066;11;1055;921;134
120707-1;1230;917;3;914;784;130
120707-2;2044;1515;12;1503;1264;239
120707-3;455;311;2;309;267;42
120707-4;931;695;2;693;590;103
120707-5;487;362;1;361;314;47
120707-6;2083;1508;7;1501;1165;336
120707-7;1603;1136;10;1126;917;209
120707-8;1898;1337;10;1327;978;349
120707-9;774;563;5;558;474;84
120707-10;1135;810;6;804;681;123
120707-11;1054;826;4;822;723;99
120707-12;1022;752;9;743;608;135
120707-13;555;404;1;403;347;56
120707-14;633;505;3;502;429;73
120707-15;1133;864;3;861;766;95
120707-16;286;224;1;223;206;17
120707-17;731;522;5;517;461;56
120707-18;542;394;5;389;351;38
120707-19;625;489;8;481;331;150
120708-1;891;636;5;631;563;68
120708-2;1729;1315;14;1301;1099;202
120708-3;753;520;2;518;442;76
120708-4;1890;1307;13;1294;1065;229
120708-5;792;583;4;579;490;89
120708-6;816;642;4;638;533;105
120708-7;609;453;7;446;416;30
120709-1;259;201;0;201;167;34
120709-2;1367;961;7;954;774;180
120709-3;978;682;2;680;585;95
120709-4;1376;1041;13;1028;807;221
120709-5;1398;1088;7;1081;945;136
120709-6;1617;1123;8;1115;890;225
120709-7;940;680;4;676;605;71
120709-8;1096;732;2;730;654;76
120709-9;971;688;5;683;571;112
120709-10;1104;822;4;818;701;117
120709-11;1214;834;5;829;688;141
120709-12;913;601;5;596;427;169
120709-13;45;45;0;45;43;2
120709-14;36;35;4;31;30;1
120710-1;1631;998;10;988;910;78
120710-2;1066;648;6;642;496;146
120710-3;1949;1257;15;1242;916;326
120710-4;970;628;0;628;556;72
120711-1;1404;974;8;966;830;136
120711-2;563;421;2;419;380;39
120711-3;1149;879;7;872;779;93
120711-4;500;390;6;384;345;39
120711-5;1345;935;8;927;774;153
120712-1;1126;870;6;864;782;82
120712-2;1000;734;11;723;509;214
120712-3;1237;871;2;869;657;212
120712-4;1014;751;6;745;635;110
120712-5;561;401;3;398;345;53
120801-1;1311;842;5;837;458;379
120801-2;997;615;2;613;424;189
120801-3;808;536;5;531;426;105
120801-4;709;419;0;419;308;111
120801-5;695;463;8;455;352;103
120801-6;1237;860;7;853;664;189
120801-7;328;239;0;239;202;37
120801-8;24;19;0;19;19;0
120802-1;1145;903;17;886;640;246
120802-2;373;278;1;277;226;51
120802-3;1092;777;7;770;526;244
120802-4;485;360;5;355;264;91
120802-5;432;308;2;306;244;62
120802-6;552;341;3;338;239;99
120802-7;702;427;2;425;343;82
120803-1;512;308;0;308;260;48
120803-2;339;216;1;215;158;57
120803-3;407;241;3;238;191;47
120803-4;506;337;2;335;252;83
120803-5;866;592;5;587;449;138
120803-6;471;332;0;332;253;79
120803-7;319;201;0;201;178;23
120803-8;229;164;1;163;146;17
120803-9;226;163;1;162;147;15
120804-1;771;498;5;493;409;84
120804-2;715;491;2;489;309;180
120804-3;578;404;4;400;284;116
120804-4;384;274;3;271;211;60
120804-5;421;275;2;273;190;83
120804-6;260;158;0;158;127;31
120804-7;267;176;1;175;147;28
120804-8;203;132;0;132;109;23
120804-9;332;222;1;221;174;47
120804-10;276;188;1;187;161;26
120804-11;54;39;2;37;35;2
120805-1;1109;702;6;696;368;328
120805-2;884;579;0;579;302;277
120805-3;769;531;2;529;282;247
120805-4;1136;765;5;760;438;322
120805-5;988;674;8;666;366;300
120805-6;1190;703;8;695;423;272
120805-7;1342;933;6;927;486;441
120805-8;759;537;8;529;265;264
120805-9;791;552;13;539;291;248
120805-10;463;294;1;293;210;83
120805-11;236;174;2;172;133;39
120805-12;962;610;3;607;447;160
120805-13;518;327;3;324;260;64
120805-14;453;294;1;293;212;81
120805-15;425;277;1;276;218;58
120805-16;602;374;3;371;269;102
120805-17;1110;722;3;719;523;196
120805-18;678;424;2;422;345;77
120805-19;747;487;4;483;398;85
120805-20;293;203;1;202;170;32
120805-21;46;17;0;17;12;5
120805-22;39;31;5;26;23;3
120805-23;66;42;0;42;22;20
120805-24;49;26;3;23;22;1
120806-1;1102;697;8;689;523;166
120806-2;438;284;4;280;237;43
120806-3;524;339;1;338;280;58
120807-1;1169;679;1;678;520;158
120807-2;902;547;5;542;434;108
120807-3;622;448;4;444;312;132
120807-4;259;159;2;157;127;30
120901-1;1478;1063;7;1056;661;395
120901-2;1673;1210;21;1189;721;468
120901-3;1893;1383;21;1362;769;593
120901-4;1155;808;9;799;531;268
120901-5;1299;941;6;935;729;206
120901-6;1413;1034;9;1025;770;255
120901-7;1400;1016;18;998;713;285
120901-8;838;546;2;544;416;128
120901-9;516;429;6;423;271;152
120902-1;1450;1072;7;1065;797;268
120902-2;1433;1014;17;997;815;182
120902-3;1791;1372;9;1363;1172;191
120902-4;701;487;4;483;400;83
120902-5;2237;1549;10;1539;1161;378
120903-1;1895;1486;14;1472;729;743
120903-2;1882;1375;15;1360;725;635
120903-3;1427;1046;9;1037;660;377
120903-4;980;719;3;716;318;398
120903-5;1263;974;12;962;499;463
120903-6;1406;1079;11;1068;456;612
120903-7;2035;1557;23;1534;851;683
120903-8;1078;852;7;845;430;415
120903-9;1781;1183;11;1172;638;534
120903-10;857;632;3;629;404;225
120903-11;1072;816;11;805;672;133
120903-12;1335;889;7;882;657;225
120903-13;2438;1816;15;1801;1276;525
120903-14;1341;944;10;934;638;296
120903-15;2340;1716;17;1699;1133;566
120903-16;1923;1464;13;1451;1078;373
120903-17;886;643;4;639;448;191
120903-18;1001;754;11;743;573;170
120903-19;981;694;2;692;523;169
120903-20;1492;1101;19;1082;678;404
120903-21;931;660;3;657;466;191
120903-22;1791;1314;19;1295;905;390
120903-23;671;493;13;480;370;110
120903-24;824;595;5;590;440;150
120903-25;249;199;0;199;189;10
120903-26;60;7;0;7;5;2
120903-27;41;29;1;28;27;1
120903-28;11;11;0;11;11;0
120903-29;31;28;1;27;4;23
120903-30;25;21;0;21;13;8
120904-1;1462;1131;15;1116;831;285
120904-2;1183;883;13;870;625;245
120904-3;1198;924;4;920;749;171
120904-4;1095;777;7;770;621;149
120904-5;1419;1063;11;1052;777;275
120904-6;1807;1303;10;1293;1006;287
120904-7;348;260;1;259;225;34
120904-8;58;48;0;48;46;2
120905-1;1271;912;6;906;597;309
120905-2;1179;791;10;781;653;128
120905-3;986;696;4;692;550;142
120905-4;680;466;5;461;327;134
120905-5;1016;676;6;670;506;164
120906-1;1207;859;10;849;539;310
120906-2;1871;1404;19;1385;902;483
120906-3;1194;866;7;859;523;336
120906-4;1698;1251;12;1239;956;283
120906-5;921;683;9;674;513;161
120907-1;682;458;4;454;253;201
120907-2;1637;1189;11;1178;755;423
120907-3;1297;903;8;895;626;269
120907-4;1448;982;7;975;778;197
120907-5;1389;890;7;883;736;147
120907-6;1028;688;7;681;480;201
120907-7;1730;1225;8;1217;836;381
120907-8;777;577;2;575;418;157
120907-9;1464;1066;15;1051;656;395
120908-1;1954;1481;6;1475;1206;269
120908-2;1366;993;4;989;835;154
120908-3;1711;1308;13;1295;1049;246
120908-4;836;615;6;609;513;96
120908-5;365;265;4;261;216;45
120908-6;522;380;2;378;325;53
120909-1;366;269;2;267;168;99
120909-2;389;307;10;297;267;30
120909-3;1297;1037;5;1032;887;145
120909-4;388;314;3;311;261;50
120909-5;1035;783;5;778;654;124
120909-6;508;386;4;382;338;44
120909-7;1728;1284;14;1270;1034;236
121001-1;1206;944;10;934;800;134
121001-2;1388;964;13;951;677;274
121001-3;1088;766;8;758;476;282
121001-4;1056;814;11;803;678;125
121002-1;1170;880;6;874;570;304
121002-2;718;510;0;510;392;118
121002-3;469;326;5;321;285;36
121002-4;1277;905;8;897;706;191
121002-5;807;507;7;500;389;111
121002-6;974;707;2;705;589;116
121002-7;756;562;3;559;494;65
121002-8;1020;756;3;753;615;138
121002-9;1188;902;0;902;785;117
121002-10;1149;828;8;820;682;138
121002-11;710;541;1;540;472;68
121002-12;695;494;3;491;335;156
121002-13;672;478;3;475;376;99
121002-14;498;356;1;355;313;42
121002-15;592;439;3;436;365;71
121002-16;397;317;0;317;241;76
121002-17;744;545;7;538;345;193
121002-18;1051;780;7;773;613;160
121002-19;130;104;1;103;92;11
121002-20;404;298;1;297;240;57
121002-21;1499;1081;15;1066;679;387
121002-22;947;704;9;695;501;194
121002-23;1369;968;6;962;881;81
121002-24;425;305;6;299;238;61
121002-25;966;735;13;722;543;179
121002-26;619;430;3;427;372;55
121002-27;48;38;0;38;38;0
121003-1;1626;1219;7;1212;927;285
121003-2;988;649;4;645;497;148
121003-3;1674;1174;10;1164;969;195
121003-4;1055;700;6;694;616;78
121003-5;1362;928;3;925;787;138
121003-6;910;705;7;698;438;260
121003-7;52;31;0;31;29;2
121004-1;2111;1566;19;1547;1275;272
121004-2;973;715;2;713;651;62
121004-3;1193;953;3;950;841;109
121004-4;1221;886;7;879;790;89
121004-5;882;685;4;681;618;63
121004-6;1746;1387;14;1373;1284;89
121004-7;2082;1611;11;1600;1439;161
121004-8;824;608;6;602;517;85
121004-9;1499;1169;8;1161;967;194
121004-10;977;769;8;761;664;97
121004-11;1610;1237;14;1223;1079;144
121004-12;796;594;2;592;524;68
121004-13;1985;1422;13;1409;1038;371
121004-14;359;300;1;299;279;20
121004-15;497;364;3;361;293;68
121005-1;1356;996;9;987;781;206
121005-2;1485;1107;8;1099;900;199
121005-3;722;549;6;543;455;88
121005-4;607;439;3;436;341;95
121005-5;967;746;4;742;648;94
121005-6;501;392;1;391;323;68
121005-7;631;480;3;477;426;51
121005-8;1491;1049;1;1048;878;170
121006-1;2254;1690;11;1679;1418;261
121006-2;1418;1035;5;1030;920;110
121006-3;1309;947;8;939;813;126
121006-4;789;550;3;547;476;71
121006-5;222;146;2;144;124;20
121006-6;1454;1069;4;1065;960;105
121006-7;1166;882;12;870;743;127
121006-8;1418;1047;7;1040;952;88
121006-9;983;746;6;740;624;116
121007-1;946;635;4;631;393;238
121007-2;1445;933;4;929;519;410
121007-3;1941;1298;8;1290;656;634
121007-4;1138;725;6;719;434;285
121007-5;1731;1496;6;1490;760;730
121007-6;1011;824;5;819;381;438
121007-7;1491;1021;5;1016;558;458
121007-8;1047;834;5;829;422;407
121007-9;555;353;0;353;279;74
121007-10;551;362;4;358;255;103
121007-11;1180;816;7;809;522;287
121007-12;468;326;2;324;209;115
121007-13;351;211;3;208;156;52
121007-14;606;379;3;376;283;93
121007-15;440;326;4;322;245;77
121007-16;299;196;3;193;153;40
121007-17;236;170;0;170;141;29
121007-18;37;37;2;35;21;14
121008-1;587;405;5;400;367;33
121008-2;658;482;4;478;422;56
121008-3;1381;957;9;948;717;231
121008-4;1300;876;4;872;739;133
121008-5;515;377;1;376;338;38
121009-1;867;626;4;622;494;128
121009-2;469;328;1;327;254;73
121009-3;1643;1108;7;1101;949;152
121009-4;1080;753;5;748;646;102
121009-5;1404;1002;7;995;788;207
121009-6;1601;1160;16;1144;1025;119
121009-7;1438;1002;8;994;809;185
121009-8;487;358;4;354;320;34
121009-9;629;479;7;472;441;31
121009-10;391;303;0;303;279;24
121009-11;1515;1100;16;1084;783;301
121009-12;804;555;5;550;459;91
121010-1;1190;858;8;850;737;113
121010-2;1004;809;2;807;738;69
121010-3;1813;1419;15;1404;1148;256
121010-4;1105;825;0;825;740;85
121010-5;819;587;4;583;495;88
121010-6;738;592;4;588;513;75
121010-7;709;517;3;514;454;60
121010-8;1008;780;7;773;641;132
121011-1;1372;967;2;965;568;397
121011-2;463;351;3;348;161;187
121011-3;1585;1084;7;1077;554;523
121011-4;789;513;9;504;374;130
121011-5;358;213;2;211;177;34
121011-6;568;405;4;401;347;54
121011-7;766;470;4;466;370;96
121011-8;746;532;0;532;382;150
121011-9;868;604;3;601;347;254
121011-10;371;217;1;216;184;32
121011-11;1349;896;11;885;604;281
121011-12;187;107;2;105;87;18
121011-13;189;121;1;120;97;23
121011-14;61;55;8;47;41;6
121012-1;842;598;5;593;393;200
121012-2;1001;730;4;726;614;112
121012-3;871;659;3;656;588;68
121012-4;421;313;0;313;289;24
121012-5;466;338;3;335;311;24
121012-6;413;313;2;311;293;18
121012-7;1190;853;9;844;634;210
121012-8;1179;846;9;837;681;156
121013-1;2225;1550;13;1537;1038;499
121013-2;1771;1196;10;1186;788;398
121013-3;955;660;3;657;492;165
121013-4;762;524;2;522;408;114
121013-5;501;310;1;309;270;39
121013-6;1468;1001;4;997;900;97
121013-7;759;565;4;561;362;199
121013-8;289;208;0;208;169;39
121014-1;1897;1401;10;1391;1145;246
121014-2;327;230;1;229;214;15
121014-3;681;487;3;484;435;49
121014-4;1174;856;3;853;747;106
121014-5;442;313;0;313;294;19
121014-6;284;200;2;198;156;42
121014-7;647;471;3;468;408;60
121014-8;203;158;3;155;125;30
121014-9;932;699;8;691;585;106
121014-10;517;407;2;405;366;39
121014-11;1475;1112;9;1103;895;208
121014-12;472;334;5;329;256;73
121014-13;671;482;10;472;409;63
121015-1;1619;1179;14;1165;863;302
121015-2;1370;971;3;968;796;172
121016-1;849;642;4;638;418;220
121016-2;1975;1317;15;1302;881;421
121016-3;1274;890;8;882;585;297
121016-4;2287;1619;17;1602;1128;474
121016-5;692;483;0;483;400;83
121016-6;1762;1285;6;1279;1022;257
121016-7;844;601;10;591;528;63
121016-8;2081;1471;11;1460;1141;319
121016-9;1615;1128;5;1123;973;150
121016-10;1278;943;14;929;791;138
121016-11;1015;769;8;761;604;157
121016-12;497;345;3;342;297;45
121016-13;889;658;9;649;503;146
121016-14;549;412;6;406;323;83
121016-15;558;411;4;407;361;46
121101-1;1250;849;5;844;530;314
121101-2;1046;659;3;656;484;172
121101-3;1158;719;7;712;494;218
121101-4;1020;643;5;638;410;228
121101-5;1323;924;3;921;489;432
121101-6;1508;1017;5;1012;505;507
121101-7;1450;998;10;988;600;388
121101-8;1092;698;2;696;411;285
121101-9;1388;823;7;816;490;326
121101-10;1407;985;9;976;470;506
121101-11;1426;965;10;955;554;401
121101-12;1128;694;6;688;395;293
121101-13;1122;676;9;667;356;311
121101-14;1069;617;3;614;345;269
121101-15;1133;725;3;722;403;319
121101-16;1067;652;3;649;338;311
121101-17;1022;697;6;691;337;354
121101-18;815;567;6;561;299;262
121101-19;1195;793;2;791;419;372
121101-20;1186;739;5;734;441;293
121101-21;1528;1009;5;1004;451;553
121101-22;437;121;3;118;89;29
121102-1;664;473;5;468;226;242
121102-2;829;568;6;562;341;221
121102-3;1568;1053;12;1041;600;441
121102-4;1479;1134;7;1127;527;600
121102-5;1189;825;3;822;469;353
121102-6;1924;1371;4;1367;673;694
121103-1;820;447;5;442;254;188
121103-2;913;453;4;449;319;130
121103-3;1185;569;2;567;401;166
121103-4;448;208;0;208;173;35
121103-5;700;406;2;404;356;48
121103-6;413;182;2;180;158;22
121103-7;783;406;6;400;338;62
121103-8;567;376;2;374;341;33
121103-9;660;411;4;407;350;57
121103-10;894;518;5;513;439;74
121103-11;902;542;3;539;466;73
121103-12;779;368;2;366;311;55
121103-13;344;208;1;207;157;50
121103-14;1043;614;1;613;440;173
121103-15;794;409;4;405;320;85
121103-16;836;450;0;450;384;66
121103-17;780;464;4;460;414;46
121103-18;835;497;1;496;457;39
121103-19;886;523;5;518;461;57
121103-20;612;367;3;364;329;35
121103-21;718;466;2;464;376;88
121103-22;666;380;1;379;345;34
121103-23;654;313;2;311;258;53
121104-1;874;464;1;463;320;143
121104-2;1031;606;3;603;455;148
121104-3;523;342;2;340;230;110
121104-4;1520;1155;12;1143;681;462
121104-5;526;423;4;419;185;234
121104-6;1035;739;17;722;482;240
121104-7;1134;884;6;878;496;382
121104-8;16;15;2;13;9;4
121105-1;872;501;4;497;419;78
121105-2;2025;1357;7;1350;1149;201
121105-3;1292;856;4;852;632;220
121105-4;1827;1234;10;1224;1110;114
121105-5;846;587;4;583;498;85
121105-6;1921;1362;8;1354;1248;106
121105-7;1460;994;7;987;892;95
121105-8;1225;804;5;799;691;108
121105-9;747;498;1;497;455;42
121105-10;927;636;9;627;587;40
121105-11;1209;841;4;837;718;119
121106-1;1152;814;2;812;466;346
121106-2;1658;1131;9;1122;566;556
121106-3;865;576;5;571;403;168
121106-4;1241;880;5;875;685;190
121106-5;211;141;0;141;121;20
121106-6;869;618;8;610;493;117
121107-1;534;367;0;367;320;47
121107-2;1032;705;1;704;639;65
121107-3;1372;928;2;926;781;145
121107-4;863;577;2;575;510;65
121107-5;759;482;2;480;391;89
121108-1;1459;852;3;849;622;227
121108-2;316;241;1;240;174;66
121108-3;363;293;3;290;147;143
121108-4;1514;918;8;910;673;237
121108-5;1121;691;5;686;506;180
121108-6;1290;821;4;817;598;219
121108-7;761;440;4;436;365;71
121108-8;348;247;4;243;205;38
121108-9;647;349;1;348;300;48
121109-1;676;443;3;440;344;96
121109-2;533;390;0;390;290;100
121109-3;1322;937;11;926;530;396
121109-4;1026;581;7;574;440;134
121109-5;1918;1246;6;1240;985;255
121109-6;1400;810;5;805;618;187
121109-7;1127;677;6;671;499;172
121109-8;1067;656;7;649;416;233
121109-9;473;336;1;335;256;79
121109-10;1170;743;5;738;603;135
121109-11;873;543;4;539;436;103
121109-12;550;301;0;301;259;42
121109-13;743;459;3;456;367;89
121109-14;569;340;3;337;311;26
121109-15;398;186;3;183;168;15
121109-16;1939;1157;13;1144;865;279
121109-17;732;397;6;391;332;59
121109-18;633;372;3;369;286;83
121109-19;384;253;2;251;196;55
121109-20;499;341;0;341;263;78
121109-21;459;295;1;294;252;42
121110-1;1720;1316;14;1302;1043;259
121110-2;1853;1344;9;1335;1108;227
121110-3;638;509;6;503;464;39
121110-4;2476;1744;9;1735;1393;342
121111-1;1260;798;8;790;602;188
121111-2;2090;1319;13;1306;981;325
121111-3;322;211;2;209;161;48
121111-4;1276;848;7;841;606;235
121111-5;650;421;3;418;351;67
121111-6;441;330;0;330;296;34
121111-7;190;118;2;116;112;4
121111-8;2118;1322;3;1319;1023;296
121111-9;1341;861;5;856;683;173
121111-10;1476;880;7;873;715;158
121111-11;18;11;0;11;10;1
121112-1;882;590;6;584;406;178
121112-2;1387;970;11;959;709;250
121112-3;911;589;3;586;412;174
121112-4;1283;918;9;909;564;345
121112-5;1297;893;8;885;489;396
121112-6;1415;1019;8;1011;558;453
121112-7;1775;1294;8;1286;775;511
121112-8;1608;1128;12;1116;677;439
121112-9;1200;738;5;733;582;151
121112-10;924;592;3;589;457;132
121112-11;1168;761;2;759;651;108
121112-12;60;17;0;17;14;3
121112-13;41;38;0;38;33;5
121113-1;730;547;17;530;455;75
121113-2;658;490;13;477;363;114
121113-3;682;511;15;496;397;99
121113-4;639;488;12;476;381;95
121113-5;603;482;9;473;382;91
121114-1;963;519;0;519;441;78
121114-2;860;526;5;521;475;46
121114-3;434;257;3;254;186;68
121114-4;785;444;1;443;383;60
121114-5;722;421;2;419;374;45
121114-6;852;516;4;512;492;20
121114-7;1374;784;7;777;591;186
121114-8;1311;734;8;726;589;137
121114-9;1123;665;6;659;484;175
121114-10;69;57;2;55;49;6
121201-1;318;216;0;216;118;98
121201-2;443;286;2;284;190;94
121201-3;1076;754;10;744;322;422
121201-4;467;333;2;331;153;178
121201-5;751;494;4;490;242;248
121201-6;1654;1068;13;1055;552;503
121201-7;1429;946;15;931;459;472
121201-8;565;400;5;395;164;231
121201-9;1217;802;4;798;414;384
121203-1;2116;1378;21;1357;618;739
121203-2;1164;737;4;733;404;329
121203-3;1828;1183;11;1172;581;591
121203-4;1085;688;8;680;397;283
121203-5;120;65;0;65;59;6
121204-1;2334;1608;14;1594;640;954
121204-2;1561;1078;12;1066;501;565
121204-3;1358;901;4;897;463;434
121204-4;734;532;1;531;311;220
121204-5;1032;699;6;693;360;333
121204-6;1261;878;5;873;606;267
121204-7;253;205;5;200;126;74
121204-8;1224;884;9;875;437;438
121204-9;424;315;1;314;202;112
121204-10;422;306;2;304;204;100
121204-11;827;609;12;597;340;257
121204-12;242;197;1;196;103;93
121204-13;267;200;1;199;91;108
121204-14;178;95;1;94;63;31
121205-1;858;686;5;681;323;358
121205-2;1696;1081;14;1067;546;521
121205-3;822;624;4;620;288;332
121205-4;1490;1132;8;1124;561;563
121205-5;1368;1020;14;1006;528;478
121205-6;2277;1831;15;1816;933;883
121205-7;2060;1476;8;1468;798;670
121205-8;1876;1319;10;1309;725;584
121205-9;1346;975;11;964;448;516
121205-10;1656;1134;14;1120;568;552
121205-11;1657;1130;9;1121;543;578
121205-12;1450;1056;7;1049;532;517
121205-13;1702;1205;5;1200;602;598
121205-14;1535;1059;11;1048;520;528
121205-15;1398;947;5;942;536;406
121205-16;1601;1174;14;1160;585;575
121205-17;1413;1075;10;1065;455;610
121205-18;564;449;4;445;237;208
121205-19;625;430;6;424;325;99
121205-20;417;321;1;320;208;112
121205-21;449;291;4;287;219;68
121205-22;776;576;6;570;350;220
121205-23;955;693;10;683;410;273
121205-24;1459;1099;8;1091;719;372
121205-25;561;403;3;400;307;93
121205-26;814;617;6;611;516;95
121205-27;915;693;3;690;456;234
121205-28;1040;770;10;760;500;260
121205-29;448;299;2;297;221;76
121205-30;1123;856;6;850;683;167
121205-31;509;370;1;369;282;87
121205-32;92;60;0;60;57;3
121205-33;175;63;0;63;49;14
121205-34;128;10;0;10;8;2
121206-1;2091;1526;7;1519;1140;379
121206-2;872;621;2;619;549;70
121206-3;1078;760;5;755;578;177
121206-4;1662;1218;6;1212;944;268
121207-1;711;473;2;471;348;123
121207-2;558;411;2;409;274;135
121207-3;930;668;6;662;529;133
121207-4;819;603;3;600;443;157
121207-5;1038;740;3;737;531;206
121207-6;959;645;1;644;496;148
121207-7;737;541;10;531;445;86
121207-8;1241;893;12;881;593;288
121207-9;555;412;4;408;338;70
121207-10;949;642;9;633;499;134
121207-11;586;422;3;419;353;66
121207-12;1271;828;9;819;582;237
121207-13;1089;752;5;747;501;246
121207-14;1491;1056;6;1050;576;474
121207-15;961;632;16;616;337;279
121207-16;971;706;3;703;390;313
121207-17;899;616;4;612;365;247
121207-18;710;488;5;483;263;220
121207-19;825;602;2;600;276;324
121207-20;819;567;6;561;306;255
121301-1;2021;1360;14;1346;697;649
121301-2;2381;1657;13;1644;781;863
121301-3;718;497;0;497;235;262
121301-4;600;411;9;402;149;253
121301-5;1022;656;10;646;287;359
121301-6;1251;858;4;854;445;409
121301-7;1826;1322;8;1314;549;765
121301-8;775;507;8;499;258;241
121301-9;757;584;3;581;288;293
121301-10;1305;880;12;868;449;419
121301-11;515;371;4;367;173;194
121301-12;1060;755;5;750;326;424
121301-13;1519;1099;14;1085;472;613
121301-14;1069;742;9;733;440;293
121301-15;1306;804;6;798;345;453
121301-16;1347;980;9;971;413;558
121301-17;1183;783;12;771;349;422
121301-18;1710;1206;12;1194;444;750
121301-19;1496;992;5;987;434;553
121301-20;611;395;4;391;149;242
121301-21;1100;749;5;744;311;433
121301-22;1423;1057;7;1050;528;522
121301-23;1848;1356;12;1344;520;824
121301-24;297;163;3;160;116;44
121301-25;47;32;1;31;31;0
121302-1;1770;1118;10;1108;588;520
121302-2;1309;850;10;840;465;375
121302-3;1245;924;7;917;428;489
121302-4;1730;1265;12;1253;712;541
121302-5;1966;1359;10;1349;717;632
121302-6;753;543;7;536;341;195
121302-7;1732;1215;7;1208;659;549
121302-8;1532;1135;8;1127;629;498
121302-9;1905;1448;9;1439;828;611
121302-10;879;634;4;630;345;285
121302-11;1001;784;2;782;504;278
121302-12;620;433;2;431;318;113
121303-1;1365;909;6;903;435;468
121303-2;1450;846;12;834;464;370
121303-3;709;456;2;454;256;198
121303-4;664;480;3;477;236;241
121303-5;1262;932;4;928;457;471
121303-6;1399;980;9;971;563;408
121303-7;1504;1083;14;1069;597;472
121303-8;1484;1097;3;1094;689;405
121303-9;53;35;2;33;31;2
121304-1;1625;1135;3;1132;559;573
121304-2;1588;1069;5;1064;531;533
121304-3;1014;671;5;666;324;342
121304-4;1161;789;8;781;392;389
121304-5;1007;724;7;717;365;352
121304-6;1201;874;4;870;429;441
121304-7;1236;824;7;817;489;328
121304-8;1258;939;10;929;446;483
121304-9;1102;821;6;815;342;473
121304-10;932;635;4;631;296;335
121304-11;1969;1447;9;1438;794;644
121304-12;1467;1042;14;1028;648;380
121304-13;1298;921;4;917;671;246
121304-14;1222;899;13;886;621;265
121304-15;1264;886;9;877;527;350
121304-16;1019;736;4;732;465;267
121304-17;1053;775;5;770;472;298
121304-18;1310;949;8;941;508;433
121304-19;1291;875;7;868;519;349
121304-20;1863;1267;7;1260;934;326
121304-21;48;40;0;40;40;0
121305-1;2072;1403;11;1392;874;518
121305-2;1637;1126;10;1116;747;369
121305-3;1616;1161;7;1154;844;310
121305-4;1103;786;6;780;524;256
121306-1;1551;1112;16;1096;512;584
121306-2;486;402;4;398;237;161
121306-3;772;572;9;563;299;264
121306-4;1848;1339;16;1323;667;656
121306-5;566;411;4;407;280;127
121306-6;1736;1280;9;1271;770;501
121306-7;1225;921;12;909;494;415
121306-8;1263;948;8;940;617;323
121306-9;241;173;0;173;110;63
121306-10;1305;1010;10;1000;429;571
121306-11;980;633;4;629;356;273
121306-12;316;231;1;230;156;74
121306-13;270;194;3;191;108;83
121306-14;1010;668;6;662;389;273
121306-15;1083;830;11;819;339;480
121306-16;39;12;0;12;10;2
121307-1;1595;1233;18;1215;733;482
121307-2;841;656;14;642;401;241
121307-3;914;703;16;687;458;229
121308-1;2257;1609;11;1598;894;704
121308-2;1258;911;4;907;554;353
121308-3;1795;1211;11;1200;764;436
121309-1;1431;995;9;986;537;449
121309-2;391;284;4;280;204;76
121309-3;588;398;1;397;235;162
121309-4;735;524;2;522;328;194
121309-5;1178;794;4;790;512;278
121309-6;615;432;5;427;282;145
121309-7;415;266;1;265;189;76
121309-8;405;299;3;296;207;89
121309-9;506;342;0;342;233;109
121309-10;1206;826;6;820;386;434
121309-11;59;26;1;25;25;0
121401-1;796;556;4;552;372;180
121401-2;788;469;3;466;389;77
121401-3;583;374;1;373;298;75
121401-4;980;597;1;596;468;128
121401-5;993;706;3;703;531;172
121401-6;945;614;5;609;498;111
121401-7;384;261;3;258;206;52
121401-8;583;412;3;409;263;146
121401-9;859;640;2;638;473;165
121401-10;57;42;1;41;35;6
121402-1;1668;939;5;934;644;290
121402-2;1729;1045;14;1031;825;206
121402-3;1117;645;10;635;513;122
121403-1;1364;966;13;953;645;308
121403-2;597;408;1;407;296;111
121403-3;1064;745;4;741;589;152
121403-4;863;506;3;503;407;96
121403-5;654;404;2;402;326;76
121404-1;1004;671;1;670;507;163
121404-2;533;377;1;376;315;61
121404-3;492;344;0;344;284;60
121404-4;489;309;3;306;260;46
121404-5;367;242;1;241;217;24
121405-1;853;561;6;555;299;256
121405-2;1461;977;8;969;567;402
121405-3;1200;767;2;765;413;352
121405-4;1224;858;2;856;494;362
121405-5;1145;752;4;748;589;159
121405-6;912;584;1;583;458;125
121405-7;1050;664;7;657;530;127
121405-8;787;498;6;492;421;71
121405-9;1120;691;5;686;514;172
121405-10;908;618;1;617;443;174
121405-11;698;485;5;480;389;91
121405-12;713;489;5;484;306;178
121405-13;823;520;2;518;345;173
121405-14;141;41;0;41;35;6
121406-1;1076;687;5;682;539;143
121406-2;789;493;0;493;399;94
121406-3;472;335;4;331;283;48
121406-4;357;252;0;252;217;35
121501-1;1245;892;8;884;574;310
121501-2;1105;704;4;700;471;229
121501-3;1226;848;10;838;483;355
121501-4;530;358;4;354;197;157
121502-1;2014;1387;15;1372;707;665
121502-2;830;598;5;593;265;328
121502-3;872;600;4;596;286;310
121502-4;971;677;6;671;311;360
121502-5;1578;1065;10;1055;540;515
121502-6;918;647;6;641;419;222
121502-7;223;51;2;49;37;12
121503-1;1673;1163;14;1149;929;220
121503-2;2187;1437;15;1422;1020;402
121503-3;762;554;9;545;398;147
121503-4;723;488;10;478;336;142
121503-5;997;641;4;637;539;98
121503-6;430;287;4;283;183;100
121504-1;1461;923;5;918;682;236
121504-2;1069;635;3;632;474;158
121504-3;1475;948;5;943;704;239
121504-4;1389;904;11;893;746;147
121505-1;2167;1492;12;1480;1227;253
121505-2;1583;1023;8;1015;798;217
121505-3;1155;788;11;777;600;177
121505-4;1208;838;8;830;661;169
121505-5;1729;1116;17;1099;915;184
121505-6;676;437;1;436;363;73
121505-7;56;48;1;47;35;12
121506-1;989;650;5;645;430;215
121506-2;1827;1261;7;1254;621;633
121506-3;1693;1133;10;1123;607;516
121506-4;1992;1347;21;1326;819;507
121506-5;1823;1270;14;1256;958;298
121506-6;1934;1312;10;1302;1097;205
121506-7;527;383;0;383;308;75
121506-8;539;389;3;386;265;121
121506-9;1010;724;2;722;576;146
121506-10;126;56;1;55;50;5
121506-11;99;27;0;27;25;2
121506-12;50;41;0;41;40;1
121507-1;1359;919;8;911;658;253
121507-2;696;491;2;489;330;159
121507-3;598;448;2;446;318;128
121507-4;2098;1516;16;1500;988;512
121507-5;2213;1522;14;1508;1166;342
121507-6;1725;1286;15;1271;847;424
121507-7;530;371;6;365;244;121
121507-8;530;379;3;376;254;122
121508-1;1761;1081;7;1074;802;272
121508-2;386;243;1;242;199;43
121508-3;296;223;1;222;150;72
121508-4;990;700;4;696;509;187
121508-5;1880;1245;8;1237;751;486
121508-6;493;345;2;343;235;108
121508-7;781;482;6;476;275;201
121508-8;1334;939;9;930;525;405
121509-1;584;400;5;395;262;133
121509-2;1770;1284;7;1277;801;476
121509-3;1177;792;19;773;530;243
121509-4;666;497;2;495;357;138
121509-5;296;220;0;220;158;62
121601-1;1885;1225;14;1211;847;364
121601-2;1614;989;4;985;796;189
121601-3;1925;1298;10;1288;896;392
121601-4;2101;1369;17;1352;1056;296
121601-5;1335;809;1;808;656;152
121602-1;798;508;2;506;462;44
121602-2;1032;673;2;671;590;81
121602-3;333;232;0;232;213;19
121602-4;1240;811;6;805;646;159
121602-5;1441;943;7;936;790;146
121602-6;530;301;4;297;262;35
121602-7;1476;982;4;978;886;92
121603-1;1693;1167;5;1162;862;300
121603-2;750;497;7;490;309;181
121603-3;933;638;2;636;561;75
121603-4;1489;951;4;947;717;230
121603-5;779;611;4;607;527;80
121603-6;1479;997;4;993;838;155
121603-7;906;639;7;632;533;99
121603-8;617;434;1;433;375;58
121603-9;1046;720;7;713;398;315
121603-10;464;301;2;299;255;44
121603-11;677;434;6;428;291;137
121603-12;824;582;4;578;382;196
121604-1;417;265;2;263;197;66
121604-2;916;585;6;579;449;130
121604-3;910;584;11;573;487;86
121604-4;291;169;0;169;149;20
121604-5;895;656;5;651;483;168
121604-6;1083;740;11;729;495;234
121604-7;907;580;2;578;387;191
121604-8;1455;1062;10;1052;715;337
121604-9;512;355;3;352;303;49
121604-10;1205;802;9;793;624;169
121604-11;828;537;4;533;460;73
121605-1;1122;707;5;702;489;213
121605-2;1045;658;8;650;460;190
121605-3;729;438;3;435;298;137
121605-4;841;488;12;476;355;121
121605-5;799;549;5;544;445;99
121605-6;966;557;3;554;457;97
121605-7;1208;785;10;775;622;153
121605-8;966;590;4;586;438;148
121606-1;1242;800;5;795;573;222
121606-2;1104;680;5;675;476;199
121606-3;752;456;4;452;351;101
121606-4;653;386;7;379;308;71
121606-5;813;514;2;512;419;93
121606-6;682;442;7;435;387;48
121606-7;1230;837;5;832;679;153
121606-8;1316;885;5;880;666;214
121606-9;1528;978;8;970;856;114
121607-1;1739;1314;15;1299;1139;160
121607-2;945;640;9;631;530;101
121607-3;1037;701;6;695;567;128
121607-4;492;352;4;348;302;46
121607-5;951;663;4;659;542;117
121607-6;189;145;0;145;135;10
121608-1;1553;1020;7;1013;712;301
121608-2;1429;961;11;950;617;333
121608-3;1325;978;14;964;685;279
121608-4;986;642;6;636;510;126
121608-5;755;515;5;510;425;85
121608-6;1292;854;1;853;600;253
121608-7;1167;783;2;781;579;202
121608-8;1243;873;4;869;696;173
121608-9;1275;819;9;810;695;115
121609-1;952;648;6;642;482;160
121609-2;1603;1107;10;1097;777;320
121609-3;1600;1107;13;1094;764;330
121609-4;1454;1003;14;989;727;262
121609-5;406;275;2;273;218;55
121609-6;654;460;3;457;322;135
121609-7;2253;1526;18;1508;883;625
121609-8;2323;1614;15;1599;941;658
121609-9;2097;1504;12;1492;963;529
121609-10;1600;1141;5;1136;750;386
121609-11;567;388;3;385;335;50
121609-12;586;408;1;407;350;57
121609-13;596;427;4;423;293;130
121609-14;554;377;2;375;257;118
121609-15;1828;1223;15;1208;649;559
121609-16;852;643;9;634;397;237
121609-17;67;64;3;61;56;5
121610-1;527;351;0;351;298;53
121610-2;999;674;4;670;485;185
121610-3;634;404;0;404;319;85
121610-4;1052;737;2;735;618;117
121610-5;646;400;7;393;298;95
121610-6;698;457;1;456;383;73
121610-7;753;443;7;436;353;83
121610-8;1714;1195;7;1188;996;192
121610-9;349;198;2;196;159;37
121610-10;653;435;5;430;353;77
121610-11;401;248;1;247;209;38
121610-12;338;214;0;214;187;27
121610-13;1839;1267;18;1249;1004;245
121610-14;1132;796;7;789;541;248
121610-15;2000;1334;14;1320;812;508
121611-1;673;478;3;475;402;73
121611-2;949;667;2;665;421;244
121611-3;1122;792;9;783;503;280
121611-4;1048;734;7;727;617;110
121611-5;1245;778;7;771;580;191
121611-6;761;521;8;513;390;123
121611-7;1268;845;10;835;490;345
121611-8;1322;896;5;891;530;361
121612-1;774;425;1;424;308;116
121612-2;387;229;5;224;181;43
121612-3;1593;877;6;871;646;225
121612-4;354;212;1;211;167;44
121612-5;77;37;0;37;34;3
121613-1;1292;905;14;891;570;321
121613-2;812;549;5;544;325;219
121613-3;910;618;3;615;489;126
121613-4;1498;982;10;972;699;273
121613-5;734;519;7;512;381;131
121613-6;968;619;13;606;454;152
121613-7;980;660;11;649;524;125
121613-8;1056;693;6;687;505;182
121613-9;1120;748;6;742;585;157
121613-10;654;449;4;445;364;81
121613-11;454;300;2;298;251;47
121614-1;1838;1244;15;1229;862;367
121614-2;1323;938;5;933;749;184
121614-3;1297;868;12;856;661;195
121614-4;736;463;3;460;321;139
121614-5;1139;737;3;734;591;143
121614-6;579;415;3;412;354;58
121614-7;754;503;3;500;358;142
121614-8;559;378;2;376;347;29
121614-9;732;495;6;489;375;114
121614-10;746;513;4;509;400;109
121614-11;57;41;0;41;34;7
121614-12;57;55;0;55;55;0
121615-1;1854;1136;11;1125;735;390
121615-2;1768;1134;11;1123;718;405
121615-3;1044;710;10;700;507;193
121615-4;2185;1401;11;1390;1020;370
121615-5;2024;1055;7;1048;839;209
121615-6;1060;700;5;695;503;192
121615-7;1676;1068;16;1052;895;157
121615-8;1244;748;5;743;583;160
121615-9;1446;916;5;911;623;288
121615-10;614;384;4;380;313;67
121615-11;38;38;2;36;28;8
121616-1;1786;1224;15;1209;963;246
121616-2;1829;1251;14;1237;1048;189
121616-3;1350;861;6;855;769;86
121616-4;797;558;6;552;473;79
121616-5;466;288;2;286;255;31
121701-1;1466;1084;7;1077;458;619
121701-2;1583;1228;4;1224;634;590
121701-3;1242;913;4;909;458;451
121701-4;1589;1164;11;1153;663;490
121701-5;1143;830;1;829;421;408
121701-6;1201;913;8;905;413;492
121701-7;2014;1446;15;1431;743;688
121701-8;1227;855;7;848;396;452
121701-9;1818;1443;12;1431;594;837
121701-10;1377;1027;5;1022;490;532
121701-11;1122;800;3;797;476;321
121701-12;1681;1255;10;1245;878;367
121701-13;1917;1423;8;1415;968;447
121701-14;1444;1147;5;1142;495;647
121701-15;1382;1015;12;1003;473;530
121701-16;1209;988;7;981;400;581
121701-17;1393;1108;2;1106;424;682
121701-18;1289;966;8;958;380;578
121701-19;1875;1279;9;1270;706;564
121701-20;125;66;1;65;48;17
121701-21;116;44;0;44;27;17
121701-22;226;125;1;124;82;42
121701-23;117;45;1;44;27;17
121701-24;68;35;0;35;30;5
121702-1;796;503;1;502;413;89
121702-2;1205;746;7;739;591;148
121702-3;737;457;4;453;329;124
121702-4;1100;743;6;737;598;139
121702-5;419;244;1;243;211;32
121702-6;884;658;7;651;428;223
121702-7;304;192;1;191;166;25
121702-8;430;274;1;273;246;27
121703-1;1882;1404;5;1399;901;498
121703-2;1292;1000;5;995;617;378
121703-3;2229;1561;12;1549;1021;528
121703-4;654;455;3;452;329;123
121703-5;851;557;5;552;415;137
121703-6;528;322;2;320;271;49
121703-7;1465;846;3;843;753;90
121703-8;928;706;9;697;425;272
121703-9;1340;821;4;817;738;79
121703-10;637;421;3;418;340;78
121704-1;2460;1834;12;1822;1016;806
121704-2;2383;1693;13;1680;828;852
121704-3;1814;1141;6;1135;964;171
121704-4;1521;939;6;933;631;302
121705-1;2006;1421;10;1411;878;533
121705-2;1273;877;8;869;599;270
121705-3;683;551;3;548;350;198
121705-4;1718;1375;18;1357;751;606
121705-5;1013;663;2;661;553;108
121705-6;2161;1401;12;1389;1047;342
121705-7;1055;649;5;644;559;85
121705-8;538;376;1;375;279;96
121801-1;1682;1163;9;1154;628;526
121801-2;1668;1153;11;1142;552;590
121801-3;1694;1233;15;1218;635;583
121801-4;1647;1176;18;1158;603;555
121801-5;1551;1072;12;1060;538;522
121801-6;1653;1017;9;1008;566;442
121801-7;1493;1041;6;1035;576;459
121801-8;1374;978;8;970;509;461
121801-9;1299;932;6;926;502;424
121801-10;1334;939;2;937;498;439
121801-11;1657;1227;10;1217;762;455
121801-12;1571;1107;8;1099;688;411
121801-13;1589;1145;15;1130;691;439
121801-14;1275;950;12;938;599;339
121801-15;788;598;11;587;378;209
121801-16;1278;888;11;877;589;288
121801-17;1181;846;10;836;491;345
121801-18;1706;1223;20;1203;839;364
121801-19;1224;839;9;830;581;249
121801-20;1215;844;8;836;679;157
121801-21;1831;1277;8;1269;912;357
121801-22;1267;894;9;885;551;334
121801-23;1310;929;4;925;623;302
121801-24;160;59;0;59;44;15
121802-1;1409;1010;9;1001;555;446
121802-2;1454;1023;12;1011;669;342
121802-3;1129;791;7;784;508;276
121802-4;1234;846;10;836;540;296
121802-5;1282;874;8;866;539;327
121802-6;968;684;5;679;436;243
121802-7;781;511;2;509;361;148
121803-1;1749;1274;15;1259;720;539
121803-2;1758;1248;11;1237;667;570
121803-3;1095;745;4;741;433;308
121803-4;1131;716;4;712;437;275
121803-5;988;682;3;679;380;299
121803-6;1089;672;3;669;431;238
121803-7;394;282;1;281;176;105
121803-8;1206;867;5;862;538;324
121803-9;2165;1454;11;1443;985;458
121803-10;1292;857;8;849;527;322
121803-11;775;561;9;552;361;191
121803-12;1190;834;6;828;546;282
121803-13;460;335;5;330;224;106
121803-14;118;95;0;95;61;34
121803-15;325;222;1;221;145;76
121803-16;34;18;0;18;15;3
121804-1;1698;1177;10;1167;737;430
121804-2;1782;1193;14;1179;752;427
121804-3;827;538;3;535;416;119
121804-4;554;431;2;429;298;131
121805-1;884;612;4;608;337;271
121805-2;749;551;5;546;337;209
121805-3;325;239;4;235;149;86
121805-4;568;416;3;413;315;98
121805-5;745;545;6;539;359;180
121806-1;1768;1272;9;1263;936;327
121806-2;2122;1398;11;1387;963;424
121806-3;533;397;8;389;259;130
121806-4;964;634;2;632;457;175
121806-5;2253;1542;17;1525;1005;520
121806-6;429;289;0;289;250;39
121807-1;1148;861;10;851;505;346
121807-2;542;365;8;357;255;102
121807-3;1618;1054;10;1044;663;381
121807-4;958;692;5;687;460;227
121807-5;1202;835;3;832;613;219
121808-1;1365;977;8;969;670;299
121808-2;1405;980;11;969;585;384
121808-3;2036;1399;20;1379;784;595
121808-4;1313;876;4;872;616;256
121809-1;1551;1084;10;1074;547;527
121809-2;1660;1090;10;1080;543;537
121809-3;1376;995;6;989;466;523
121809-4;1716;1095;9;1086;523;563
121809-5;579;410;4;406;224;182
121809-6;1546;1100;5;1095;537;558
121809-7;1554;1095;9;1086;534;552
121809-8;1145;757;11;746;371;375
121809-9;1504;1098;5;1093;578;515
121809-10;1614;1182;5;1177;577;600
121809-11;1796;1252;9;1243;748;495
121809-12;1470;958;7;951;563;388
121809-13;1445;1055;8;1047;759;288
121809-14;795;530;4;526;356;170
121809-15;924;630;6;624;400;224
121809-16;1347;871;8;863;474;389
121809-17;1903;1330;12;1318;830;488
121809-18;632;450;3;447;309;138
121809-19;571;381;4;377;237;140
121809-20;1013;757;7;750;558;192
121809-21;1509;1019;7;1012;655;357
121809-22;853;592;2;590;406;184
121809-23;644;447;6;441;245;196
121809-24;82;58;0;58;55;3
121809-25;237;65;1;64;51;13
121809-26;288;234;5;229;67;162
121809-27;64;48;1;47;35;12
121810-1;1223;929;3;926;561;365
121810-2;1458;1073;7;1066;707;359
121810-3;1248;876;3;873;620;253
121810-4;1146;773;4;769;573;196
121810-5;1086;778;4;774;581;193
121810-6;1380;986;5;981;685;296
121810-7;1086;780;9;771;566;205
121810-8;792;548;5;543;391;152
121901-1;1315;959;9;950;588;362
121901-2;1025;751;10;741;469;272
121901-3;1144;876;6;870;573;297
121901-4;1189;883;7;876;590;286
121901-5;750;524;5;519;386;133
121901-6;834;628;5;623;419;204
121901-7;762;574;9;565;399;166
121901-8;409;299;3;296;233;63
121901-9;529;396;3;393;230;163
121901-10;55;40;0;40;35;5
121902-1;1453;1048;10;1038;618;420
121902-2;2323;1668;14;1654;989;665
121902-3;1099;781;9;772;498;274
121902-4;527;362;3;359;277;82
121902-5;1178;861;5;856;577;279
121902-6;839;614;5;609;434;175
121902-7;1565;1100;9;1091;781;310
121902-8;1390;969;7;962;793;169
121902-9;1195;878;7;871;685;186
121902-10;640;467;7;460;272;188
121902-11;718;498;12;486;355;131
121902-12;1144;841;7;834;611;223
121903-1;754;517;10;507;364;143
121903-2;557;445;3;442;246;196
121903-3;321;251;3;248;159;89
121903-4;322;241;0;241;134;107
121903-5;701;509;7;502;306;196
121903-6;1258;884;8;876;472;404
121903-7;1485;1022;10;1012;545;467
121903-8;531;402;2;400;265;135
121903-9;1072;774;9;765;469;296
121903-10;1409;1004;6;998;512;486
121904-1;1962;1482;13;1469;680;789
121904-2;1852;1409;14;1395;542;853
121904-3;1747;1331;13;1318;583;735
121904-4;1450;1080;10;1070;590;480
121904-5;630;459;8;451;322;129
121904-6;2282;1737;12;1725;765;960
121904-7;1718;1297;11;1286;687;599
121904-8;2089;1571;17;1554;991;563
121904-9;1227;913;11;902;644;258
121904-10;1893;1423;12;1411;823;588
121904-11;2474;1727;16;1711;983;728
121904-12;1384;943;8;935;571;364
121904-13;1280;842;10;832;552;280
121905-1;1544;1051;11;1040;419;621
121905-2;1113;755;8;747;311;436
121905-3;1496;1078;13;1065;493;572
121905-4;1623;1078;4;1074;564;510
121905-5;1645;1116;11;1105;556;549
121905-6;2246;1666;17;1649;745;904
121905-7;1136;880;8;872;351;521
121905-8;1476;1091;10;1081;424;657
121905-9;2032;1405;13;1392;641;751
121905-10;1998;1494;12;1482;549;933
121905-11;1881;1412;17;1395;522;873
121905-12;1214;854;7;847;476;371
121905-13;1582;1092;13;1079;556;523
121905-14;1508;992;8;984;638;346
121905-15;1041;740;6;734;490;244
121905-16;854;593;6;587;429;158
121905-17;1231;868;9;859;631;228
121905-18;1329;977;8;969;619;350
121905-19;611;456;8;448;349;99
121905-20;1160;829;9;820;536;284
121905-21;989;725;9;716;448;268
121905-22;740;518;5;513;344;169
121905-23;887;654;7;647;372;275
121905-24;1496;1020;8;1012;494;518
121905-25;538;393;4;389;268;121
121905-26;738;526;8;518;310;208
121905-27;1190;867;12;855;393;462
121905-28;1197;891;11;880;479;401
121905-29;810;598;6;592;355;237
121905-30;529;416;3;413;189;224
121905-31;1875;1409;7;1402;703;699
121905-32;617;432;2;430;260;170
121905-33;507;378;2;376;238;138
121905-34;1834;1357;8;1349;643;706
121905-35;894;648;8;640;299;341
121905-36;1527;1102;15;1087;447;640
121905-37;1167;823;4;819;419;400
126101-1;1977;1464;7;1457;474;983
126101-2;1413;1000;10;990;274;716
126101-3;1600;1126;12;1114;345;769
126101-4;1227;895;7;888;372;516
126101-5;1070;761;12;749;283;466
126101-6;1487;1068;8;1060;397;663
126101-7;1395;1049;8;1041;352;689
126101-8;1017;817;10;807;257;550
126101-9;1473;1113;9;1104;387;717
126101-10;1289;988;14;974;333;641
126101-11;797;621;7;614;177;437
126101-12;1710;1313;13;1300;482;818
126101-13;587;432;4;428;124;304
126101-14;909;642;7;635;278;357
126101-15;1206;998;15;983;248;735
126101-16;903;688;9;679;217;462
126101-17;1372;1061;12;1049;296;753
126101-18;1087;804;10;794;267;527
126101-19;1191;909;5;904;292;612
126101-20;783;611;17;594;149;445
126101-21;1560;1176;8;1168;460;708
126101-22;1260;904;9;895;292;603
126101-23;1165;855;6;849;262;587
126101-24;1467;1125;9;1116;405;711
126101-25;1010;790;11;779;230;549
126101-26;1807;1304;11;1293;392;901
126101-27;1159;857;5;852;284;568
126101-28;1219;941;6;935;268;667
126101-29;1160;872;3;869;283;586
126101-30;2485;1948;14;1934;536;1398
126101-31;2210;1583;11;1572;502;1070
126101-32;1536;1208;8;1200;272;928
126101-33;1695;1250;15;1235;323;912
126101-34;1048;754;7;747;253;494
126101-35;1298;917;15;902;298;604
126101-36;1128;870;9;861;251;610
126101-37;1290;944;9;935;251;684
126101-38;1647;1264;6;1258;395;863
126101-39;1088;826;5;821;329;492
126101-40;1978;1455;12;1443;581;862
126101-41;1654;1347;14;1333;309;1024
126101-42;1804;1375;21;1354;395;959
126101-43;1506;1226;9;1217;302;915
126101-44;1106;772;5;767;313;454
126101-45;1083;768;9;759;292;467
126101-46;1257;930;8;922;309;613
126101-47;1121;838;10;828;296;532
126101-48;1952;1522;13;1509;467;1042
126101-49;1326;1025;7;1018;345;673
126101-50;1682;1126;14;1112;473;639
126101-51;1244;853;9;844;338;506
126101-52;1039;723;4;719;321;398
126101-53;1586;1176;12;1164;436;728
126101-54;1219;981;16;965;289;676
126101-55;1037;745;10;735;322;413
126101-56;1966;1479;20;1459;474;985
126101-57;2594;1937;16;1921;560;1361
126101-58;1560;1180;9;1171;428;743
126101-59;1741;1237;5;1232;512;720
126101-60;1708;1275;16;1259;500;759
126101-61;1844;1360;12;1348;538;810
126101-62;1212;916;6;910;323;587
126101-63;1395;1055;6;1049;367;682
126101-64;1316;1067;13;1054;370;684
126101-65;1274;907;11;896;359;537
126101-66;1661;1075;17;1058;395;663
126101-67;1794;1289;11;1278;477;801
126101-68;1020;830;8;822;243;579
126101-69;1988;1540;15;1525;469;1056
126101-70;1436;946;6;940;341;599
126101-71;1103;857;11;846;212;634
126101-72;1264;990;8;982;278;704
126101-73;1421;1086;9;1077;420;657
126101-74;1719;1311;7;1304;464;840
126101-75;1681;1311;9;1302;463;839
126101-76;1508;1105;7;1098;409;689
126101-77;1437;1113;7;1106;233;873
126101-78;1009;793;5;788;235;553
126101-79;1544;1217;10;1207;404;803
126101-80;1687;1282;19;1263;503;760
126101-81;2202;1723;27;1696;437;1259
126101-82;1389;1084;8;1076;279;797
126101-83;1646;1246;11;1235;371;864
126101-84;2337;1672;23;1649;550;1099
126101-85;1706;1293;10;1283;365;918
126101-86;1383;957;7;950;366;584
126101-87;1659;1294;16;1278;443;835
126101-88;1400;1044;9;1035;402;633
126101-89;1460;1123;18;1105;411;694
126101-90;1742;1330;10;1320;453;867
126101-91;2143;1664;10;1654;515;1139
126101-92;1819;1359;15;1344;446;898
126101-93;1953;1549;8;1541;556;985
126101-94;1905;1476;18;1458;523;935
126101-95;1576;1266;18;1248;343;905
126101-96;1824;1535;15;1520;319;1201
126101-97;1458;1176;15;1161;246;915
126101-98;1477;1122;18;1104;298;806
126101-99;1547;1032;8;1024;485;539
126101-100;1078;733;8;725;262;463
126101-101;1490;986;10;976;413;563
126101-102;1557;1145;7;1138;416;722
126101-103;1961;1416;17;1399;557;842
126101-104;1632;1101;15;1086;444;642
126101-105;1887;1278;17;1261;499;762
126101-106;1767;1355;9;1346;386;960
126101-107;1674;1255;14;1241;409;832
126101-108;1278;1008;8;1000;285;715
126101-109;1267;936;15;921;337;584
126101-110;2438;1940;21;1919;392;1527
126101-111;1688;1272;19;1253;420;833
126101-112;1381;995;9;986;322;664
126101-113;1711;1246;13;1233;439;794
126101-114;1420;1077;13;1064;274;790
126101-115;2039;1538;20;1518;433;1085
126101-116;730;567;10;557;149;408
126101-117;1134;896;13;883;255;628
126101-118;1642;1213;18;1195;303;892
126101-119;1345;1025;6;1019;337;682
126101-120;1340;953;9;944;271;673
126101-121;687;565;9;556;143;413
126101-122;1378;1005;21;984;321;663
126101-123;1480;1139;15;1124;391;733
126101-124;1928;1449;24;1425;428;997
126101-125;1493;1164;15;1149;316;833
126101-126;1378;1013;10;1003;314;689
126101-127;1595;1257;15;1242;284;958
126101-128;1675;1221;11;1210;446;764
126101-129;1767;1391;10;1381;388;993
126101-130;1665;1345;15;1330;385;945
126101-131;1720;1421;13;1408;422;986
126101-132;1695;1446;12;1434;512;922
126101-133;1520;1144;12;1132;412;720
126101-134;1627;1215;14;1201;412;789
126101-135;1906;1612;14;1598;519;1079
126101-136;1311;1057;6;1051;347;704
126101-137;1116;850;6;844;329;515
126101-138;1266;940;11;929;513;416
126101-139;1830;1481;9;1472;470;1002
126101-140;1849;1420;11;1409;586;823
126101-141;968;782;7;775;285;490
126101-142;1725;1418;11;1407;389;1018
126101-143;1542;1291;5;1286;344;942
126101-144;1199;975;9;966;268;698
126101-145;1141;922;12;910;252;658
126101-146;1585;1225;15;1210;394;816
126101-147;1832;1380;11;1369;411;958
126101-148;1999;1498;9;1489;496;993
126101-149;1237;963;18;945;301;644
126101-150;1504;1101;13;1088;399;689
126101-151;1870;1287;12;1275;419;856
126101-152;1551;1222;14;1208;441;767
126101-153;1464;1123;13;1110;410;700
126101-154;1594;1208;10;1198;437;761
126101-155;1913;1475;15;1460;345;1115
126101-156;2078;1668;16;1652;403;1249
126101-157;1008;705;6;699;253;446
126101-158;1047;866;12;854;201;653
126101-159;1107;841;8;833;302;531
126101-160;1641;1264;17;1247;550;697
126101-161;1228;882;11;871;478;393
126101-162;1133;810;13;797;369;428
126101-163;1212;959;15;944;412;532
126101-164;1198;862;8;854;420;434
126101-165;1572;1178;11;1167;486;681
126101-166;1375;1037;9;1028;480;548
126101-167;2098;1666;21;1645;446;1199
126101-168;2216;1673;21;1652;478;1174
126101-169;1645;1329;17;1312;380;932
126101-170;1048;937;7;930;200;730
126101-171;1482;1206;7;1199;205;994
126101-172;1714;1366;13;1353;295;1058
126101-173;1133;881;6;875;207;668
126101-174;1849;1385;12;1373;473;900
126101-175;1963;1554;16;1538;424;1114
126101-176;1593;1191;9;1182;419;763
126101-177;1536;1099;11;1088;407;681
126101-178;1277;945;8;937;387;550
126101-179;1743;1364;20;1344;401;943
126101-180;1379;1062;8;1054;334;720
126101-181;1342;1044;14;1030;315;715
126101-182;1309;911;10;901;351;550
126101-183;1634;1285;23;1262;431;831
126101-184;1467;1087;10;1077;445;632
126101-185;1253;935;8;927;377;550
126101-186;1294;1032;8;1024;341;683
126101-187;1512;1166;12;1154;434;720
126101-188;1255;961;12;949;468;481
126101-189;656;491;4;487;178;309
126101-190;1624;1268;10;1258;388;870
126101-191;1634;1157;8;1149;334;815
126101-192;1784;1276;15;1261;462;799
126101-193;1184;977;6;971;372;599
126101-194;1417;1132;11;1121;388;733
126101-195;1555;1129;11;1118;368;750
126101-196;1767;1398;11;1387;387;1000
126101-197;1758;1398;9;1389;448;941
126101-198;1833;1476;13;1463;493;970
126101-199;1405;952;11;941;504;437
126101-200;1713;1383;13;1370;494;876
126101-201;1859;1437;13;1424;677;747
126101-202;1843;1420;11;1409;528;881
126101-203;1299;988;7;981;472;509
126101-204;1143;816;12;804;482;322
126101-205;610;388;4;384;243;141
126101-206;917;705;6;699;320;379
126101-207;752;551;12;539;275;264
126101-208;727;553;7;546;237;309
126101-209;1467;1123;13;1110;528;582
126101-210;1515;1188;10;1178;527;651
126101-211;1886;1493;16;1477;464;1013
126101-212;1236;885;12;873;341;532
126101-213;1520;1130;16;1114;483;631
126101-214;1637;1188;12;1176;583;593
126101-215;1472;1105;4;1101;447;654
126101-216;1632;1226;11;1215;485;730
126101-217;1499;1151;13;1138;433;705
126101-218;1538;1177;17;1160;390;770
126101-219;1542;1163;12;1151;382;769
126101-220;1737;1216;9;1207;508;699
126101-221;1685;1317;14;1303;468;835
126101-222;1708;1275;12;1263;552;711
126101-223;1588;1191;14;1177;471;706
126101-224;1666;1224;13;1211;487;724
126101-225;1270;919;12;907;388;519
126101-226;952;699;6;693;214;479
126101-227;1570;1120;8;1112;462;650
126101-228;1584;1236;9;1227;411;816
126101-229;908;679;6;673;236;437
126101-230;1724;1239;10;1229;548;681
126101-231;1383;1062;11;1051;382;669
126101-232;1501;1034;7;1027;383;644
126101-233;1785;1299;9;1290;528;762
126101-234;1818;1350;16;1334;568;766
126101-235;1723;1294;11;1283;529;754
126101-236;1896;1510;21;1489;523;966
126101-237;1271;871;10;861;402;459
126101-238;1529;1076;8;1068;472;596
126101-239;1225;836;6;830;356;474
126101-240;1456;993;16;977;451;526
126101-241;1111;712;6;706;314;392
126101-242;1727;1211;16;1195;447;748
126101-243;1310;744;7;737;220;517
126101-244;1604;1228;14;1214;470;744
126101-245;1289;974;2;972;389;583
126101-246;1211;890;9;881;390;491
126101-247;2087;1564;12;1552;555;997
126101-248;1727;1223;8;1215;510;705
126101-249;1692;1168;7;1161;546;615
126101-250;1582;1166;8;1158;474;684
126101-251;1149;840;7;833;368;465
126101-252;1215;899;15;884;419;465
126101-253;1443;1030;5;1025;501;524
126101-254;1130;757;8;749;329;420
126101-255;1182;753;7;746;359;387
126101-256;1436;1048;11;1037;469;568
126101-257;1397;1002;9;993;433;560
126101-258;1316;934;23;911;446;465
126101-259;1714;1264;22;1242;540;702
126101-260;1591;1141;11;1130;482;648
126101-261;1647;1133;15;1118;525;593
126101-262;1663;1248;8;1240;575;665
126101-263;1848;1326;10;1316;600;716
126101-264;1992;1453;10;1443;603;840
126101-265;1463;1122;15;1107;490;617
126101-266;1410;1104;6;1098;463;635
126101-267;1689;1266;15;1251;566;685
126101-268;1638;1251;13;1238;579;659
126101-269;1606;1183;13;1170;384;786
126101-270;2037;1385;18;1367;523;844
126101-271;1168;836;4;832;531;301
126101-272;1125;840;6;834;446;388
126101-273;1746;1335;17;1318;385;933
126101-274;1281;968;12;956;313;643
126101-275;2345;1882;21;1861;483;1378
126101-276;1771;1373;24;1349;575;774
126101-277;1870;1457;16;1441;472;969
126101-278;1897;1414;14;1400;462;938
126101-279;1411;1071;11;1060;345;715
126101-280;1214;927;10;917;316;601
126101-281;1718;1250;16;1234;431;803
126101-282;2177;1648;10;1638;603;1035
126101-283;1633;1220;15;1205;366;839
126101-284;1609;1338;9;1329;280;1049
126101-285;895;659;5;654;209;445
126101-286;1452;1114;14;1100;315;785
126101-287;987;732;9;723;238;485
126101-288;1211;909;8;901;300;601
126101-289;1342;982;11;971;286;685
126101-290;1447;1133;13;1120;288;832
126101-291;1251;919;6;913;283;630
126101-292;1834;1459;9;1450;282;1168
126101-293;630;461;2;459;266;193
126101-294;2016;1558;14;1544;406;1138
126101-295;1967;1458;17;1441;554;887
126101-296;1624;1229;18;1211;448;763
126101-297;1881;1299;13;1286;493;793
126101-298;1273;904;6;898;286;612
126101-299;899;751;8;743;168;575
126101-300;1724;1233;6;1227;548;679
126101-301;1851;1412;11;1401;802;599
126101-302;1772;1341;14;1327;542;785
126101-303;2946;2261;26;2235;559;1676
126101-304;1448;1078;13;1065;487;578
126101-305;1327;988;11;977;424;553
126101-306;1072;820;7;813;327;486
126101-307;1380;1020;11;1009;453;556
126101-308;1286;982;10;972;348;624
126101-309;922;789;7;782;229;553
126101-310;1714;1333;9;1324;547;777
126101-311;1760;1263;5;1258;651;607
126101-312;1860;1391;15;1376;636;740
126101-313;1608;1268;11;1257;329;928
126101-314;1617;1214;10;1204;544;660
126101-315;1612;1210;9;1201;577;624
126101-316;1638;1177;8;1169;596;573
126101-317;1778;1271;9;1262;644;618
126101-318;1776;1251;12;1239;686;553
126101-319;1774;1281;12;1269;612;657
126101-320;1434;999;13;986;495;491
126101-321;1646;1297;16;1281;409;872
126101-322;1609;1151;5;1146;590;556
126101-323;1459;1071;7;1064;502;562
126101-324;1655;1186;16;1170;565;605
126101-325;1296;950;14;936;500;436
126101-326;1360;965;7;958;498;460
126101-327;1546;1155;15;1140;466;674
126101-328;1521;1001;9;992;493;499
126101-329;1654;1182;12;1170;527;643
126101-330;1774;1121;12;1109;628;481
126101-331;1761;1127;4;1123;562;561
126101-332;1722;1201;9;1192;649;543
126101-333;1216;868;7;861;443;418
126101-334;1465;1093;11;1082;452;630
126101-335;1683;1221;15;1206;530;676
126101-336;1378;996;7;989;363;626
126101-337;1134;752;7;745;414;331
126101-338;1579;1012;9;1003;570;433
126101-339;1511;953;9;944;518;426
126101-340;1599;1043;9;1034;586;448
126101-341;1341;856;11;845;464;381
126101-342;2084;1381;10;1371;719;652
126101-343;1586;1095;10;1085;561;524
126101-344;1243;802;11;791;426;365
126101-345;1675;1081;6;1075;593;482
126101-346;1753;1141;11;1130;671;459
126101-347;1290;882;8;874;469;405
126101-348;1239;846;4;842;464;378
126101-349;1966;1447;9;1438;703;735
126101-350;1186;807;8;799;386;413
126101-351;1389;900;8;892;500;392
126101-352;1333;1022;12;1010;386;624
126101-353;993;709;5;704;326;378
126101-354;1303;968;12;956;417;539
126101-355;1363;989;3;986;542;444
126101-356;1134;771;8;763;394;369
126101-357;1167;762;8;754;376;378
126101-358;1198;897;9;888;469;419
126101-359;1126;826;8;818;361;457
126101-360;1404;1109;7;1102;536;566
126101-361;1503;1041;8;1033;556;477
126101-362;1587;1016;12;1004;578;426
126101-363;1534;1034;5;1029;563;466
126101-364;1761;1044;5;1039;650;389
126101-365;1764;1082;16;1066;659;407
126101-366;1296;892;14;878;424;454
126101-367;1739;1310;9;1301;700;601
126101-368;2165;1593;14;1579;900;679
126101-369;747;513;3;510;341;169
126101-370;666;523;4;519;251;268
126101-371;1360;885;9;876;430;446
126101-372;891;603;2;601;252;349
126101-373;643;439;3;436;207;229
126101-374;1610;1142;6;1136;549;587
126101-375;1218;835;8;827;386;441
126101-376;1551;1028;4;1024;472;552
126101-377;878;566;4;562;208;354
126101-378;988;699;4;695;356;339
126101-379;941;625;7;618;277;341
126101-380;1034;716;13;703;346;357
126101-381;1383;875;8;867;389;478
126101-382;795;534;5;529;257;272
126101-383;1277;783;7;776;370;406
126101-384;1004;690;5;685;298;387
126101-385;1404;974;7;967;446;521
126101-386;1395;964;8;956;437;519
126101-387;951;677;8;669;289;380
126101-388;1089;734;6;728;290;438
126101-389;1280;797;11;786;384;402
126101-390;1281;828;12;816;379;437
126101-391;1717;1156;9;1147;517;630
126101-392;945;699;6;693;306;387
126101-393;1484;970;15;955;439;516
126101-394;1508;990;11;979;500;479
126101-395;1196;774;8;766;342;424
126101-396;1357;898;6;892;437;455
126101-397;1055;704;6;698;334;364
126101-398;935;636;7;629;346;283
126101-399;1427;974;9;965;398;567
126101-400;1612;1212;18;1194;619;575
126101-401;273;195;1;194;124;70
126101-402;793;581;7;574;398;176
126101-403;1295;939;6;933;648;285
126101-404;1467;1003;4;999;728;271
126101-405;1010;711;1;710;469;241
126101-406;47;24;0;24;18;6
126101-407;173;78;1;77;51;26
126101-408;171;108;7;101;87;14
126101-409;205;82;0;82;41;41
126101-410;348;160;1;159;122;37
126101-411;648;452;8;444;122;322
126101-412;45;27;0;27;20;7
126101-413;267;153;1;152;80;72
126101-414;69;28;0;28;28;0
126101-415;57;35;0;35;32;3
126101-416;466;198;1;197;115;82
126101-417;542;113;0;113;62;51
126101-418;85;47;2;45;41;4
126101-419;229;102;2;100;44;56
126101-420;55;35;0;35;12;23
126101-421;175;122;3;119;31;88
126101-422;76;55;0;55;27;28
126101-423;114;79;0;79;52;27
126101-424;80;47;2;45;40;5
126101-425;133;84;0;84;70;14
126101-426;44;37;0;37;35;2
126101-427;38;32;0;32;26;6
126101-428;568;289;0;289;192;97
126101-429;51;34;0;34;24;10
126101-430;356;122;2;120;98;22
126101-431;101;61;0;61;52;9
126101-432;126;80;0;80;48;32
126101-433;173;151;2;149;87;62
126101-434;34;22;0;22;17;5
126101-435;122;66;0;66;62;4
126101-436;221;116;3;113;87;26
126101-437;69;46;3;43;27;16
126101-438;173;131;3;128;75;53
126101-439;167;137;0;137;93;44
126101-440;39;39;0;39;30;9
126101-441;261;226;6;220;74;146
126101-442;36;28;0;28;27;1
126101-443;35;22;0;22;20;2
126101-444;19;18;0;18;13;5
126101-445;127;78;2;76;45;31
126101-446;155;103;0;103;55;48
126101-447;37;37;0;37;28;9
126201-1;1392;1012;13;999;637;362
126201-2;2103;1363;18;1345;835;510
126201-3;871;555;3;552;332;220
126201-4;832;525;5;520;282;238
126201-5;1215;779;6;773;391;382
126201-6;1336;975;5;970;527;443
126201-7;1721;1224;14;1210;661;549
126201-8;1735;1153;8;1145;671;474
126201-9;1300;936;9;927;513;414
126201-10;1899;1270;8;1262;775;487
126201-11;934;664;4;660;458;202
126201-12;1087;697;7;690;397;293
126201-13;823;550;7;543;296;247
126201-14;1255;847;5;842;509;333
126201-15;1324;841;12;829;478;351
126201-16;1228;830;11;819;465;354
126201-17;1325;939;6;933;554;379
126201-18;1296;960;13;947;643;304
126201-19;1316;956;6;950;607;343
126201-20;1625;1172;7;1165;691;474
126201-21;768;547;5;542;321;221
126201-22;1050;762;9;753;484;269
126201-23;1654;1169;12;1157;651;506
126201-24;958;611;8;603;327;276
126201-25;979;692;6;686;436;250
126201-26;1407;1017;9;1008;485;523
126201-27;2025;1425;13;1412;775;637
126201-28;1596;1103;10;1093;635;458
126201-29;1580;1129;7;1122;674;448
126201-30;809;567;7;560;339;221
126201-31;1306;938;9;929;613;316
126201-32;1135;749;4;745;416;329
126201-33;1722;1272;6;1266;830;436
126201-34;2045;1505;15;1490;1005;485
126201-35;1013;733;3;730;392;338
126201-36;1106;761;8;753;486;267
126201-37;1500;1015;7;1008;577;431
126201-38;1433;851;5;846;475;371
126201-39;976;672;7;665;398;267
126201-40;1179;873;15;858;400;458
126201-41;1614;1132;21;1111;721;390
126201-42;1015;702;4;698;401;297
126201-43;1467;1074;15;1059;738;321
126201-44;1127;850;11;839;650;189
126201-45;2061;1445;18;1427;1056;371
126201-46;1040;684;5;679;386;293
126201-47;1276;929;12;917;362;555
126201-48;80;48;1;47;44;3
126201-49;45;30;0;30;27;3
126201-50;58;32;2;30;24;6
126201-51;333;145;4;141;111;30
126201-52;17;17;1;16;12;4
126201-53;380;272;6;266;128;138
126301-1;757;382;3;379;226;153
126301-2;1351;758;2;756;374;382
126301-3;780;448;2;446;212;234
126301-4;512;352;1;351;189;162
126301-5;1149;715;5;710;392;318
126301-6;755;452;4;448;254;194
126301-7;1065;698;9;689;325;364
126301-8;1576;1068;12;1056;576;480
126301-9;1664;1071;7;1064;508;556
126301-10;1049;708;10;698;344;354
126301-11;1071;731;7;724;371;353
126301-12;564;323;1;322;133;189
126301-13;878;605;5;600;299;301
126301-14;939;610;3;607;324;283
126301-15;1117;788;12;776;373;403
126301-16;1706;1133;9;1124;591;533
126301-17;1321;764;5;759;428;331
126301-18;1784;1159;8;1151;528;623
126301-19;1217;847;3;844;455;389
126301-20;1233;847;8;839;410;429
126301-21;1119;770;8;762;338;424
126301-22;1586;1184;11;1173;539;634
126301-23;748;484;2;482;218;264
126301-24;960;567;6;561;288;273
126301-25;879;598;5;593;298;295
126301-26;1229;796;9;787;433;354
126301-27;878;642;9;633;361;272
126301-28;930;607;7;600;335;265
126301-29;1511;1106;14;1092;457;635
126301-30;960;669;3;666;373;293
126301-31;1344;910;5;905;464;441
126301-32;796;533;8;525;242;283
126301-33;1104;785;6;779;385;394
126301-34;980;661;4;657;351;306
126301-35;1553;1129;7;1122;554;568
126301-36;930;638;3;635;322;313
126301-37;808;524;3;521;245;276
126301-38;1646;1103;6;1097;593;504
126301-39;1488;934;3;931;526;405
126301-40;1366;845;6;839;471;368
126301-41;1119;693;2;691;351;340
126301-42;972;617;4;613;312;301
126301-43;1348;853;4;849;442;407
126301-44;1333;804;8;796;445;351
126301-45;1688;1124;7;1117;612;505
126301-46;1444;931;4;927;442;485
126301-47;1211;852;6;846;446;400
126301-48;688;414;7;407;212;195
126301-49;1454;1022;11;1011;453;558
126301-50;1246;744;1;743;364;379
126301-51;1169;755;11;744;444;300
126301-52;1844;1247;11;1236;557;679
126301-53;2127;1500;17;1483;738;745
126301-54;2056;1457;16;1441;645;796
126301-55;1354;1004;12;992;446;546
126301-56;1182;780;7;773;370;403
126301-57;1267;826;9;817;404;413
126301-58;1595;1077;13;1064;528;536
126301-59;2032;1315;11;1304;874;430
126301-60;1776;1223;13;1210;698;512
126301-61;1571;1113;4;1109;580;529
126301-62;1329;929;16;913;520;393
126301-63;1320;932;6;926;426;500
126301-64;1438;979;10;969;528;441
126301-65;1295;872;11;861;417;444
126301-66;2046;1411;13;1398;786;612
126301-67;297;149;0;149;105;44
126301-68;567;176;0;176;140;36
126301-69;77;53;0;53;45;8
126301-70;143;65;1;64;48;16
126301-71;72;10;2;8;8;0
126301-72;354;233;4;229;100;129
126301-73;931;552;9;543;213;330
126301-74;58;57;0;57;57;0
140101-1;1470;1135;2;1133;678;455
140101-2;1693;1295;10;1285;790;495
140101-3;1402;991;6;985;682;303
140101-4;1747;1332;8;1324;822;502
140101-5;1600;1173;13;1160;829;331
140101-6;170;151;2;149;30;119
140102-1;2107;1477;11;1466;1023;443
140102-2;877;628;8;620;478;142
140102-3;715;497;9;488;372;116
140102-4;852;621;6;615;498;117
140103-1;1638;1152;8;1144;935;209
140103-2;1358;1022;8;1014;855;159
140104-1;1834;1387;16;1371;1137;234
140104-2;1868;1405;12;1393;1223;170
140104-3;467;333;7;326;288;38
140105-1;459;360;2;358;310;48
140105-2;760;536;7;529;407;122
140105-3;879;550;6;544;466;78
140105-4;598;408;4;404;360;44
140105-5;944;591;11;580;428;152
140105-6;853;644;6;638;487;151
140106-1;1438;1074;12;1062;826;236
140106-2;370;282;2;280;246;34
140106-3;585;452;1;451;374;77
140201-1;1852;1301;9;1292;669;623
140201-2;1336;923;6;917;542;375
140201-3;1364;952;7;945;503;442
140201-4;1794;1316;11;1305;650;655
140201-5;1748;1332;11;1321;687;634
140201-6;1242;802;4;798;419;379
140201-7;1471;902;7;895;548;347
140201-8;1709;983;13;970;578;392
140201-9;1658;1135;14;1121;635;486
140201-10;1511;1145;11;1134;671;463
140201-11;1591;1042;7;1035;576;459
140201-12;1525;1063;6;1057;527;530
140201-13;1878;1345;10;1335;648;687
140201-14;1785;1269;7;1262;633;629
140201-15;1509;1092;7;1085;564;521
140201-16;1490;1027;8;1019;512;507
140201-17;1475;942;6;936;513;423
140201-18;1572;1096;9;1087;533;554
140201-19;1651;1153;4;1149;666;483
140201-20;1892;1282;8;1274;762;512
140201-21;1479;1054;10;1044;566;478
140201-22;222;87;0;87;60;27
140201-23;178;128;0;128;115;13
140201-24;103;67;4;63;51;12
140202-1;2241;1527;4;1523;891;632
140202-2;904;536;3;533;408;125
140202-3;1658;1075;5;1070;643;427
140202-4;909;554;2;552;393;159
140203-1;1518;877;12;865;645;220
140203-2;1426;925;7;918;579;339
140203-3;1415;918;6;912;628;284
140203-4;536;373;2;371;266;105
140203-5;1198;810;12;798;591;207
140204-1;989;683;4;679;491;188
140204-2;871;542;1;541;434;107
140204-3;1162;757;7;750;666;84
140205-1;980;653;11;642;425;217
140205-2;914;645;5;640;582;58
140205-3;984;656;5;651;524;127
140206-1;1265;916;17;899;679;220
140206-2;915;607;5;602;474;128
140206-3;1272;819;12;807;643;164
140207-1;1130;728;10;718;530;188
140207-2;767;499;6;493;383;110
140207-3;574;347;2;345;282;63
140207-4;904;546;6;540;425;115
140207-5;787;573;0;573;339;234
140207-6;547;358;6;352;288;64
140208-1;1865;1277;12;1265;872;393
140208-2;687;461;3;458;348;110
140208-3;565;354;1;353;247;106
140208-4;842;557;6;551;434;117
140209-1;2205;1510;13;1497;1026;471
140209-2;639;421;8;413;351;62
140209-3;936;630;5;625;521;104
140209-4;1971;1256;8;1248;914;334
140209-5;353;240;2;238;180;58
140209-6;65;41;0;41;36;5
140301-1;882;667;8;659;375;284
140301-2;737;509;7;502;320;182
140301-3;566;432;4;428;254;174
140301-4;831;616;7;609;337;272
140301-5;1052;833;8;825;515;310
140301-6;1027;769;11;758;449;309
140301-7;938;669;5;664;418;246
140301-8;1185;876;5;871;525;346
140301-9;850;662;8;654;404;250
140301-10;879;659;10;649;408;241
140301-11;567;483;4;479;318;161
140301-12;907;626;6;620;377;243
140301-13;713;538;4;534;351;183
140301-14;988;758;4;754;470;284
140301-15;831;636;9;627;316;311
140301-16;38;31;0;31;26;5
140302-1;788;594;8;586;401;185
140302-2;1078;800;9;791;600;191
140302-3;1017;757;5;752;498;254
140302-4;898;660;8;652;467;185
140303-1;894;619;4;615;528;87
140303-2;611;455;1;454;347;107
140303-3;1093;741;10;731;592;139
140303-4;640;438;3;435;357;78
140303-5;957;730;8;722;584;138
140304-1;762;566;6;560;428;132
140304-2;635;471;4;467;363;104
140304-3;591;448;3;445;322;123
140304-4;725;564;4;560;434;126
140304-5;614;475;4;471;346;125
140304-6;935;684;2;682;477;205
140304-7;537;364;2;362;284;78
140304-8;1116;879;3;876;627;249
140304-9;496;343;3;340;291;49
140304-10;1290;982;16;966;665;301
140304-11;920;693;8;685;428;257
140304-12;1345;1040;8;1032;678;354
140305-1;934;696;9;687;554;133
140305-2;667;504;7;497;418;79
140305-3;574;483;7;476;428;48
140305-4;466;382;6;376;311;65
140305-5;709;603;10;593;498;95
140305-6;1076;829;18;811;668;143
140305-7;561;450;5;445;354;91
140305-8;92;62;0;62;52;10
140306-1;1042;778;10;768;608;160
140306-2;502;357;2;355;296;59
140306-3;1511;1165;4;1161;892;269
140306-4;565;387;1;386;299;87
140306-5;567;432;1;431;370;61
140307-1;1206;887;8;879;610;269
140307-2;1508;1125;11;1114;916;198
140307-3;356;253;3;250;226;24
140307-4;371;270;4;266;232;34
140307-5;272;204;1;203;170;33
140307-6;1147;883;3;880;754;126
140307-7;442;336;3;333;279;54
140307-8;348;245;4;241;201;40
140308-1;996;816;14;802;607;195
140308-2;494;379;9;370;343;27
140308-3;502;398;7;391;305;86
140308-4;585;452;8;444;379;65
140308-5;591;446;4;442;353;89
140308-6;648;510;9;501;389;112
140309-1;834;639;20;619;486;133
140309-2;1237;896;5;891;771;120
140309-3;503;338;5;333;314;19
140309-4;608;446;3;443;387;56
140310-1;1267;888;7;881;760;121
140310-2;616;448;4;444;353;91
140310-3;955;589;6;583;395;188
140310-4;537;385;2;383;267;116
140310-5;373;291;2;289;243;46
140310-6;655;480;7;473;376;97
140310-7;1273;921;5;916;622;294
140310-8;1020;753;12;741;542;199
140310-9;1135;861;16;845;583;262
140310-10;534;400;2;398;294;104
140311-1;1681;1296;6;1290;1141;149
140311-2;789;601;7;594;530;64
140311-3;1583;1122;6;1116;841;275
140311-4;1273;911;11;900;632;268
140311-5;471;342;4;338;302;36
140311-6;485;327;4;323;271;52
140312-1;845;589;3;586;460;126
140312-2;647;483;3;480;382;98
140312-3;1190;884;4;880;705;175
140312-4;398;298;1;297;250;47
140312-5;467;375;0;375;345;30
140312-6;1168;902;11;891;784;107
140312-7;1150;803;6;797;664;133
140313-1;1409;1101;13;1088;536;552
140313-2;954;662;11;651;435;216
140313-3;791;546;3;543;364;179
140313-4;439;327;1;326;261;65
140313-5;1060;741;3;738;514;224
140314-1;1351;964;5;959;685;274
140314-2;1747;1277;15;1262;940;322
140314-3;1154;833;5;828;700;128
140314-4;721;549;4;545;488;57
140314-5;1045;794;8;786;688;98
140314-6;465;324;2;322;277;45
140401-1;933;651;3;648;299;349
140401-2;1127;764;8;756;416;340
140401-3;820;578;3;575;284;291
140401-4;1050;729;11;718;368;350
140401-5;998;637;6;631;352;279
140401-6;1095;819;4;815;401;414
140401-7;1022;608;3;605;329;276
140401-8;847;579;1;578;301;277
140401-9;892;575;6;569;305;264
140401-10;1106;799;4;795;389;406
140401-11;897;639;3;636;395;241
140401-12;1704;1164;5;1159;534;625
140401-13;1606;1044;12;1032;557;475
140401-14;348;83;1;82;64;18
140401-15;54;41;4;37;27;10
140401-16;68;40;0;40;17;23
140402-1;808;555;2;553;333;220
140402-2;619;383;3;380;302;78
140402-3;1550;1050;9;1041;638;403
140402-4;647;432;0;432;343;89
140402-5;1502;1033;13;1020;625;395
140402-6;1194;689;3;686;489;197
140402-7;652;432;3;429;301;128
140402-8;542;383;5;378;281;97
140402-9;601;410;1;409;265;144
140402-10;1022;550;5;545;401;144
140402-11;941;643;2;641;330;311
140402-12;280;127;0;127;104;23
140402-13;37;30;1;29;25;4
140403-1;702;474;3;471;354;117
140403-2;845;568;3;565;467;98
140403-3;689;440;3;437;347;90
140403-4;602;392;3;389;306;83
140403-5;38;35;0;35;35;0
140404-1;370;246;3;243;196;47
140404-2;340;197;1;196;172;24
140404-3;570;360;6;354;302;52
140404-4;704;505;3;502;355;147
140404-5;642;463;6;457;319;138
140404-6;568;325;1;324;227;97
140404-7;319;236;4;232;175;57
140404-8;661;469;1;468;379;89
140404-9;282;184;2;182;147;35
140404-10;423;287;2;285;243;42
140404-11;25;23;0;23;19;4
140405-1;1125;737;12;725;465;260
140405-2;872;522;2;520;416;104
140405-3;1090;731;11;720;577;143
140405-4;931;628;2;626;497;129
140501-1;1420;1121;2;1119;402;717
140501-2;1719;1356;13;1343;523;820
140501-3;2236;1752;22;1730;676;1054
140501-4;1544;1215;7;1208;456;752
140501-5;2017;1469;9;1460;635;825
140501-6;1833;1470;21;1449;612;837
140501-7;1691;1333;20;1313;578;735
140502-1;1541;1280;15;1265;415;850
140502-2;1493;1224;12;1212;377;835
140503-1;1342;941;12;929;590;339
140503-2;585;420;5;415;283;132
140503-3;849;653;7;646;412;234
140503-4;1405;953;11;942;623;319
140504-1;1332;970;11;959;494;465
140504-2;1399;1035;7;1028;508;520
140504-3;1843;1352;7;1345;592;753
140504-4;1230;834;12;822;368;454
140504-5;1193;850;4;846;392;454
140504-6;1498;1042;7;1035;520;515
140504-7;1279;902;10;892;390;502
140504-8;2239;1701;11;1690;675;1015
140504-9;1596;1195;14;1181;549;632
140504-10;1546;1216;12;1204;484;720
140504-11;1503;1158;5;1153;457;696
140504-12;1284;1284;6;1278;525;753
140504-13;2383;1875;18;1857;679;1178
140504-14;2339;1776;11;1765;705;1060
140504-15;1414;1003;15;988;473;515
140504-16;1067;771;6;765;462;303
140504-17;1411;1089;10;1079;473;606
140504-18;1271;955;10;945;442;503
140504-19;1453;1120;7;1113;403;710
140504-20;1246;969;12;957;405;552
140504-21;2003;1584;23;1561;496;1065
140504-22;1183;851;4;847;485;362
140504-23;1397;1065;5;1060;433;627
140504-24;298;78;0;78;49;29
140504-25;18;18;0;18;18;0
140504-26;19;15;0;15;13;2
140505-1;1689;1255;13;1242;668;574
140505-2;1724;1370;14;1356;578;778
140505-3;599;443;11;432;288;144
140505-4;471;337;6;331;167;164
140505-5;1833;1416;15;1401;778;623
140505-6;1897;1437;16;1421;704;717
140505-7;1321;934;12;922;505;417
140506-1;1886;1415;12;1403;658;745
140506-2;1471;1004;15;989;623;366
140506-3;691;527;6;521;298;223
140506-4;2004;1603;11;1592;627;965
140506-5;1167;875;6;869;416;453
140601-1;1129;752;7;745;405;340
140601-2;614;447;4;443;323;120
140601-3;830;623;6;617;437;180
140601-4;317;229;2;227;141;86
140601-5;477;327;4;323;232;91
140601-6;596;418;5;413;327;86
140601-7;963;660;5;655;460;195
140601-8;253;191;1;190;116;74
140602-1;1198;900;11;889;626;263
140602-2;783;556;1;555;441;114
140602-3;1717;1144;6;1138;880;258
140602-4;1130;756;5;751;529;222
140602-5;1175;765;6;759;570;189
140603-1;1885;1371;18;1353;883;470
140603-2;681;459;6;453;280;173
140603-3;589;379;2;377;265;112
140603-4;501;338;6;332;268;64
140603-5;704;442;3;439;305;134
140603-6;1398;943;9;934;651;283
140603-7;480;356;3;353;209;144
140603-8;1590;1203;10;1193;666;527
140604-1;1106;829;11;818;629;189
140604-2;760;547;1;546;443;103
140604-3;486;395;5;390;338;52
140605-1;1886;1358;10;1348;575;773
140605-2;2214;1607;16;1591;701;890
140605-3;2259;1648;7;1641;752;889
140605-4;1752;1274;8;1266;626;640
140605-5;1606;1181;6;1175;506;669
140605-6;1482;1043;6;1037;535;502
140605-7;1674;1119;1;1118;589;529
140605-8;540;381;0;381;211;170
140605-9;1181;833;3;830;498;332
140605-10;1658;1160;7;1153;571;582
140605-11;632;393;4;389;288;101
140605-12;1069;767;6;761;435;326
140605-13;744;533;2;531;305;226
140605-14;628;459;3;456;269;187
140605-15;154;143;2;141;31;110
140605-16;69;31;0;31;24;7
140606-1;2266;1499;19;1480;941;539
140606-2;787;550;4;546;412;134
140606-3;1211;788;11;777;588;189
140607-1;1176;821;7;814;573;241
140607-2;960;682;8;674;473;201
140607-3;1432;997;12;985;731;254
140607-4;689;465;5;460;351;109
140607-5;588;404;2;402;303;99
140607-6;604;418;7;411;336;75
140607-7;736;502;4;498;406;92
140607-8;585;425;6;419;337;82
140607-9;482;320;2;318;218;100
140608-1;1629;1192;12;1180;835;345
140608-2;1376;1023;10;1013;642;371
140608-3;1223;897;3;894;735;159
140608-4;952;687;3;684;602;82
140608-5;1241;861;4;857;609;248
140608-6;43;14;0;14;14;0
140609-1;1030;733;8;725;481;244
140609-2;683;491;5;486;315;171
140609-3;802;559;3;556;329;227
140609-4;1416;944;10;934;587;347
140611-1;1762;1215;16;1199;736;463
140611-2;1721;1237;9;1228;789;439
140611-3;1201;928;11;917;500;417
140611-4;1151;834;4;830;528;302
140611-5;1478;1111;6;1105;718;387
140611-6;1778;1356;8;1348;506;842
140611-7;663;426;5;421;302;119
140611-8;1196;801;3;798;519;279
140611-9;548;362;3;359;222;137
140611-10;598;418;2;416;301;115
140611-11;596;428;4;424;300;124
140611-12;848;584;4;580;428;152
140611-13;540;377;6;371;249;122
140611-14;825;607;3;604;412;192
140701-1;649;442;5;437;241;196
140701-2;1187;847;8;839;576;263
140701-3;1452;1096;15;1081;743;338
140701-4;474;301;0;301;228;73
140701-5;450;312;3;309;277;32
140701-6;394;292;4;288;95;193
140702-1;1604;1200;9;1191;906;285
140702-2;417;305;4;301;249;52
140702-3;1593;1146;11;1135;855;280
140702-4;354;271;9;262;221;41
140702-5;1155;851;5;846;694;152
140702-6;735;539;4;535;464;71
140703-1;532;350;0;350;251;99
140703-2;1076;735;4;731;569;162
140703-3;959;672;5;667;522;145
140703-4;587;367;0;367;301;66
140704-1;1336;1021;6;1015;741;274
140704-2;947;735;4;731;589;142
140704-3;563;390;4;386;323;63
140704-4;446;345;6;339;273;66
140705-1;1041;706;4;702;461;241
140705-2;1037;645;7;638;482;156
140705-3;837;637;7;630;524;106
140705-4;1033;714;0;714;526;188
140705-5;804;592;12;580;362;218
140705-6;707;515;4;511;369;142
140705-7;1018;745;8;737;521;216
140705-8;1277;846;12;834;559;275
140705-9;1070;727;4;723;530;193
140705-10;1013;650;13;637;503;134
140705-11;1046;794;8;786;378;408
140705-12;1305;914;7;907;552;355
140705-13;1223;815;5;810;480;330
140705-14;767;555;5;550;334;216
140705-15;1127;856;3;853;411;442
140705-16;1144;854;13;841;413;428
140705-17;963;703;6;697;434;263
140705-18;1229;858;9;849;489;360
140705-19;1134;816;11;805;444;361
140705-20;1049;711;14;697;364;333
140705-21;91;56;0;56;49;7
140705-22;1052;807;6;801;466;335
140705-23;1262;859;14;845;477;368
140706-1;957;697;10;687;477;210
140706-2;936;663;5;658;539;119
140706-3;766;570;3;567;434;133
140706-4;343;229;2;227;182;45
140706-5;436;313;3;310;215;95
140706-6;585;416;6;410;332;78
140706-7;598;431;0;431;265;166
140706-8;829;650;5;645;475;170
140706-9;324;234;1;233;194;39
140707-1;726;469;11;458;339;119
140707-2;1252;877;7;870;671;199
140707-3;1245;791;12;779;525;254
140801-1;1700;1293;16;1277;568;709
140801-2;1877;1333;14;1319;610;709
140801-3;1874;1447;12;1435;682;753
140801-4;1467;1163;16;1147;378;769
140801-5;2160;1420;12;1408;470;938
140801-6;2040;1609;13;1596;499;1097
140801-7;2400;1791;8;1783;637;1146
140801-8;1932;1482;11;1471;613;858
140801-9;2062;1506;9;1497;625;872
140801-10;2112;1633;13;1620;701;919
140801-11;969;742;13;729;344;385
140801-12;1639;1262;11;1251;542;709
140801-13;1254;1003;13;990;414;576
140801-14;1540;1186;5;1181;547;634
140801-15;1523;1163;5;1158;532;626
140801-16;1404;1060;7;1053;465;588
140801-17;1751;1334;16;1318;596;722
140801-18;1806;1362;11;1351;622;729
140801-19;1539;1186;11;1175;525;650
140801-20;1403;1047;12;1035;477;558
140801-21;1572;1204;7;1197;574;623
140801-22;1841;1345;16;1329;587;742
140801-23;1263;994;5;989;417;572
140801-24;89;66;7;59;50;9
140802-1;1790;1384;18;1366;535;831
140802-2;2039;1577;12;1565;562;1003
140802-3;1278;936;8;928;292;636
140802-4;1389;1049;5;1044;494;550
140802-5;1266;995;11;984;362;622
140802-6;1766;1349;9;1340;547;793
140802-7;2164;1761;17;1744;597;1147
140802-8;1169;936;8;928;346;582
140802-9;1023;796;12;784;354;430
140803-1;716;590;3;587;172;415
140803-2;1013;826;4;822;354;468
140803-3;681;545;3;542;288;254
140803-4;1009;810;3;807;445;362
140803-5;1191;882;5;877;424;453
140803-6;1000;822;5;817;313;504
140803-7;773;640;3;637;291;346
140803-8;980;803;9;794;330;464
140803-9;1162;944;9;935;468;467
140803-10;633;560;2;558;127;431
140803-11;831;688;4;684;265;419
140803-12;831;633;5;628;380;248
140803-13;687;495;4;491;206;285
140804-1;2312;1692;12;1680;784;896
140804-2;1528;1124;13;1111;494;617
140804-3;590;430;5;425;219;206
140804-4;1208;948;8;940;390;550
140804-5;2397;1751;8;1743;854;889
140804-6;2080;1505;12;1493;895;598
140804-7;1824;1341;9;1332;549;783
140804-8;772;558;6;552;171;381
140805-1;1365;975;23;952;514;438
140805-2;1032;878;7;871;368;503
140805-3;2565;2038;9;2029;878;1151
140805-4;1417;1051;13;1038;524;514
140805-5;2647;2038;28;2010;852;1158
140805-6;1596;1240;8;1232;517;715
140805-7;1355;1048;6;1042;471;571
140805-8;109;64;0;64;48;16
140805-9;17;17;0;17;10;7
140901-1;466;273;0;273;212;61
140901-2;823;539;8;531;408;123
140901-3;716;439;5;434;346;88
140902-1;354;230;0;230;205;25
140902-2;405;245;3;242;186;56
140902-3;616;409;2;407;266;141
140902-4;1753;1079;8;1071;842;229
140902-5;735;466;1;465;366;99
140902-6;424;270;2;268;208;60
140902-7;335;210;6;204;189;15
140903-1;1516;1006;9;997;546;451
140903-2;1208;812;8;804;504;300
140903-3;1549;1016;11;1005;592;413
140903-4;532;309;2;307;231;76
140903-5;953;595;2;593;413;180
140903-6;816;548;8;540;410;130
140903-7;231;138;1;137;122;15
140903-8;750;475;4;471;352;119
140903-9;562;328;4;324;249;75
140903-10;635;420;6;414;306;108
140903-11;83;25;0;25;23;2
140903-12;176;120;3;117;93;24
140904-1;1283;833;12;821;635;186
140904-2;377;243;6;237;194;43
140904-3;996;677;8;669;526;143
140904-4;457;301;0;301;244;57
140904-5;473;289;5;284;251;33
140905-1;961;624;5;619;406;213
140905-2;466;296;3;293;247;46
140905-3;616;357;5;352;295;57
140905-4;434;298;0;298;244;54
140905-5;874;577;4;573;475;98
140905-6;480;324;7;317;242;75
140905-7;930;545;2;543;371;172
140906-1;1123;734;7;727;453;274
140906-2;277;186;2;184;135;49
140906-3;490;261;0;261;183;78
140906-4;602;381;2;379;262;117
140906-5;416;232;0;232;173;59
140906-6;688;431;6;425;307;118
140906-7;209;118;1;117;105;12
140906-8;348;214;2;212;171;41
141001-1;711;477;0;477;385;92
141001-2;536;343;0;343;297;46
141001-3;415;314;2;312;271;41
141001-4;575;371;2;369;334;35
141002-1;2024;1435;18;1417;969;448
141002-2;1307;857;6;851;573;278
141002-3;1076;734;5;729;425;304
141002-4;1462;954;2;952;659;293
141002-5;581;385;3;382;310;72
141002-6;1087;691;4;687;540;147
141002-7;552;342;3;339;281;58
141002-8;501;363;0;363;279;84
141002-9;127;44;0;44;38;6
141003-1;491;341;5;336;299;37
141003-2;494;338;3;335;290;45
141003-3;856;583;8;575;450;125
141003-4;532;422;3;419;372;47
141004-1;635;421;7;414;341;73
141004-2;703;436;4;432;307;125
141004-3;920;595;5;590;470;120
141004-4;425;257;1;256;194;62
141004-5;426;283;1;282;230;52
141004-6;360;234;1;233;156;77
141004-7;466;303;3;300;231;69
141005-1;1332;882;9;873;559;314
141005-2;884;595;4;591;467;124
141005-3;1104;793;11;782;566;216
141005-4;935;659;8;651;397;254
141006-1;1076;704;5;699;534;165
141006-2;875;544;6;538;485;53
141006-3;611;407;6;401;358;43
141006-4;534;338;1;337;303;34
141006-5;712;422;11;411;331;80
141101-1;1132;815;3;812;497;315
141101-2;1199;749;5;744;435;309
141101-3;1761;1156;6;1150;670;480
141101-4;1624;1174;8;1166;698;468
141101-5;1535;1008;3;1005;567;438
141101-6;287;66;0;66;58;8
141101-7;44;37;0;37;35;2
141102-1;991;702;3;699;584;115
141102-2;750;514;4;510;395;115
141102-3;155;111;1;110;94;16
141102-4;188;134;0;134;121;13
141103-1;1915;1278;8;1270;971;299
141103-2;610;381;2;379;293;86
141103-3;773;519;7;512;390;122
141103-4;787;584;2;582;489;93
141104-1;1335;827;10;817;526;291
141104-2;1017;647;5;642;496;146
141104-3;548;360;4;356;297;59
141104-4;412;236;2;234;175;59
141104-5;1223;783;6;777;598;179
141104-6;440;271;1;270;230;40
141105-1;734;564;8;556;428;128
141105-2;323;238;0;238;191;47
141105-3;304;244;5;239;218;21
141106-1;559;374;3;371;310;61
141106-2;249;196;3;193;156;37
141106-3;814;535;2;533;379;154
141106-4;517;351;3;348;270;78
141106-5;1019;600;2;598;462;136
141106-6;727;449;3;446;321;125
141106-7;322;201;4;197;155;42
141106-8;264;169;0;169;152;17
141107-1;1142;835;7;828;541;287
141107-2;1095;756;4;752;441;311
141107-3;1519;1076;11;1065;710;355
141108-1;1232;969;7;962;726;236
141108-2;757;555;4;551;316;235
141108-3;381;286;2;284;229;55
141109-1;1096;799;13;786;598;188
141109-2;190;117;0;117;98;19
141109-3;223;155;0;155;134;21
141109-4;1079;747;4;743;592;151
141110-1;1045;759;3;756;569;187
141110-2;556;370;1;369;238;131
141110-3;231;172;1;171;128;43
141110-4;393;312;2;310;217;93
141110-5;375;273;4;269;217;52
141110-6;216;144;1;143;97;46
141110-7;204;129;0;129;116;13
141201-1;1482;1171;12;1159;638;521
141201-2;1448;1109;16;1093;545;548
141201-3;1487;1145;13;1132;574;558
141201-4;1544;1169;13;1156;531;625
141201-5;1753;1342;6;1336;638;698
141201-6;1367;1025;12;1013;502;511
141201-7;1603;1213;10;1203;617;586
141201-8;1580;1241;11;1230;618;612
141201-9;1695;1218;17;1201;636;565
141201-10;1428;1078;18;1060;443;617
141201-11;1587;1167;10;1157;554;603
141201-12;1274;958;14;944;476;468
141201-13;1359;1006;8;998;334;664
141201-14;1303;930;16;914;485;429
141201-15;1196;823;5;818;435;383
141201-16;852;670;2;668;276;392
141201-17;1374;1041;7;1034;534;500
141201-18;1051;806;7;799;376;423
141201-19;1494;1101;1;1100;534;566
141201-20;1075;765;7;758;390;368
141201-21;1816;1384;17;1367;678;689
141201-22;235;8;0;8;6;2
141204-1;1096;833;17;816;434;382
141204-2;1152;849;20;829;432;397
141204-3;428;316;1;315;249;66
141204-4;573;426;5;421;313;108
141204-5;667;467;4;463;317;146
141204-6;808;563;12;551;306;245
141204-7;129;65;7;58;52;6
141205-1;1342;997;13;984;620;364
141205-2;1324;948;12;936;569;367
141205-3;1120;750;8;742;551;191
141205-4;1873;1339;14;1325;829;496
141205-5;1357;1020;13;1007;626;381
141205-6;980;765;14;751;424;327
141206-1;1147;785;7;778;474;304
141206-2;891;646;6;640;422;218
141206-3;1121;755;5;750;574;176
141206-4;815;572;1;571;446;125
141206-5;982;731;2;729;536;193
141207-1;1054;757;12;745;394;351
141207-2;1809;1390;20;1370;648;722
141207-3;1669;1316;10;1306;649;657
141207-4;1783;1303;11;1292;802;490
141207-5;492;372;3;369;260;109
141207-6;877;635;11;624;296;328
141207-7;1010;783;5;778;468;310
141207-8;928;705;4;701;348;353
141207-9;952;656;4;652;374;278
141207-10;1496;1155;10;1145;606;539
141208-1;1843;1334;12;1322;1061;261
141208-2;443;322;3;319;208;111
141208-3;1036;748;5;743;543;200
141208-4;686;471;1;470;324;146
141209-1;1280;885;6;879;563;316
141209-2;951;697;4;693;442;251
141209-3;1250;863;7;856;687;169
141209-4;464;333;1;332;250;82
141209-5;662;475;3;472;357;115
141210-1;1166;762;5;757;524;233
141210-2;619;404;7;397;333;64
141210-3;1458;1037;5;1032;847;185
141210-4;977;650;6;644;532;112
141211-1;779;550;3;547;364;183
141211-2;914;667;6;661;388;273
141211-3;1782;1287;11;1276;912;364
141211-4;1653;1163;12;1151;688;463
141211-5;1081;761;3;758;433;325
141211-6;1543;1090;9;1081;716;365
141211-7;1024;792;13;779;496;283
141211-8;1308;941;17;924;545;379
141211-9;862;688;11;677;365;312
141211-10;754;585;4;581;316;265
141211-11;47;22;1;21;15;6
141212-1;488;324;1;323;270;53
141212-2;605;413;3;410;323;87
141212-3;504;341;6;335;251;84
141212-4;469;307;2;305;266;39
141212-5;402;274;2;272;207;65
141212-6;1455;1105;10;1095;619;476
141212-7;906;655;3;652;461;191
141212-8;977;720;12;708;328;380
141212-9;1084;812;4;808;483;325
141212-10;164;47;0;47;43;4
141213-1;1329;1006;11;995;600;395
141213-2;541;362;3;359;257;102
141213-3;1242;867;12;855;645;210
141213-4;1183;782;8;774;583;191
141213-5;1020;701;9;692;439;253
141213-6;574;368;3;365;268;97
141214-1;1411;1072;11;1061;722;339
141214-2;1344;964;7;957;756;201
141214-3;604;431;4;427;314;113
141214-4;1255;887;6;881;715;166
141214-5;842;576;3;573;452;121
141215-1;2639;2074;25;2049;895;1154
141215-2;1195;912;9;903;436;467
141215-3;2069;1625;17;1608;715;893
141215-4;1859;1337;19;1318;720;598
141215-5;1151;877;14;863;486;377
141215-6;2123;1631;15;1616;803;813
141215-7;960;721;8;713;361;352
141215-8;1427;1080;10;1070;525;545
141215-9;1868;1427;13;1414;725;689
141301-1;1638;1055;12;1043;561;482
141301-2;1417;959;9;950;516;434
141301-3;1208;773;3;770;379;391
141301-4;1962;1399;9;1390;749;641
141301-5;1995;1436;7;1429;770;659
141301-6;1789;1249;9;1240;641;599
141301-7;1680;1072;10;1062;611;451
141301-8;1875;1245;6;1239;633;606
141301-9;1715;1203;4;1199;644;555
141301-10;1659;1128;13;1115;556;559
141301-11;1344;883;2;881;547;334
141301-12;1689;1230;15;1215;607;608
141301-13;1674;1048;8;1040;616;424
141301-14;1634;1047;10;1037;625;412
141301-15;92;32;0;32;23;9
141302-1;496;314;3;311;252;59
141302-2;315;207;1;206;160;46
141302-3;606;389;2;387;280;107
141302-4;576;369;2;367;302;65
141302-5;447;271;4;267;229;38
141303-1;1167;775;6;769;556;213
141303-2;1018;637;3;634;464;170
141303-3;837;537;1;536;442;94
141303-4;797;520;4;516;339;177
141304-1;381;236;0;236;197;39
141304-2;186;136;0;136;96;40
141304-3;1441;992;7;985;715;270
141304-4;668;433;5;428;349;79
141305-1;931;603;10;593;354;239
141305-2;1318;823;10;813;567;246
141305-3;458;302;0;302;238;64
141305-4;648;422;4;418;323;95
141305-5;1520;949;1;948;742;206
141305-6;1216;786;8;778;644;134
141306-1;1567;977;5;972;732;240
141306-2;1460;938;7;931;667;264
141306-3;800;514;4;510;406;104
141307-1;2054;1344;18;1326;1026;300
141307-2;621;396;4;392;324;68
141307-3;669;440;0;440;359;81
141308-1;1531;1027;5;1022;716;306
141308-2;1248;834;10;824;624;200
141308-3;819;556;3;553;410;143
141309-1;1077;737;0;737;515;222
141309-2;525;337;2;335;304;31
141309-3;992;626;3;623;491;132
141309-4;531;352;4;348;261;87
141310-1;1102;759;6;753;507;246
141310-2;1036;597;3;594;423;171
141310-3;1182;802;10;792;636;156
141310-4;765;465;4;461;335;126
141310-5;16;16;1;15;12;3
141401-1;1279;967;7;960;365;595
141401-2;2277;1736;12;1724;646;1078
141401-3;2383;1782;7;1775;797;978
141401-4;1324;919;10;909;388;521
141401-5;1653;1190;13;1177;559;618
141401-6;1185;799;10;789;441;348
141401-7;1051;763;6;757;338;419
141401-8;2099;1470;7;1463;714;749
141401-9;1942;1291;12;1279;644;635
141401-10;1958;1307;11;1296;485;811
141401-11;1838;1231;7;1224;474;750
141401-12;2108;1401;20;1381;709;672
141401-13;80;28;0;28;16;12
141402-1;1200;885;4;881;452;429
141402-2;1733;1281;16;1265;599;666
141402-3;1476;1147;7;1140;534;606
141402-4;1223;859;6;853;482;371
141402-5;1752;1293;17;1276;623;653
141402-6;665;455;4;451;216;235
141403-1;409;285;3;282;210;72
141403-2;1513;1122;9;1113;741;372
141403-3;1412;1027;6;1021;610;411
141403-4;1202;866;7;859;596;263
141404-1;813;526;1;525;326;199
141404-2;727;555;5;550;304;246
141404-3;1066;727;4;723;411;312
141404-4;960;684;4;680;372;308
141404-5;1156;765;11;754;419;335
141404-6;1034;723;8;715;429;286
141404-7;1132;773;11;762;467;295
141404-8;1258;774;9;765;506;259
141404-9;1123;696;12;684;522;162
141404-10;999;681;4;677;533;144
141404-11;1185;834;15;819;609;210
141404-12;714;500;3;497;386;111
141404-13;893;580;2;578;371;207
141404-14;1066;749;5;744;566;178
141404-15;1400;954;10;944;610;334
141404-16;68;60;5;55;43;12
141405-1;995;771;5;766;423;343
141405-2;976;760;2;758;326;432
141405-3;1610;1142;14;1128;560;568
141405-4;1126;742;9;733;443;290
141405-5;514;392;0;392;213;179
141405-6;492;355;3;352;251;101
141405-7;1353;1015;8;1007;532;475
141405-8;512;406;6;400;203;197
141406-1;1345;903;8;895;544;351
141406-2;1230;844;9;835;456;379
141406-3;781;469;4;465;311;154
141406-4;860;537;5;532;345;187
141406-5;756;469;2;467;302;165
141501-1;1385;927;6;921;569;352
141501-2;555;337;3;334;268;66
141501-3;554;337;2;335;278;57
141501-4;1135;704;5;699;552;147
141501-5;463;304;1;303;245;58
141501-6;1098;627;6;621;498;123
141502-1;692;406;0;406;324;82
141502-2;272;165;1;164;146;18
141502-3;194;121;0;121;105;16
141502-4;788;462;0;462;404;58
141503-1;1662;1165;4;1161;883;278
141503-2;233;141;1;140;120;20
141503-3;207;140;1;139;107;32
141503-4;521;354;2;352;288;64
141503-5;897;622;2;620;555;65
141503-6;248;160;2;158;118;40
141503-7;318;218;2;216;181;35
141504-1;1647;1100;11;1089;787;302
141504-2;1260;736;4;732;590;142
141504-3;900;539;2;537;460;77
141504-4;967;680;6;674;502;172
141504-5;482;329;2;327;287;40
141504-6;764;513;6;507;423;84
141504-7;404;264;2;262;208;54
141504-8;370;245;3;242;203;39
141505-1;521;362;5;357;227;130
141505-2;499;289;2;287;176;111
141505-3;621;388;2;386;263;123
141505-4;501;303;2;301;213;88
141505-5;730;504;3;501;341;160
141505-6;496;322;5;317;212;105
141505-7;746;454;7;447;371;76
141505-8;739;464;2;462;373;89
141505-9;522;333;1;332;261;71
141505-10;545;358;4;354;297;57
141505-11;497;297;1;296;252;44
141505-12;484;329;3;326;291;35
141505-13;818;437;7;430;359;71
141505-14;577;292;1;291;246;45
141505-15;481;278;2;276;230;46
141506-1;1706;1173;9;1164;851;313
141506-2;606;387;2;385;349;36
141506-3;633;435;5;430;301;129
141506-4;1300;860;4;856;712;144
141506-5;770;497;2;495;424;71
141506-6;588;400;2;398;320;78
141506-7;713;469;5;464;357;107
141506-8;1086;790;5;785;548;237
141507-1;394;235;1;234;192;42
141507-2;411;250;4;246;218;28
141507-3;829;541;2;539;476;63
141507-4;1202;710;6;704;571;133
141507-5;1881;1140;12;1128;773;355
141507-6;847;466;6;460;331;129
141507-7;513;293;2;291;233;58
141507-8;382;219;1;218;197;21
141508-1;1238;756;11;745;513;232
141508-2;1368;933;9;924;672;252
141508-3;737;484;5;479;380;99
141508-4;481;319;5;314;279;35
141508-5;390;241;3;238;199;39
141508-6;759;474;3;471;399;72
141508-7;671;431;3;428;366;62
141508-8;793;459;4;455;386;69
141508-9;384;228;0;228;200;28
141508-10;172;120;0;120;108;12
141508-11;154;96;2;94;75;19
141508-12;298;195;2;193;172;21
141508-13;344;207;1;206;177;29
141508-14;390;241;2;239;201;38
141509-1;1631;1194;17;1177;741;436
141509-2;1784;1212;10;1202;853;349
141509-3;1614;930;6;924;708;216
141509-4;451;291;4;287;191;96
141509-5;386;218;0;218;165;53
141509-6;1810;1273;10;1263;916;347
141509-7;533;407;3;404;341;63
141510-1;1930;1393;11;1382;891;491
141510-2;2027;1485;4;1481;977;504
141510-3;733;515;5;510;377;133
141510-4;1143;853;12;841;516;325
141510-5;1419;967;11;956;793;163
141510-6;923;614;5;609;412;197
141510-7;579;389;6;383;144;239
141511-1;1060;731;8;723;611;112
141511-2;270;189;2;187;167;20
141511-3;445;310;1;309;257;52
141511-4;732;485;6;479;413;66
141511-5;480;330;5;325;289;36
141511-6;764;545;5;540;352;188
141601-1;1742;1198;6;1192;684;508
141601-2;1703;1087;10;1077;654;423
141601-3;986;612;2;610;390;220
141601-4;1635;1118;4;1114;646;468
141601-5;1622;999;4;995;556;439
141601-6;823;545;7;538;310;228
141601-7;784;512;3;509;279;230
141601-8;1572;974;6;968;558;410
141601-9;1781;1098;10;1088;614;474
141601-10;1496;1000;7;993;548;445
141601-11;1611;1121;5;1116;632;484
141601-12;1535;1016;1;1015;575;440
141601-13;134;70;0;70;52;18
141602-1;936;728;9;719;624;95
141602-2;875;642;6;636;537;99
141602-3;1060;776;6;770;683;87
141602-4;447;333;1;332;279;53
141603-1;828;643;9;634;522;112
141603-2;356;283;2;281;256;25
141603-3;317;246;2;244;226;18
141603-4;317;259;1;258;235;23
141603-5;266;184;3;181;159;22
141604-1;1017;755;3;752;448;304
141604-2;411;282;2;280;206;74
141604-3;1126;794;7;787;471;316
141605-1;1059;743;10;733;547;186
141605-2;846;548;3;545;387;158
141605-3;810;528;4;524;358;166
141605-4;900;609;7;602;393;209
141605-5;564;472;5;467;315;152
141605-6;547;359;5;354;323;31
141605-7;613;444;3;441;347;94
141605-8;527;369;2;367;321;46
141605-9;660;447;3;444;372;72
141605-10;658;478;4;474;336;138
141605-11;635;461;1;460;384;76
141605-12;645;445;8;437;360;77
141605-13;718;517;2;515;441;74
141606-1;1285;993;9;984;764;220
141606-2;306;261;4;257;224;33
141606-3;467;366;2;364;299;65
141606-4;304;222;2;220;186;34
141607-1;608;408;6;402;318;84
141607-2;464;319;6;313;267;46
141607-3;715;465;3;462;358;104
141607-4;663;433;2;431;344;87
141607-5;789;525;2;523;329;194
141607-6;783;536;4;532;424;108
141607-7;786;464;3;461;389;72
141607-8;725;486;3;483;368;115
141607-9;512;359;2;357;288;69
141607-10;741;501;2;499;366;133
141607-11;507;319;5;314;248;66
141607-12;604;412;2;410;334;76
141607-13;789;515;3;512;385;127
141607-14;790;533;7;526;411;115
141607-15;593;395;4;391;164;227
141607-16;46;31;2;29;11;18
141608-1;1290;870;5;865;733;132
141608-2;319;200;1;199;175;24
141608-3;446;296;2;294;246;48
141608-4;477;357;1;356;324;32
141608-5;177;111;0;111;91;20
141608-6;187;134;1;133;120;13
141609-1;759;700;15;685;531;154
141609-2;612;537;5;532;456;76
141610-1;646;468;5;463;337;126
141610-2;764;543;5;538;445;93
141610-3;497;340;4;336;280;56
141610-4;877;595;6;589;457;132
141610-5;640;417;8;409;318;91
141611-1;1024;673;7;666;597;69
141611-2;725;489;2;487;429;58
141611-3;1178;829;12;817;621;196
141701-1;2141;1708;19;1689;689;1000
141701-2;1118;898;7;891;393;498
141701-3;1771;1422;11;1411;630;781
141701-4;1780;1363;8;1355;648;707
141701-5;901;709;9;700;259;441
141701-6;2329;1837;18;1819;712;1107
141701-7;830;695;10;685;288;397
141701-8;1630;1233;19;1214;520;694
141701-9;2315;1833;28;1805;773;1032
141702-1;1614;1124;6;1118;426;692
141702-2;715;523;11;512;209;303
141702-3;1412;1035;10;1025;483;542
141702-4;1345;982;10;972;425;547
141702-5;975;732;3;729;337;392
141702-6;687;507;4;503;244;259
141702-7;1611;1199;10;1189;592;597
141702-8;1190;906;4;902;360;542
141702-9;1914;1402;12;1390;616;774
141702-10;1039;785;6;779;368;411
141702-11;2055;1558;13;1545;786;759
141702-12;2182;1728;29;1699;731;968
141702-13;1398;915;11;904;475;429
141702-14;1026;777;6;771;394;377
141702-15;1400;1042;9;1033;536;497
141702-16;1391;1020;9;1011;443;568
141702-17;1567;1084;13;1071;564;507
141702-18;1413;1100;15;1085;449;636
141702-19;1286;818;10;808;432;376
141702-20;576;420;1;419;224;195
141702-21;928;682;5;677;313;364
141702-22;913;653;9;644;322;322
141702-23;1125;837;4;833;490;343
141702-24;1367;1133;14;1119;673;446
141702-25;1147;904;8;896;526;370
141702-26;1082;846;11;835;356;479
141702-27;55;23;0;23;18;5
141702-28;272;125;1;124;67;57
141702-29;88;74;0;74;44;30
141703-1;588;460;5;455;282;173
141703-2;1248;952;17;935;595;340
141703-3;990;692;6;686;469;217
141703-4;1922;1492;19;1473;815;658
141703-5;1990;1550;25;1525;907;618
141703-6;467;365;2;363;244;119
141703-7;520;383;2;381;331;50
141703-8;593;482;5;477;367;110
141703-9;809;620;6;614;369;245
141704-1;2135;1566;12;1554;881;673
141704-2;1521;1173;10;1163;669;494
141704-3;1373;1046;9;1037;601;436
141704-4;1469;1086;8;1078;470;608
141704-5;964;745;7;738;353;385
141704-6;842;623;3;620;496;124
141704-7;2030;1461;13;1448;1027;421
141704-8;1784;1277;11;1266;775;491
141704-9;21;21;0;21;21;0
141705-1;1463;1088;13;1075;735;340
141705-2;1052;752;1;751;584;167
141705-3;579;414;4;410;235;175
141705-4;986;740;8;732;538;194
141705-5;802;593;8;585;469;116
141705-6;973;741;11;730;518;212
141705-7;696;533;6;527;390;137
141706-1;688;536;9;527;423;104
141706-2;410;300;3;297;244;53
141706-3;764;599;10;589;499;90
141706-4;1093;813;12;801;559;242
141707-1;1132;838;11;827;487;340
141707-2;1068;788;9;779;523;256
141707-3;611;444;3;441;289;152
141707-4;695;472;3;469;345;124
141707-5;1538;1172;19;1153;830;323
141708-1;920;712;12;700;340;360
141708-2;767;612;3;609;343;266
141708-3;825;679;5;674;292;382
141708-4;1048;887;11;876;416;460
141708-5;624;498;0;498;306;192
141708-6;846;691;9;682;448;234
141708-7;762;549;13;536;383;153
141708-8;1114;868;14;854;440;414
141708-9;798;652;8;644;304;340
141708-10;619;505;8;497;338;159
141708-11;600;462;4;458;229;229
141708-12;412;319;6;313;115;198
141708-13;613;503;6;497;196;301
141708-14;149;49;1;48;25;23
141801-1;819;635;8;627;270;357
141801-2;1280;895;4;891;558;333
141801-3;805;585;3;582;382;200
141801-4;962;742;3;739;372;367
141801-5;1000;724;9;715;406;309
141801-6;834;650;8;642;367;275
141801-7;2771;1976;15;1961;1002;959
141801-8;1367;1061;9;1052;467;585
141801-9;1174;853;11;842;506;336
141801-10;1752;1342;14;1328;678;650
141801-11;1467;1075;9;1066;489;577
141801-12;1144;899;8;891;440;451
141801-13;1416;1027;16;1011;538;473
141801-14;1602;1208;13;1195;597;598
141801-15;1250;942;8;934;498;436
141801-16;419;131;7;124;109;15
141802-1;1212;917;11;906;389;517
141802-2;1350;1082;9;1073;369;704
141802-3;582;475;6;469;201;268
141802-4;1024;813;9;804;243;561
141802-5;1538;1182;17;1165;529;636
141802-6;1375;959;9;950;364;586
141802-7;1639;1226;16;1210;612;598
141802-8;1626;1268;12;1256;488;768
141802-9;1530;1155;9;1146;461;685
141802-10;1799;1364;9;1355;550;805
141802-11;1662;1325;9;1316;566;750
141802-12;1298;922;6;916;533;383
141802-13;690;540;6;534;220;314
141802-14;1194;898;9;889;474;415
141802-15;492;350;3;347;191;156
141802-16;100;73;1;72;41;31
141802-17;37;26;1;25;16;9
141802-18;53;53;0;53;26;27
141802-19;56;46;5;41;18;23
141802-20;146;54;0;54;29;25
141802-21;226;166;3;163;84;79
141802-22;51;42;3;39;23;16
141803-1;1147;886;10;876;459;417
141803-2;1516;1327;10;1317;318;999
141803-3;1457;1236;8;1228;305;923
141803-4;1479;1277;11;1266;351;915
141803-5;1464;1229;12;1217;383;834
141803-6;1907;1566;14;1552;558;994
141803-7;938;723;6;717;275;442
141803-8;1672;1365;10;1355;575;780
141803-9;1679;1438;14;1424;396;1028
141803-10;1067;982;10;972;222;750
141803-11;2301;1773;21;1752;765;987
141803-12;1235;938;7;931;433;498
141803-13;1679;1316;10;1306;605;701
141804-1;1024;771;5;766;224;542
141804-2;884;675;5;670;224;446
141804-3;1429;1100;10;1090;284;806
141804-4;1571;1163;8;1155;434;721
141804-5;1452;1106;7;1099;447;652
141804-6;1903;1399;10;1389;671;718
141804-7;1128;827;8;819;358;461
141804-8;1216;935;7;928;413;515
141804-9;2186;1720;10;1710;518;1192
141804-10;2268;1857;18;1839;593;1246
141804-11;1466;1041;7;1034;433;601
141804-12;1667;1415;5;1410;434;976
141804-13;950;755;6;749;238;511
141804-14;1524;1170;12;1158;346;812
141804-15;1194;960;7;953;285;668
141804-16;1111;840;10;830;292;538
141804-17;1947;1562;19;1543;586;957
141804-18;1730;1337;7;1330;543;787
141804-19;1212;968;9;959;379;580
141804-20;1228;967;4;963;411;552
141804-21;1190;1000;10;990;390;600
141804-22;1195;930;11;919;335;584
141804-23;1173;898;5;893;362;531
141804-24;1010;771;8;763;289;474
141804-25;1732;1382;10;1372;274;1098
141804-26;1780;1488;15;1473;235;1238
141804-27;1374;1201;10;1191;247;944
141804-28;2465;2003;25;1978;425;1553
141804-29;1285;973;5;968;252;716
141804-30;1576;1273;10;1263;433;830
141804-31;1673;1283;5;1278;549;729
141804-32;611;501;10;491;210;281
141804-33;1327;1020;5;1015;412;603
141804-34;1444;1141;12;1129;404;725
141804-35;1410;1140;16;1124;459;665
141804-36;862;668;11;657;310;347
141804-37;975;823;7;816;260;556
141804-38;1405;1077;8;1069;492;577
141804-39;2145;1695;8;1687;713;974
141804-40;961;779;3;776;399;377
141804-41;401;280;5;275;174;101
141804-42;569;442;3;439;168;271
141804-43;1827;1425;14;1411;480;931
141804-44;687;547;3;544;331;213
141805-1;2380;1697;16;1681;907;774
141805-2;1566;1143;16;1127;633;494
141805-3;1436;1060;7;1053;598;455
141805-4;2010;1540;20;1520;603;917
141805-5;1321;1060;9;1051;424;627
141806-1;639;435;12;423;273;150
141806-2;569;426;2;424;251;173
141806-3;737;548;4;544;328;216
141806-4;688;519;6;513;331;182
141806-5;842;610;3;607;389;218
141806-6;1690;1218;10;1208;679;529
141806-7;1291;985;8;977;521;456
141806-8;1537;1047;8;1039;707;332
141806-9;969;770;3;767;398;369
141901-1;1359;852;8;844;636;208
141901-2;2124;1504;13;1491;931;560
141901-3;968;612;6;606;508;98
141901-4;375;236;1;235;185;50
141901-5;806;464;6;458;384;74
141901-6;1375;886;9;877;644;233
141901-7;24;24;0;24;14;10
141902-1;943;630;6;624;423;201
141902-2;839;475;8;467;337;130
141902-3;831;521;4;517;378;139
141902-4;555;355;4;351;220;131
141902-5;645;435;2;433;269;164
141902-6;458;301;1;300;232;68
141902-7;1160;788;3;785;524;261
141902-8;456;258;1;257;183;74
141902-9;534;325;3;322;263;59
141902-10;113;92;1;91;69;22
141903-1;422;262;1;261;217;44
141903-2;799;498;5;493;354;139
141903-3;873;601;6;595;390;205
141903-4;834;495;3;492;350;142
141903-5;782;511;7;504;331;173
141903-6;630;432;3;429;343;86
141903-7;858;585;9;576;454;122
141903-8;821;507;6;501;397;104
141903-9;413;248;4;244;210;34
141903-10;60;27;2;25;20;5
141904-1;752;533;7;526;390;136
141904-2;763;492;6;486;375;111
141904-3;649;442;0;442;369;73
141904-4;680;462;3;459;375;84
141904-5;1019;687;8;679;555;124
141904-6;587;380;0;380;304;76
141905-1;986;586;5;581;412;169
141905-2;1276;729;6;723;602;121
141905-3;342;202;4;198;163;35
141905-4;707;411;3;408;326;82
141905-5;1109;652;5;647;415;232
141905-6;1680;981;4;977;743;234
141906-1;1266;856;9;847;551;296
141906-2;830;567;5;562;326;236
141906-3;1223;855;5;850;486;364
141906-4;833;574;4;570;410;160
141906-5;849;582;1;581;369;212
141906-6;503;335;4;331;288;43
141906-7;840;578;5;573;379;194
141906-8;1051;674;4;670;540;130
141906-9;370;224;1;223;183;40
141906-10;532;341;3;338;263;75
141906-11;413;223;2;221;161;60
141906-12;81;62;2;60;31;29
141907-1;1137;784;8;776;454;322
141907-2;939;670;3;667;381;286
141907-3;689;456;4;452;337;115
141907-4;838;617;3;614;357;257
141907-5;411;289;3;286;210;76
141907-6;449;333;6;327;153;174
141908-1;1091;671;6;665;500;165
141908-2;955;598;2;596;445;151
141908-3;1031;731;10;721;464;257
141908-4;959;592;4;588;479;109
141908-5;684;402;2;400;340;60
141908-6;61;49;4;45;37;8
141909-1;893;633;5;628;441;187
141909-2;816;546;6;540;391;149
141909-3;293;191;4;187;134;53
141909-4;513;335;4;331;178;153
141909-5;745;486;2;484;328;156
141910-1;1028;746;6;740;446;294
141910-2;1066;704;1;703;513;190
141910-3;453;302;4;298;202;96
141910-4;1080;660;2;658;499;159
141910-5;1486;1021;9;1012;536;476
141910-6;1422;975;11;964;562;402
141911-1;463;285;2;283;236;47
141911-2;502;331;2;329;277;52
141911-3;661;470;7;463;388;75
141911-4;434;279;1;278;203;75
141911-5;764;534;3;531;430;101
141911-6;711;493;1;492;335;157
141912-1;858;630;10;620;324;296
141912-2;644;444;4;440;254;186
141912-3;451;261;3;258;145;113
141912-4;370;226;0;226;152;74
141912-5;539;445;2;443;105;338
141912-6;556;450;5;445;115;330
141912-7;772;648;6;642;251;391
141912-8;915;707;5;702;303;399
141912-9;783;609;4;605;276;329
141912-10;482;319;2;317;210;107
141913-1;2252;1568;18;1550;861;689
141913-2;2063;1326;8;1318;889;429
141913-3;1641;1181;13;1168;851;317
141913-4;833;533;7;526;351;175
141913-5;1100;763;11;752;441;311
141913-6;1092;868;20;848;391;457
141913-7;71;66;2;64;24;40
141914-1;359;231;2;229;173;56
141914-2;655;390;6;384;305;79
141914-3;677;376;2;374;308;66
141914-4;1761;1153;15;1138;750;388
141914-5;1292;774;0;774;641;133
141914-6;513;319;4;315;243;72
141914-7;467;290;0;290;231;59
141914-8;21;21;2;19;17;2
141915-1;674;459;8;451;251;200
141915-2;676;398;5;393;218;175
141915-3;712;477;6;471;258;213
141915-4;787;536;3;533;416;117
141915-5;691;411;4;407;300;107
141915-6;912;539;2;537;466;71
141915-7;30;30;0;30;28;2
142001-1;761;545;5;540;266;274
142001-2;994;708;3;705;366;339
142001-3;641;442;1;441;241;200
142001-4;645;459;6;453;244;209
142001-5;984;668;4;664;384;280
142001-6;846;554;3;551;290;261
142001-7;874;652;6;646;295;351
142001-8;855;631;3;628;280;348
142001-9;1232;856;6;850;411;439
142001-10;898;604;4;600;323;277
142001-11;1013;687;9;678;357;321
142001-12;880;582;4;578;316;262
142001-13;962;647;5;642;333;309
142001-14;878;530;2;528;297;231
142001-15;1127;779;9;770;443;327
142001-16;1203;883;3;880;424;456
142001-17;967;708;1;707;346;361
142001-18;803;604;10;594;273;321
142001-19;150;92;2;90;22;68
142001-20;136;40;1;39;34;5
142001-21;47;19;0;19;11;8
142002-1;1172;791;9;782;475;307
142002-2;1152;756;8;748;500;248
142002-3;1090;732;8;724;451;273
142003-1;1425;914;10;904;644;260
142003-2;1598;1078;11;1067;664;403
142003-3;662;413;3;410;346;64
142003-4;871;521;0;521;399;122
142003-5;981;640;3;637;511;126
142003-6;764;467;2;465;403;62
142004-1;1989;1245;8;1237;903;334
142004-2;819;478;2;476;389;87
142004-3;1361;750;6;744;567;177
142004-4;1276;733;5;728;565;163
142004-5;694;402;3;399;313;86
142005-1;1085;733;4;729;516;213
142005-2;762;486;4;482;373;109
142005-3;1097;727;5;722;608;114
142006-1;1120;913;6;907;492;415
142006-2;791;646;11;635;321;314
142006-3;802;547;8;539;377;162
142006-4;40;38;1;37;26;11
142007-1;1045;665;6;659;455;204
142007-2;1043;635;8;627;476;151
142007-3;521;325;2;323;283;40
142007-4;1492;904;9;895;677;218
142007-5;944;562;5;557;439;118
142008-1;705;470;6;464;355;109
142008-2;1059;705;1;704;526;178
142008-3;756;507;5;502;347;155
142008-4;1367;1029;4;1025;546;479
142008-5;39;32;2;30;26;4
142009-1;997;688;6;682;378;304
142009-2;437;287;3;284;233;51
142009-3;551;379;5;374;275;99
142009-4;524;336;0;336;249;87
142009-5;388;243;1;242;171;71
142009-6;1470;915;5;910;573;337
142009-7;801;540;2;538;374;164
142009-8;535;347;5;342;201;141
142009-9;538;350;1;349;228;121
142010-1;1679;1055;9;1046;846;200
142010-2;1252;855;14;841;734;107
142010-3;868;541;6;535;418;117
142010-4;1756;1088;4;1084;857;227
142010-5;843;549;0;549;444;105
142010-6;406;135;4;131;115;16
142011-1;1565;1076;13;1063;651;412
142011-2;1314;874;7;867;608;259
142011-3;842;550;2;548;400;148
142011-4;1110;741;4;737;504;233
142012-1;698;425;5;420;285;135
142012-2;727;450;6;444;343;101
142012-3;1190;767;4;763;539;224
142012-4;898;599;5;594;396;198
142012-5;1000;623;5;618;452;166
142012-6;60;28;3;25;19;6
142101-1;2253;1781;17;1764;786;978
142101-2;1763;1337;17;1320;600;720
142101-3;1724;1255;11;1244;584;660
142101-4;1480;1107;6;1101;585;516
142101-5;1601;1202;14;1188;541;647
142101-6;1507;1168;8;1160;515;645
142101-7;1116;908;13;895;370;525
142101-8;1899;1473;13;1460;624;836
142101-9;1941;1533;15;1518;719;799
142101-10;1799;1383;19;1364;562;802
142102-1;2608;1595;16;1579;732;847
142102-2;2078;1548;11;1537;604;933
142102-3;1568;1159;13;1146;449;697
142102-4;2289;1777;11;1766;796;970
142102-5;1233;810;9;801;337;464
142102-6;1471;1186;4;1182;524;658
142102-7;1458;1013;9;1004;448;556
142102-8;1527;1170;8;1162;448;714
142102-9;2052;1539;11;1528;672;856
142102-10;1599;1105;10;1095;481;614
142102-11;1705;1296;8;1288;524;764
142102-12;2184;1435;10;1425;458;967
142102-13;1554;976;8;968;445;523
142102-14;1960;1367;13;1354;547;807
142102-15;1371;971;9;962;441;521
142102-16;2207;1494;9;1485;495;990
142102-17;1558;1163;13;1150;434;716
142102-18;1775;1251;10;1241;517;724
142102-19;2178;1513;8;1505;667;838
142102-20;2285;1405;9;1396;662;734
142102-21;1496;1140;12;1128;436;692
142102-22;1012;806;7;799;343;456
142102-23;2090;1612;16;1596;586;1010
142102-24;2127;1714;9;1705;615;1090
142102-25;1368;1078;12;1066;360;706
142102-26;2389;1759;18;1741;663;1078
142103-1;1599;1252;15;1237;557;680
142103-2;964;721;1;720;330;390
142103-3;799;619;2;617;250;367
142103-4;1469;1174;12;1162;538;624
142103-5;1575;1242;10;1232;513;719
142103-6;1122;927;9;918;390;528
142103-7;1750;1413;11;1402;590;812
142103-8;1027;819;3;816;282;534
142103-9;728;436;7;429;274;155
142103-10;821;595;3;592;335;257
142103-11;1411;1123;12;1111;340;771
142103-12;1908;1590;11;1579;582;997
142103-13;1010;819;4;815;311;504
142103-14;1071;900;8;892;287;605
142103-15;1149;906;6;900;317;583
142103-16;1358;1062;8;1054;391;663
142104-1;1257;1056;9;1047;386;661
142104-2;1376;1141;7;1134;408;726
142104-3;1572;1315;19;1296;455;841
142104-4;1400;1128;13;1115;396;719
142104-5;1017;831;5;826;377;449
142104-6;698;583;2;581;212;369
142104-7;985;879;6;873;209;664
142104-8;907;744;9;735;238;497
142104-9;888;735;8;727;232;495
142104-10;1625;1386;14;1372;471;901
142104-11;1769;1491;16;1475;573;902
142105-1;2175;1714;8;1706;689;1017
142105-2;2063;1688;18;1670;549;1121
142105-3;1565;1192;10;1182;430;752
142105-4;2151;1703;7;1696;624;1072
142105-5;1303;976;7;969;471;498
142105-6;772;629;4;625;297;328
142105-7;1040;844;7;837;391;446
142106-1;975;768;3;765;408;357
142106-2;1902;1534;9;1525;763;762
142106-3;1329;1003;11;992;375;617
142106-4;1133;916;5;911;374;537
142106-5;1544;1103;15;1088;529;559
142106-6;1840;1329;8;1321;737;584
142106-7;1054;765;5;760;411;349
142106-8;1062;763;11;752;315;437
142106-9;1358;1051;11;1040;449;591
142106-10;1259;966;9;957;523;434
142106-11;1110;866;7;859;458;401
142106-12;1583;1188;12;1176;636;540
142106-13;645;500;5;495;226;269
142201-1;983;712;7;705;423;282
142201-2;943;601;3;598;346;252
142201-3;712;466;7;459;287;172
142201-4;1125;749;8;741;360;381
142201-5;1405;880;9;871;511;360
142201-6;1077;756;3;753;449;304
142201-7;952;701;8;693;384;309
142201-8;1178;897;10;887;452;435
142201-9;779;536;3;533;315;218
142201-10;706;487;0;487;300;187
142201-11;1356;873;6;867;502;365
142201-12;1397;973;11;962;564;398
142201-13;121;69;6;63;56;7
142201-14;192;73;0;73;53;20
142201-15;87;64;0;64;60;4
142202-1;1116;739;3;736;472;264
142202-2;1204;743;2;741;510;231
142202-3;462;285;3;282;230;52
142202-4;451;253;0;253;187;66
142202-5;467;283;4;279;218;61
142202-6;404;251;4;247;196;51
142202-7;431;252;0;252;183;69
142202-8;436;271;2;269;201;68
142202-9;685;383;4;379;305;74
142202-10;733;459;5;454;350;104
142202-11;568;314;4;310;248;62
142202-12;435;252;3;249;221;28
142202-13;476;289;0;289;254;35
142203-1;1083;731;3;728;563;165
142203-2;479;331;0;331;297;34
142203-3;835;556;2;554;416;138
142203-4;661;441;4;437;349;88
142204-1;1593;918;12;906;581;325
142204-2;1133;642;8;634;486;148
142204-3;283;152;0;152;127;25
142204-4;196;129;0;129;121;8
142204-5;483;306;5;301;227;74
142204-6;611;378;3;375;313;62
142204-7;410;237;0;237;196;41
142204-8;442;271;0;271;228;43
142204-9;269;199;2;197;153;44
142204-10;154;98;2;96;59;37
142205-1;1605;985;4;981;771;210
142205-2;489;295;0;295;243;52
142205-3;799;498;0;498;403;95
142206-1;1267;908;10;898;758;140
142206-2;185;122;2;120;95;25
142206-3;398;257;2;255;220;35
142206-4;171;111;0;111;89;22
142206-5;190;132;0;132;130;2
142206-6;380;263;0;263;237;26
142206-7;208;141;1;140;118;22
142207-1;403;269;4;265;193;72
142207-2;785;521;2;519;397;122
142207-3;1154;753;2;751;618;133
142207-4;396;237;1;236;170;66
142207-5;643;403;4;399;278;121
142207-6;413;290;4;286;231;55
142207-7;648;423;4;419;337;82
142207-8;374;253;2;251;215;36
142207-9;753;516;9;507;451;56
142301-1;862;610;5;605;452;153
142301-2;458;271;0;271;214;57
142301-3;981;626;5;621;461;160
142301-4;253;163;0;163;121;42
142301-5;1023;754;9;745;532;213
142302-1;1369;914;7;907;724;183
142302-2;690;523;2;521;461;60
142302-3;646;459;3;456;386;70
142302-4;1093;777;8;769;643;126
142303-1;1011;957;11;946;766;180
142303-2;419;391;6;385;325;60
142303-3;440;410;8;402;306;96
142303-4;916;884;13;871;764;107
142304-1;882;664;9;655;520;135
142304-2;571;433;6;427;373;54
142304-3;407;311;2;309;269;40
142304-4;1311;1016;11;1005;906;99
142305-1;1166;792;10;782;615;167
142305-2;1288;893;6;887;791;96
142305-3;300;218;2;216;180;36
142305-4;541;379;3;376;337;39
142306-1;1706;1186;13;1173;759;414
142306-2;2123;1463;21;1442;874;568
142306-3;2139;1451;16;1435;1053;382
142306-4;379;258;5;253;188;65
142306-5;1620;1099;9;1090;836;254
142306-6;755;562;4;558;419;139
142306-7;772;550;3;547;450;97
142306-8;336;212;4;208;187;21
142307-1;934;721;6;715;607;108
142307-2;924;695;9;686;629;57
142307-3;1093;841;4;837;733;104
142307-4;533;406;0;406;357;49
142308-1;1912;1349;14;1335;1063;272
142308-2;1579;1067;15;1052;896;156
142308-3;538;383;3;380;325;55
142308-4;387;261;0;261;219;42
142401-1;927;608;5;603;463;140
142401-2;1073;750;6;744;565;179
142401-3;889;553;4;549;440;109
142401-4;96;55;2;53;28;25
142401-5;69;41;0;41;39;2
142402-1;1226;884;3;881;674;207
142402-2;453;326;4;322;275;47
142402-3;538;399;3;396;329;67
142402-4;706;539;4;535;412;123
142402-5;589;458;2;456;295;161
142402-6;217;171;12;159;100;59
142402-7;290;210;2;208;161;47
142403-1;1011;729;3;726;475;251
142403-2;556;417;7;410;265;145
142403-3;1057;698;11;687;520;167
142403-4;951;643;5;638;497;141
142403-5;549;366;0;366;284;82
142404-1;628;437;1;436;220;216
142404-2;1399;936;4;932;671;261
142404-3;626;440;0;440;293;147
142404-4;788;543;5;538;401;137
142404-5;517;337;0;337;229;108
142404-6;1653;1094;11;1083;622;461
142404-7;699;504;4;500;290;210
142404-8;1387;861;6;855;485;370
142404-9;1198;696;5;691;453;238
142404-10;1443;1079;12;1067;590;477
142404-11;473;360;4;356;194;162
142404-12;1294;821;5;816;455;361
142404-13;750;547;7;540;242;298
142404-14;921;635;4;631;335;296
142404-15;1194;894;6;888;447;441
142404-16;2278;1526;20;1506;786;720
142404-17;1380;903;6;897;471;426
142404-18;86;32;0;32;13;19
142404-19;66;59;0;59;29;30
142405-1;972;692;2;690;429;261
142405-2;866;551;10;541;400;141
142405-3;844;520;5;515;388;127
142405-4;645;394;3;391;254;137
142405-5;528;345;3;342;251;91
142406-1;660;444;6;438;339;99
142406-2;589;435;4;431;325;106
142406-3;907;643;5;638;486;152
142406-4;1085;824;17;807;548;259
142407-1;848;617;4;613;407;206
142407-2;804;575;6;569;390;179
142407-3;295;228;1;227;135;92
142407-4;482;321;0;321;263;58
142407-5;1051;774;6;768;641;127
142407-6;610;435;3;432;347;85
142501-1;878;567;1;566;297;269
142501-2;832;538;4;534;259;275
142501-3;1035;671;5;666;407;259
142501-4;876;609;9;600;332;268
142501-5;931;616;13;603;365;238
142501-6;905;574;5;569;342;227
142501-7;893;562;3;559;330;229
142501-8;910;595;4;591;367;224
142501-9;963;604;4;600;345;255
142501-10;901;504;5;499;307;192
142501-11;1036;687;5;682;402;280
142501-12;931;619;8;611;385;226
142501-13;945;671;7;664;363;301
142501-14;1065;720;8;712;404;308
142501-15;924;629;8;621;333;288
142501-16;27;22;0;22;20;2
142501-17;87;26;1;25;22;3
142502-1;1573;1134;9;1125;927;198
142502-2;638;483;2;481;435;46
142502-3;1151;858;9;849;747;102
142502-4;1186;869;9;860;675;185
142502-5;733;495;3;492;403;89
142502-6;1583;1195;8;1187;930;257
142503-1;1042;647;4;643;352;291
142503-2;1217;801;6;795;491;304
142503-3;782;497;5;492;312;180
142503-4;901;566;4;562;414;148
142503-5;568;353;5;348;281;67
142503-6;498;324;5;319;246;73
142503-7;1421;854;5;849;663;186
142503-8;1410;843;8;835;633;202
142503-9;878;453;1;452;343;109
142503-10;426;296;1;295;233;62
142503-11;776;513;4;509;400;109
142503-12;387;246;1;245;189;56
142503-13;283;175;2;173;142;31
142503-14;364;246;4;242;197;45
142503-15;862;572;3;569;320;249
142503-16;68;17;0;17;12;5
142504-1;541;391;4;387;263;124
142504-2;450;339;7;332;244;88
142504-3;429;307;5;302;239;63
142504-4;572;416;4;412;337;75
142504-5;697;528;5;523;439;84
142504-6;860;613;5;608;496;112
142504-7;652;459;2;457;333;124
142504-8;1326;976;16;960;753;207
142505-1;1681;1202;6;1196;808;388
142505-2;901;691;6;685;585;100
142505-3;989;648;8;640;505;135
142505-4;1288;918;7;911;785;126
142505-5;1772;1218;16;1202;910;292
142505-6;746;535;6;529;467;62
142505-7;754;500;3;497;420;77
142505-8;1977;1369;14;1355;990;365
142505-9;833;599;6;593;413;180
142506-1;1901;1338;13;1325;951;374
142506-2;774;522;2;520;428;92
142506-3;1724;1310;7;1303;901;402
142506-4;1243;874;13;861;521;340
142506-5;1996;1502;20;1482;1118;364
142506-6;429;321;1;320;285;35
142506-7;2074;1516;9;1507;836;671
142507-1;1083;767;9;758;576;182
142507-2;1785;1221;8;1213;923;290
142507-3;1628;1144;12;1132;757;375
142507-4;1338;950;6;944;726;218
142507-5;556;404;1;403;334;69
142507-6;1565;1124;20;1104;810;294
142507-7;1222;832;7;825;581;244
142508-1;1450;907;8;899;694;205
142508-2;444;299;3;296;215;81
142508-3;412;273;1;272;191;81
142508-4;912;554;3;551;415;136
142508-5;2089;1470;18;1452;1100;352
142508-6;526;389;2;387;332;55
142508-7;1382;914;12;902;589;313
142508-8;733;485;3;482;374;108
142508-9;133;115;0;115;47;68
142509-1;1510;1123;9;1114;886;228
142509-2;1110;818;4;814;654;160
142509-3;761;556;6;550;502;48
142509-4;1475;1089;12;1077;957;120
142509-5;843;615;2;613;565;48
142510-1;1959;1420;8;1412;1042;370
142510-2;2015;1515;10;1505;1174;331
142510-3;1841;1360;14;1346;1055;291
142510-4;889;685;2;683;589;94
142510-5;1426;993;7;986;862;124
142510-6;720;464;2;462;418;44
142510-7;756;542;3;539;460;79
142510-8;663;466;5;461;379;82
142510-9;968;726;7;719;541;178
142511-1;1764;1196;15;1181;920;261
142511-2;1531;943;9;934;643;291
142511-3;1180;716;13;703;511;192
142511-4;802;522;5;517;452;65
142511-5;619;402;6;396;314;82
142511-6;835;570;4;566;486;80
142511-7;737;516;6;510;392;118
142512-1;1737;1250;14;1236;942;294
142512-2;1306;947;8;939;726;213
142512-3;1558;1109;7;1102;883;219
142512-4;465;336;0;336;264;72
142512-5;520;355;3;352;260;92
142512-6;1366;941;9;932;798;134
142513-1;1160;874;8;866;726;140
142513-2;1075;774;4;770;656;114
142513-3;1021;793;9;784;674;110
142513-4;1993;1472;22;1450;1075;375
142513-5;860;681;3;678;581;97
142513-6;1786;1336;15;1321;910;411
142513-7;855;662;9;653;445;208
142513-8;1205;903;7;896;671;225
142601-1;612;434;5;429;344;85
142601-2;693;494;4;490;418;72
142601-3;757;555;2;553;510;43
142602-1;532;339;3;336;275;61
142602-2;361;245;1;244;197;47
142602-3;895;570;7;563;361;202
142602-4;548;381;1;380;276;104
142603-1;1879;1293;6;1287;825;462
142603-2;1178;821;11;810;715;95
142603-3;901;634;8;626;444;182
142603-4;898;607;5;602;501;101
142603-5;597;413;3;410;322;88
142603-6;824;544;3;541;366;175
142603-7;421;288;0;288;238;50
142604-1;1316;910;7;903;700;203
142604-2;1321;965;3;962;815;147
142604-3;1381;1014;8;1006;920;86
142605-1;1410;935;10;925;595;330
142605-2;605;437;6;431;360;71
142605-3;661;435;5;430;318;112
142605-4;728;510;4;506;439;67
142605-5;553;416;2;414;376;38
142605-6;686;465;5;460;375;85
142606-1;1170;886;5;881;805;76
142606-2;890;633;10;623;511;112
142607-1;424;281;0;281;233;48
142607-2;376;243;3;240;210;30
142607-3;526;313;2;311;224;87
142607-4;935;665;1;664;583;81
142607-5;397;303;1;302;274;28
142608-1;1147;805;11;794;532;262
142608-2;2202;1548;18;1530;1041;489
142608-3;1989;1395;10;1385;1010;375
142608-4;2103;1494;7;1487;1130;357
142608-5;2112;1490;13;1477;969;508
142608-6;836;634;9;625;454;171
142608-7;2099;1581;18;1563;1076;487
142608-8;1484;1097;6;1091;813;278
142609-1;1184;838;7;831;668;163
142609-2;1134;851;9;842;770;72
142609-3;1105;775;6;769;613;156
142609-4;1307;935;7;928;826;102
142609-5;903;656;5;651;521;130
142609-6;443;316;0;316;274;42
142610-1;1828;1294;7;1287;1043;244
142610-2;572;416;5;411;350;61
142610-3;592;408;2;406;315;91
142610-4;728;486;7;479;389;90
142611-1;895;652;2;650;551;99
142611-2;638;495;6;489;430;59
142611-3;1454;1091;6;1085;856;229
142611-4;855;635;10;625;574;51
142611-5;718;566;2;564;518;46
142612-1;711;499;5;494;402;92
142612-2;704;455;2;453;374;79
142612-3;824;579;5;574;488;86
142612-4;423;280;5;275;260;15
142612-5;503;369;5;364;304;60
142612-6;400;312;2;310;266;44
142613-1;1791;1361;25;1336;1026;310
142613-2;897;634;6;628;552;76
142613-3;894;695;8;687;594;93
142613-4;966;698;5;693;632;61
142613-5;513;378;3;375;333;42
142613-6;990;696;10;686;565;121
142613-7;578;446;4;442;361;81
142613-8;605;455;6;449;391;58
142613-9;542;432;2;430;386;44
142701-1;993;578;7;571;353;218
142701-2;800;532;5;527;317;210
142701-3;1020;671;3;668;400;268
142701-4;922;653;4;649;351;298
142701-5;939;642;4;638;308;330
142701-6;1063;689;6;683;379;304
142701-7;999;654;4;650;322;328
142701-8;774;516;4;512;267;245
142701-9;821;539;3;536;283;253
142701-10;878;576;3;573;318;255
142701-11;842;527;2;525;296;229
142701-12;896;577;4;573;306;267
142701-13;1022;708;12;696;416;280
142701-14;919;601;3;598;343;255
142701-15;952;683;2;681;362;319
142701-16;105;30;0;30;24;6
142702-1;251;156;2;154;137;17
142702-2;651;391;3;388;317;71
142702-3;576;371;8;363;250;113
142702-4;864;557;10;547;312;235
142702-5;850;531;2;529;394;135
142702-6;757;448;4;444;346;98
142702-7;684;416;3;413;322;91
142702-8;42;12;0;12;8;4
142703-1;727;471;3;468;357;111
142703-2;645;386;5;381;318;63
142703-3;841;539;5;534;402;132
142703-4;720;413;2;411;297;114
142703-5;917;539;2;537;409;128
142703-6;942;534;2;532;420;112
142704-1;681;486;6;480;366;114
142704-2;712;415;4;411;338;73
142704-3;714;505;7;498;406;92
142704-4;605;396;2;394;326;68
142704-5;580;400;3;397;337;60
142705-1;1104;691;7;684;480;204
142705-2;1308;804;7;797;567;230
142705-3;1061;662;2;660;468;192
142705-4;606;384;2;382;304;78
142705-5;710;436;1;435;309;126
142705-6;553;353;0;353;247;106
142706-1;743;440;2;438;351;87
142706-2;969;585;4;581;431;150
142706-3;658;485;4;481;238;243
142706-4;735;479;0;479;332;147
142706-5;445;276;1;275;246;29
142706-6;67;50;0;50;42;8
142707-1;1012;712;5;707;506;201
142707-2;1045;685;9;676;546;130
142707-3;1392;879;11;868;678;190
142707-4;686;466;3;463;335;128
142707-5;1094;716;5;711;544;167
142801-1;1404;980;7;973;555;418
142801-2;1373;911;8;903;467;436
142801-3;1071;749;4;745;361;384
142801-4;1080;743;7;736;353;383
142801-5;1219;862;4;858;421;437
142801-6;1490;1090;8;1082;572;510
142801-7;1450;1045;10;1035;535;500
142801-8;1283;889;12;877;406;471
142801-9;1189;832;12;820;401;419
142801-10;1291;949;4;945;464;481
142801-11;1275;874;3;871;406;465
142801-12;1165;761;7;754;399;355
142801-13;1275;935;6;929;352;577
142801-14;1321;1006;10;996;439;557
142801-15;1301;915;6;909;439;470
142801-16;1318;975;9;966;428;538
142801-17;1237;863;9;854;466;388
142801-18;1303;879;6;873;457;416
142801-19;1159;752;4;748;386;362
142801-20;1352;906;5;901;480;421
142801-21;1227;779;2;777;473;304
142801-22;51;26;1;25;16;9
142801-23;35;35;0;35;35;0
142802-1;654;449;4;445;290;155
142802-2;881;577;7;570;411;159
142802-3;1115;754;6;748;497;251
142802-4;994;705;6;699;521;178
142803-1;965;665;5;660;533;127
142803-2;1237;876;8;868;571;297
142803-3;674;446;4;442;358;84
142803-4;775;542;1;541;361;180
142803-5;594;389;1;388;333;55
142803-6;690;500;10;490;370;120
142804-1;976;656;7;649;487;162
142804-2;1051;735;11;724;513;211
142804-3;1119;752;10;742;601;141
142804-4;622;387;4;383;290;93
142804-5;582;368;3;365;243;122
142804-6;91;64;2;62;49;13
142805-1;919;625;10;615;475;140
142805-2;1251;954;8;946;526;420
142805-3;978;647;7;640;451;189
142805-4;1149;757;14;743;490;253
142805-5;858;589;6;583;461;122
142806-1;735;507;3;504;397;107
142806-2;701;508;6;502;377;125
142806-3;751;530;8;522;395;127
142806-4;524;331;2;329;240;89
142807-1;442;308;7;301;205;96
142807-2;1213;817;8;809;506;303
142807-3;958;632;9;623;405;218
142807-4;1092;770;11;759;460;299
142807-5;1296;873;8;865;511;354
142807-6;1148;803;6;797;445;352
142807-7;575;374;5;369;254;115
142807-8;1610;1177;11;1166;670;496
142808-1;1086;801;3;798;398;400
142808-2;1169;865;4;861;472;389
142808-3;1114;842;11;831;476;355
142808-4;876;530;5;525;347;178
142808-5;1095;751;3;748;507;241
142808-6;1316;976;11;965;593;372
142808-7;1103;765;7;758;477;281
142808-8;1200;827;6;821;524;297
142901-1;1858;1220;12;1208;804;404
142901-2;2141;1537;16;1521;962;559
142901-3;2112;1505;9;1496;916;580
142901-4;1679;1161;11;1150;670;480
142901-5;2199;1590;21;1569;865;704
142901-6;1705;1210;8;1202;708;494
142901-7;1067;759;4;755;469;286
142901-8;1897;1335;12;1323;806;517
142901-9;166;36;1;35;29;6
142902-1;1270;1049;10;1039;904;135
142902-2;640;550;5;545;475;70
142902-3;981;818;13;805;703;102
142903-1;855;585;1;584;450;134
142903-2;523;379;8;371;335;36
142903-3;495;339;2;337;280;57
142904-1;433;340;4;336;297;39
142904-2;476;333;1;332;275;57
142904-3;711;485;4;481;395;86
142904-4;727;503;3;500;405;95
142904-5;1439;1027;13;1014;758;256
142905-1;1247;859;12;847;596;251
142905-2;1007;709;3;706;488;218
142905-3;786;526;5;521;444;77
142905-4;458;295;0;295;240;55
142905-5;636;483;5;478;441;37
142905-6;536;355;0;355;308;47
142905-7;300;216;0;216;197;19
142906-1;1335;956;17;939;752;187
142906-2;500;336;7;329;231;98
142906-3;1183;803;5;798;601;197
142906-4;692;551;3;548;495;53
142906-5;512;392;2;390;338;52
142906-6;50;37;0;37;26;11
142907-1;396;294;0;294;223;71
142907-2;1097;741;3;738;549;189
142907-3;1071;687;3;684;526;158
142907-4;440;324;4;320;258;62
142908-1;1056;728;10;718;529;189
142908-2;398;260;3;257;214;43
142908-3;725;497;7;490;350;140
142908-4;701;506;3;503;445;58
142908-5;762;537;3;534;378;156
142908-6;552;403;2;401;325;76
142908-7;629;431;3;428;344;84
142909-1;809;575;4;571;381;190
142909-2;598;397;0;397;302;95
142909-3;730;534;5;529;439;90
142909-4;580;418;3;415;301;114
142909-5;604;447;0;447;354;93
143001-1;1420;816;11;805;521;284
143001-2;504;321;3;318;261;57
143001-3;648;411;5;406;323;83
143001-4;666;446;2;444;398;46
143001-5;643;407;8;399;292;107
143001-6;531;321;2;319;284;35
143001-7;624;414;4;410;350;60
143002-1;2230;1544;18;1526;1209;317
143002-2;957;619;5;614;486;128
143002-3;905;581;7;574;456;118
143003-1;1265;823;10;813;723;90
143003-2;564;397;3;394;341;53
143003-3;1181;756;8;748;648;100
143004-1;2261;1605;19;1586;1192;394
143004-2;566;367;3;364;279;85
143004-3;562;393;4;389;343;46
143004-4;367;282;3;279;203;76
143004-5;838;598;9;589;517;72
143004-6;48;41;1;40;37;3
143005-1;1778;1177;13;1164;706;458
143005-2;1718;1082;13;1069;747;322
143005-3;1708;1140;16;1124;765;359
143005-4;1623;1102;9;1093;637;456
143005-5;1473;960;7;953;665;288
143005-6;1604;1044;7;1037;718;319
143005-7;720;472;6;466;330;136
143005-8;780;550;9;541;457;84
143005-9;713;455;6;449;322;127
143005-10;1004;617;3;614;519;95
143005-11;1380;941;7;934;761;173
143201-1;1684;1266;7;1259;558;701
143201-2;1392;978;9;969;457;512
143201-3;1521;1053;7;1046;548;498
143201-4;1423;1062;11;1051;462;589
143201-5;1289;982;11;971;455;516
143201-6;1142;844;9;835;368;467
143201-7;1235;930;6;924;407;517
143201-8;1534;1115;17;1098;586;512
143201-9;1340;987;5;982;465;517
143201-10;1273;865;7;858;490;368
143201-11;1241;842;11;831;488;343
143201-12;1080;790;0;790;438;352
143202-1;2163;1578;11;1567;825;742
143202-2;979;736;12;724;301;423
143202-3;1421;1143;8;1135;426;709
143202-4;2132;1787;17;1770;685;1085
143202-5;1691;1280;11;1269;719;550
143203-1;2092;1547;14;1533;839;694
143203-2;1513;1113;9;1104;740;364
143204-1;1523;1039;10;1029;551;478
143204-2;1568;1099;5;1094;554;540
143204-3;434;312;0;312;176;136
143204-4;1882;1284;6;1278;574;704
143204-5;1001;719;5;714;325;389
143204-6;1848;1302;8;1294;623;671
143205-1;1127;860;3;857;363;494
143205-2;2134;1724;16;1708;623;1085
143205-3;1734;1391;6;1385;453;932
143205-4;2056;1615;17;1598;660;938
143205-5;1455;1216;10;1206;413;793
143205-6;1816;1487;12;1475;520;955
143205-7;1225;940;12;928;485;443
143205-8;1651;1300;7;1293;585;708
143205-9;1653;1417;21;1396;336;1060
143205-10;1410;1168;8;1160;413;747
143205-11;1868;1464;13;1451;562;889
143205-12;1359;976;18;958;440;518
143205-13;780;523;5;518;230;288
143206-1;903;731;4;727;264;463
143206-2;616;450;3;447;247;200
143206-3;756;543;3;540;256;284
143206-4;1053;864;7;857;288;569
143206-5;1219;1024;10;1014;371;643
143206-6;759;539;5;534;280;254
143206-7;499;382;5;377;146;231
143206-8;1097;809;4;805;371;434
143206-9;963;757;11;746;374;372
143206-10;931;653;8;645;374;271
143206-11;1160;972;11;961;364;597
143206-12;784;566;7;559;299;260
143206-13;1092;843;7;836;359;477
143206-14;946;690;6;684;357;327
143206-15;1603;1178;9;1169;502;667
143206-16;991;721;9;712;380;332
143206-17;678;456;2;454;287;167
143206-18;504;356;5;351;202;149
143206-19;372;221;6;215;137;78
143206-20;866;681;1;680;329;351
143206-21;1228;863;7;856;449;407
143207-1;1669;1363;11;1352;556;796
143207-2;1966;1582;14;1568;586;982
143207-3;2330;1931;16;1915;622;1293
143207-4;1862;1530;20;1510;636;874
143207-5;1271;969;7;962;362;600
143207-6;1841;1490;17;1473;671;802
143207-7;1540;1147;16;1131;626;505
143207-8;1682;1229;17;1212;640;572
143301-1;1782;1201;15;1186;631;555
143301-2;1461;1041;8;1033;514;519
143301-3;2404;1654;14;1640;920;720
143301-4;2145;1499;20;1479;826;653
143301-5;2221;1517;14;1503;838;665
143301-6;46;22;0;22;17;5
143302-1;1352;932;7;925;636;289
143302-2;1190;821;6;815;650;165
143302-3;1100;728;5;723;632;91
143303-1;1800;1288;11;1277;1014;263
143303-2;693;474;5;469;380;89
143303-3;671;427;2;425;365;60
143303-4;1243;924;4;920;786;134
143303-5;582;346;10;336;249;87
143304-1;1475;1070;11;1059;847;212
143304-2;582;423;5;418;324;94
143304-3;1313;828;10;818;547;271
143304-4;1351;954;5;949;572;377
143304-5;865;594;2;592;557;35
143304-6;456;331;7;324;202;122
143305-1;1030;727;5;722;588;134
143305-2;1199;851;10;841;682;159
143305-3;455;312;5;307;272;35
143305-4;1272;937;5;932;645;287
143305-5;577;407;3;404;356;48
143305-6;856;613;3;610;433;177
143305-7;1389;1010;5;1005;670;335
143305-8;805;512;4;508;325;183
143305-9;1010;649;4;645;440;205
143305-10;674;488;4;484;270;214
143305-11;948;639;6;633;431;202
143305-12;1254;919;7;912;675;237
143305-13;922;628;5;623;377;246
143305-14;756;570;2;568;339;229
143305-15;1065;786;12;774;446;328
143305-16;29;21;0;21;17;4
143306-1;998;705;6;699;462;237
143306-2;445;344;2;342;308;34
143306-3;599;414;4;410;335;75
143306-4;595;453;6;447;347;100
143306-5;579;392;4;388;304;84
143307-1;1089;811;5;806;526;280
143307-2;1120;786;6;780;551;229
143307-3;784;535;4;531;421;110
143307-4;701;484;3;481;397;84
143307-5;696;537;6;531;440;91
143307-6;492;319;2;317;271;46
143308-1;790;543;4;539;418;121
143308-2;661;457;2;455;362;93
143308-3;1196;779;2;777;581;196
143308-4;1090;780;4;776;542;234
143308-5;412;292;1;291;216;75
143308-6;21;20;3;17;15;2
143309-1;561;432;8;424;320;104
143309-2;544;435;3;432;364;68
143309-3;599;398;2;396;283;113
143309-4;572;393;4;389;344;45
143401-1;1261;926;4;922;460;462
143401-2;1846;1376;21;1355;723;632
143401-3;1306;1051;10;1041;426;615
143401-4;1243;957;4;953;435;518
143401-5;1367;1058;12;1046;539;507
143401-6;742;549;4;545;315;230
143401-7;796;609;2;607;367;240
143401-8;811;640;5;635;392;243
143401-9;1553;1189;13;1176;640;536
143401-10;1297;996;12;984;522;462
143401-11;1800;1342;17;1325;737;588
143401-12;1044;810;8;802;358;444
143401-13;886;687;3;684;361;323
143401-14;836;622;6;616;322;294
143401-15;894;670;10;660;314;346
143402-1;1931;1410;11;1399;550;849
143402-2;1970;1462;13;1449;790;659
143402-3;1300;941;14;927;506;421
143402-4;2057;1579;15;1564;763;801
143402-5;1770;1240;12;1228;564;664
143402-6;1680;1174;13;1161;602;559
143402-7;2527;1895;7;1888;911;977
143402-8;1727;1287;8;1279;547;732
143402-9;1719;1330;9;1321;592;729
143402-10;2120;1553;12;1541;715;826
143402-11;1174;858;7;851;423;428
143402-12;1729;1295;5;1290;701;589
143402-13;1704;1184;15;1169;435;734
143402-14;1860;1358;16;1342;630;712
143403-1;1918;1461;11;1450;676;774
143403-2;2200;1646;14;1632;842;790
143403-3;1510;1141;9;1132;588;544
143403-4;2280;1730;19;1711;959;752
143403-5;2001;1455;16;1439;835;604
143403-6;1315;963;6;957;438;519
143403-7;2145;1601;18;1583;781;802
143403-8;1351;980;13;967;391;576
143403-9;1634;1199;17;1182;523;659
143403-10;1442;1067;16;1051;409;642
143403-11;1091;851;9;842;270;572
143403-12;2230;1681;16;1665;730;935
143403-13;1976;1481;16;1465;543;922
143403-14;2419;1834;15;1819;626;1193
143404-1;1030;797;3;794;270;524
143404-2;914;716;8;708;282;426
143404-3;1742;1378;25;1353;699;654
143404-4;726;559;9;550;308;242
143404-5;812;624;10;614;360;254
143404-6;790;637;6;631;308;323
143404-7;1252;1022;11;1011;451;560
143404-8;1755;1334;9;1325;650;675
143404-9;1558;1131;10;1121;517;604
143404-10;648;514;4;510;247;263
143404-11;1948;1437;18;1419;779;640
143404-12;64;37;0;37;27;10
143405-1;1247;995;9;986;746;240
143405-2;855;666;8;658;513;145
143405-3;1352;1054;11;1043;726;317
143405-4;507;406;2;404;250;154
143405-5;838;617;9;608;497;111
143405-6;298;227;2;225;188;37
143405-7;1341;1054;6;1048;838;210
143406-1;791;502;0;502;287;215
143406-2;740;466;8;458;363;95
143406-3;718;480;4;476;342;134
143406-4;483;337;2;335;199;136
143406-5;1085;763;10;753;441;312
143406-6;810;564;6;558;319;239
143406-7;453;277;2;275;211;64
143406-8;532;367;9;358;236;122
143406-9;448;319;3;316;236;80
143406-10;440;277;5;272;206;66
143407-1;1261;930;7;923;629;294
143407-2;1474;1123;17;1106;660;446
143407-3;1101;781;9;772;586;186
143407-4;1664;1233;17;1216;786;430
143407-5;503;383;4;379;279;100
143407-6;1169;893;7;886;690;196
143407-7;466;362;4;358;282;76
143407-8;109;56;1;55;43;12
143408-1;585;369;4;365;325;40
143408-2;1342;930;9;921;741;180
143408-3;640;507;4;503;404;99
143408-4;395;290;4;286;250;36
143408-5;801;595;8;587;445;142
143408-6;1091;805;10;795;625;170
143409-1;1577;1125;5;1120;620;500
143409-2;1844;1319;15;1304;665;639
143409-3;2041;1592;8;1584;850;734
143409-4;2157;1612;18;1594;747;847
143409-5;1746;1297;9;1288;719;569
143409-6;2487;1816;22;1794;1343;451
143409-7;1081;779;9;770;503;267
143409-8;2184;1756;12;1744;1081;663
143409-9;1750;1341;12;1329;781;548
143409-10;1833;1338;13;1325;811;514
143409-11;1365;1106;9;1097;784;313
143409-12;86;73;0;73;68;5
143409-13;12;5;0;5;5;0
143410-1;373;250;0;250;206;44
143410-2;646;429;6;423;339;84
143410-3;358;229;4;225;141;84
143410-4;514;369;3;366;258;108
143410-5;416;268;3;265;207;58
143411-1;1322;962;6;956;546;410
143411-2;624;416;2;414;260;154
143411-3;1154;893;9;884;545;339
143411-4;1297;1002;12;990;632;358
143411-5;930;696;12;684;415;269
143411-6;871;611;7;604;369;235
143411-7;1260;899;4;895;650;245
143411-8;1393;971;7;964;683;281
143411-9;976;662;6;656;570;86
143411-10;810;570;4;566;462;104
143411-11;745;567;11;556;408;148
143411-12;861;608;9;599;447;152
143411-13;817;560;5;555;388;167
143411-14;929;686;8;678;498;180
143411-15;1413;935;6;929;639;290
143412-1;1172;909;7;902;535;367
143412-2;967;698;5;693;463;230
143412-3;987;740;6;734;480;254
143412-4;2934;2243;21;2222;1488;734
143412-5;582;434;2;432;307;125
143412-6;1034;777;10;767;518;249
143412-7;1143;807;12;795;502;293
143412-8;531;384;2;382;214;168
143412-9;1081;785;5;780;487;293
143412-10;846;643;8;635;395;240
143412-11;1654;1251;7;1244;654;590
143412-12;1468;1071;10;1061;536;525
143412-13;1652;1272;18;1254;659;595
143412-14;2185;1639;14;1625;944;681
143412-15;942;686;9;677;318;359
143412-16;893;624;10;614;335;279
143412-17;939;574;8;566;306;260
143412-18;1187;884;5;879;438;441
143412-19;1629;1204;12;1192;617;575
143412-20;2258;1600;13;1587;828;759
143412-21;1605;1153;8;1145;596;549
143412-22;1772;1325;13;1312;708;604
143412-23;1968;1522;13;1509;788;721
143412-24;1420;1058;13;1045;550;495
143412-25;1621;1110;7;1103;626;477
143412-26;1148;803;4;799;455;344
143412-27;1205;972;11;961;490;471
143412-28;2019;1489;8;1481;747;734
143412-29;93;36;0;36;23;13
143501-1;1629;1185;6;1179;780;399
143501-2;602;391;3;388;287;101
143501-3;906;637;4;633;507;126
143501-4;595;402;4;398;329;69
143501-5;1226;790;7;783;577;206
143501-6;1337;986;8;978;693;285
143501-7;371;228;0;228;181;47
143501-8;157;82;1;81;76;5
143501-9;54;50;1;49;48;1
143502-1;2079;1464;16;1448;932;516
143502-2;938;632;7;625;529;96
143502-3;1019;720;7;713;483;230
143502-4;448;258;7;251;228;23
143502-5;796;543;2;541;452;89
143502-6;954;635;2;633;508;125
143503-1;1348;1002;6;996;774;222
143503-2;628;500;7;493;418;75
143503-3;502;337;2;335;258;77
143503-4;584;425;7;418;341;77
143503-5;697;512;4;508;369;139
143503-6;714;546;1;545;425;120
143503-7;423;313;3;310;240;70
143503-8;397;297;6;291;239;52
143503-9;328;198;0;198;177;21
143504-1;1201;866;7;859;641;218
143504-2;277;212;2;210;159;51
143504-3;1192;925;3;922;461;461
143504-4;635;468;0;468;416;52
143504-5;499;335;3;332;281;51
143504-6;949;667;7;660;522;138
143504-7;113;113;1;112;41;71
143505-1;850;606;14;592;307;285
143505-2;1658;1146;16;1130;669;461
143505-3;1526;1151;9;1142;702;440
143505-4;1337;963;12;951;547;404
143505-5;1450;909;11;898;556;342
143505-6;1338;964;12;952;520;432
143505-7;1362;980;11;969;655;314
143505-8;1785;1192;8;1184;712;472
143505-9;1370;911;14;897;498;399
143505-10;1455;998;10;988;549;439
143505-11;1245;791;4;787;468;319
143505-12;1381;1007;7;1000;584;416
143505-13;1228;935;13;922;551;371
143505-14;1357;972;11;961;518;443
143505-15;1255;885;2;883;478;405
143505-16;1022;818;4;814;386;428
143505-17;596;383;5;378;234;144
143505-18;1112;725;12;713;530;183
143505-19;680;455;6;449;317;132
143505-20;542;379;3;376;296;80
143505-21;1074;771;8;763;394;369
143505-22;523;410;4;406;260;146
143505-23;1134;770;5;765;578;187
143505-24;1078;748;5;743;620;123
143505-25;498;353;0;353;272;81
143505-26;430;305;0;305;275;30
143505-27;1346;907;7;900;603;297
143505-28;138;16;0;16;9;7
143506-1;1222;908;9;899;674;225
143506-2;1115;871;5;866;632;234
143506-3;890;640;6;634;486;148
143506-4;696;507;2;505;314;191
143506-5;816;525;7;518;402;116
143601-1;1267;903;6;897;639;258
143601-2;804;550;4;546;451;95
143601-3;580;432;3;429;376;53
143601-4;342;233;2;231;182;49
143601-5;419;278;6;272;245;27
143601-6;248;163;3;160;134;26
143602-1;1782;1110;13;1097;829;268
143602-2;1170;783;10;773;565;208
143602-3;592;402;6;396;292;104
143602-4;496;333;2;331;264;67
143602-5;598;415;2;413;342;71
143603-1;553;327;1;326;251;75
143603-2;977;615;6;609;500;109
143603-3;729;484;3;481;383;98
143603-4;805;538;1;537;448;89
143603-5;700;485;8;477;380;97
143603-6;900;594;3;591;491;100
143603-7;261;161;0;161;132;29
143604-1;1582;1132;8;1124;990;134
143604-2;737;512;3;509;399;110
143604-3;400;276;0;276;219;57
143604-4;585;417;6;411;349;62
143604-5;489;315;4;311;259;52
143605-1;1747;1180;9;1171;735;436
143605-2;2422;1664;10;1654;1045;609
143605-3;1426;958;10;948;576;372
143605-4;1676;1196;18;1178;739;439
143605-5;452;312;4;308;239;69
143605-6;632;423;6;417;343;74
143605-7;301;209;2;207;171;36
143605-8;569;381;2;379;303;76
143605-9;785;543;4;539;460;79
143605-10;595;395;4;391;313;78
143605-11;388;290;3;287;238;49
143605-12;527;343;1;342;253;89
143605-13;352;245;1;244;200;44
143605-14;49;11;0;11;10;1
143701-1;1398;895;4;891;544;347
143701-2;1570;1078;7;1071;809;262
143701-3;951;629;2;627;536;91
143702-1;996;632;8;624;383;241
143702-2;1297;855;6;849;503;346
143702-3;899;560;3;557;403;154
143702-4;531;362;4;358;291;67
143703-1;1411;1012;8;1004;614;390
143703-2;786;490;1;489;367;122
143703-3;1359;850;12;838;556;282
143703-4;1816;1149;8;1141;869;272
143703-5;49;26;4;22;13;9
143704-1;1256;818;2;816;634;182
143704-2;758;460;5;455;349;106
143704-3;856;508;5;503;375;128
143704-4;609;420;2;418;342;76
143705-1;991;618;10;608;540;68
143705-2;1083;726;2;724;547;177
143705-3;759;501;5;496;410;86
143706-1;2345;1686;10;1676;782;894
143706-2;1428;913;3;910;519;391
143706-3;1487;971;8;963;483;480
143706-4;1616;1134;7;1127;484;643
143706-5;1049;653;3;650;489;161
143706-6;862;546;6;540;332;208
143706-7;969;646;5;641;500;141
143706-8;756;507;1;506;359;147
143706-9;678;440;4;436;299;137
143706-10;153;56;0;56;48;8
143801-1;1590;1218;13;1205;551;654
143801-2;1380;959;11;948;458;490
143801-3;1148;795;5;790;406;384
143801-4;1003;748;10;738;348;390
143801-5;1223;944;7;937;466;471
143801-6;974;638;4;634;291;343
143801-7;1775;1329;8;1321;659;662
143801-8;1607;1090;6;1084;529;555
143801-9;1637;1020;10;1010;517;493
143801-10;1360;818;3;815;455;360
143801-11;1882;1360;10;1350;619;731
143801-12;1497;1122;10;1112;522;590
143801-13;1251;920;0;920;416;504
143801-14;1541;1158;14;1144;512;632
143801-15;1384;1038;11;1027;404;623
143801-16;1247;951;4;947;436;511
143801-17;1167;730;7;723;401;322
143801-18;1595;1189;10;1179;538;641
143801-19;1292;929;7;922;480;442
143801-20;1110;865;11;854;406;448
143801-21;1207;938;21;917;487;430
143801-22;201;72;1;71;47;24
143801-23;51;34;0;34;32;2
143801-24;50;45;2;43;41;2
143802-1;520;383;4;379;224;155
143802-2;594;455;6;449;292;157
143802-3;735;504;5;499;320;179
143802-4;898;626;1;625;376;249
143802-5;549;409;5;404;217;187
143802-6;513;374;6;368;227;141
143802-7;448;327;0;327;202;125
143802-8;606;427;2;425;247;178
143802-9;728;473;3;470;281;189
143802-10;717;462;4;458;268;190
143802-11;596;415;1;414;306;108
143802-12;616;434;2;432;354;78
143802-13;712;503;2;501;339;162
143802-14;727;469;7;462;326;136
143803-1;1591;1101;8;1093;602;491
143803-2;773;486;3;483;345;138
143803-3;381;252;2;250;172;78
143803-4;307;203;1;202;110;92
143803-5;451;290;1;289;189;100
143803-6;1008;724;10;714;441;273
143803-7;1486;1065;14;1051;661;390
143803-8;789;582;5;577;367;210
143803-9;108;23;0;23;14;9
143804-1;1374;1054;9;1045;489;556
143804-2;898;668;2;666;381;285
143804-3;957;703;4;699;343;356
143804-4;600;442;7;435;284;151
143804-5;783;613;5;608;361;247
143804-6;57;45;2;43;37;6
143805-1;404;315;3;312;217;95
143805-2;491;354;5;349;224;125
143805-3;1040;721;11;710;452;258
143805-4;902;577;5;572;391;181
143805-5;1373;899;9;890;692;198
143805-6;1152;767;5;762;587;175
143805-7;522;288;6;282;194;88
143805-8;906;644;7;637;344;293
143805-9;1092;756;7;749;472;277
146101-1;2058;1266;8;1258;816;442
146101-2;956;669;8;661;362;299
146101-3;1702;1167;5;1162;621;541
146101-4;1787;1190;8;1182;698;484
146101-5;1592;1005;4;1001;630;371
146101-6;1645;933;9;924;600;324
146101-7;1561;1007;5;1002;660;342
146101-8;1592;1030;7;1023;617;406
146101-9;1195;757;9;748;419;329
146101-10;1701;1004;3;1001;653;348
146101-11;1353;857;6;851;509;342
146101-12;695;407;7;400;212;188
146101-13;1530;1035;8;1027;555;472
146101-14;1723;1200;3;1197;694;503
146101-15;1755;1203;13;1190;635;555
146101-16;1952;1419;9;1410;736;674
146101-17;1737;1202;15;1187;665;522
146101-18;2041;1442;12;1430;737;693
146101-19;2127;1529;21;1508;851;657
146101-20;1885;1240;13;1227;716;511
146101-21;1839;1241;15;1226;831;395
146101-22;1323;941;7;934;598;336
146101-23;1165;836;2;834;412;422
146101-24;604;433;5;428;251;177
146101-25;1277;894;6;888;481;407
146101-26;171;114;3;111;80;31
146101-27;13;13;0;13;11;2
146101-28;309;124;1;123;92;31
146101-29;19;8;0;8;7;1
146201-1;1352;1037;7;1030;404;626
146201-2;757;467;6;461;271;190
146201-3;1191;757;4;753;387;366
146201-4;1941;1244;9;1235;673;562
146201-5;1080;729;7;722;349;373
146201-6;1238;731;5;726;377;349
146201-7;1319;750;7;743;415;328
146201-8;1544;940;5;935;499;436
146201-9;1049;540;2;538;271;267
146201-10;634;418;2;416;201;215
146201-11;1089;624;5;619;370;249
146201-12;930;612;5;607;298;309
146201-13;1429;1027;7;1020;498;522
146201-14;1516;1068;4;1064;532;532
146201-15;1407;960;8;952;452;500
146201-16;1344;950;9;941;482;459
146201-17;1451;1018;5;1013;442;571
146201-18;1107;780;3;777;410;367
146201-19;472;293;5;288;149;139
146201-20;1045;693;4;689;318;371
146201-21;1060;707;4;703;352;351
146201-22;1576;1041;10;1031;502;529
146201-23;242;172;0;172;112;60
146201-24;926;548;7;541;274;267
146201-25;1005;600;5;595;272;323
146201-26;479;242;3;239;120;119
146201-27;1031;761;5;756;334;422
146201-28;1303;813;9;804;364;440
146201-29;1125;681;2;679;335;344
146201-30;1743;1164;13;1151;568;583
146201-31;742;494;2;492;241;251
146201-32;1119;743;7;736;333;403
146201-33;1788;1229;7;1222;600;622
146201-34;1146;822;4;818;407;411
146201-35;1727;1231;6;1225;553;672
146201-36;986;688;8;680;341;339
146201-37;1038;726;6;720;370;350
146201-38;1483;1089;11;1078;546;532
146201-39;1337;937;4;933;497;436
146201-40;2010;1393;11;1382;602;780
146201-41;1339;949;15;934;443;491
146201-42;1569;1119;5;1114;567;547
146201-43;2072;1551;18;1533;737;796
146201-44;1617;1175;10;1165;492;673
146201-45;1194;911;6;905;404;501
146201-46;1086;758;11;747;346;401
146201-47;931;668;8;660;326;334
146201-48;1012;668;6;662;316;346
146201-49;1351;949;11;938;453;485
146201-50;1874;1354;11;1343;515;828
146201-51;1882;1370;11;1359;576;783
146201-52;1995;1528;18;1510;490;1020
146201-53;1745;1387;14;1373;502;871
146201-54;1727;1234;5;1229;569;660
146201-55;2324;1805;9;1796;811;985
146201-56;2036;1331;6;1325;560;765
146201-57;2075;1612;11;1601;734;867
146201-58;1646;1154;7;1147;622;525
146201-59;1344;996;8;988;445;543
146201-60;1611;1121;9;1112;683;429
146201-61;1477;1029;7;1022;679;343
146201-62;1331;950;7;943;541;402
146201-63;1056;784;5;779;440;339
146201-64;966;686;5;681;380;301
146201-65;1897;1402;19;1383;664;719
146201-66;1355;1053;13;1040;407;633
146201-67;1311;777;7;770;469;301
146201-68;156;95;2;93;61;32
146201-69;297;139;0;139;85;54
146201-70;573;391;4;387;90;297
146301-1;815;483;5;478;263;215
146301-2;881;541;5;536;264;272
146301-3;1054;677;7;670;350;320
146301-4;978;631;2;629;315;314
146301-5;958;604;4;600;317;283
146301-6;965;651;5;646;361;285
146301-7;652;412;0;412;218;194
146301-8;666;411;2;409;203;206
146301-9;587;377;2;375;200;175
146301-10;1682;1068;8;1060;548;512
146301-11;748;524;4;520;248;272
146301-12;493;292;2;290;143;147
146301-13;1454;955;9;946;455;491
146301-14;1955;1346;13;1333;604;729
146301-15;1027;690;4;686;359;327
146301-16;1621;1082;10;1072;538;534
146301-17;968;647;8;639;339;300
146301-18;1649;1051;10;1041;608;433
146301-19;1292;831;5;826;476;350
146301-20;880;514;6;508;289;219
146301-21;938;585;9;576;304;272
146301-22;737;442;1;441;228;213
146301-23;1536;1063;13;1050;557;493
146301-24;1587;1177;11;1166;540;626
146301-25;1576;1084;7;1077;558;519
146301-26;1522;996;3;993;554;439
146301-27;1273;799;6;793;406;387
146301-28;1885;1377;13;1364;640;724
146301-29;1530;1120;8;1112;703;409
146301-30;1853;1381;9;1372;676;696
146301-31;1694;1230;9;1221;679;542
146301-32;1213;872;14;858;501;357
146301-33;1886;1309;11;1298;663;635
146301-34;1271;853;6;847;492;355
146301-35;1175;717;7;710;414;296
146301-36;1889;1262;14;1248;662;586
146301-37;159;78;2;76;68;8
146301-38;2135;1525;6;1519;829;690
146301-39;1342;952;8;944;801;143
146301-40;1606;1160;10;1150;580;570
146301-41;1326;939;10;929;519;410
146301-42;1394;902;9;893;537;356
146301-43;1761;1250;14;1236;762;474
146301-44;1163;754;4;750;405;345
146301-45;902;609;5;604;304;300
146301-46;1793;1222;9;1213;710;503
146301-47;1922;1338;21;1317;884;433
146301-48;2286;1711;17;1694;947;747
146301-49;1975;1388;20;1368;879;489
146301-50;2051;1486;12;1474;1018;456
146301-51;1312;934;10;924;448;476
146301-52;870;580;4;576;296;280
146301-53;1479;1058;0;1058;519;539
146301-54;1159;848;0;848;415;433
146301-55;1490;1031;4;1027;496;531
146301-56;1371;1017;5;1012;544;468
146301-57;1203;875;4;871;469;402
146301-58;1594;1119;13;1106;622;484
146301-59;982;715;13;702;329;373
146301-60;1608;1094;16;1078;583;495
146301-61;1961;1423;14;1409;981;428
146301-62;1738;1218;8;1210;688;522
146301-63;2092;1391;10;1381;824;557
146301-64;2141;1536;7;1529;901;628
146301-65;1502;1044;14;1030;577;453
146301-66;1580;1180;7;1173;654;519
146301-67;1885;1316;4;1312;749;563
146301-68;1737;1231;12;1219;672;547
146301-69;1942;1377;9;1368;718;650
146301-70;1726;1238;13;1225;729;496
146301-71;1545;1031;4;1027;604;423
146301-72;1070;753;13;740;480;260
146301-73;1339;966;7;959;499;460
146301-74;1123;795;7;788;367;421
146301-75;1100;720;4;716;361;355
146301-76;1111;691;2;689;383;306
146301-77;1280;762;11;751;447;304
146301-78;1534;945;9;936;601;335
146301-79;1736;1179;14;1165;689;476
146301-80;1404;998;11;987;495;492
146301-81;1184;896;11;885;432;453
146301-82;835;631;0;631;304;327
146301-83;2016;1478;15;1463;762;701
146301-84;1857;1314;7;1307;696;611
146301-85;1408;1020;10;1010;653;357
146301-86;1165;779;5;774;496;278
146301-87;1231;880;2;878;552;326
146301-88;1240;820;6;814;492;322
146301-89;1202;898;5;893;456;437
146301-90;1814;1365;12;1353;743;610
146301-91;1808;1302;21;1281;755;526
146301-92;1239;839;13;826;535;291
146301-93;1141;770;8;762;380;382
146301-94;1227;891;6;885;494;391
146301-95;1761;1283;10;1273;676;597
146301-96;1442;1105;13;1092;467;625
146301-97;1426;1046;10;1036;528;508
146301-98;1866;1356;9;1347;801;546
146301-99;1875;1355;9;1346;737;609
146301-100;1628;1154;15;1139;653;486
146301-101;1942;1425;11;1414;731;683
146301-102;2072;1515;15;1500;865;635
146301-103;2082;1449;8;1441;847;594
146301-104;1320;832;13;819;496;323
146301-105;1167;833;2;831;593;238
146301-106;2209;1670;21;1649;679;970
146301-107;870;585;2;583;326;257
146301-108;765;504;4;500;329;171
146301-109;1380;934;8;926;539;387
146301-110;37;34;0;34;25;9
146301-111;103;95;1;94;71;23
146301-112;845;595;9;586;184;402
146301-113;27;24;0;24;23;1
146301-114;55;55;4;51;35;16
146401-1;1567;1092;6;1086;617;469
146401-2;1480;1047;9;1038;568;470
146401-3;1554;1144;10;1134;601;533
146401-4;1549;1148;8;1140;605;535
146401-5;1047;725;5;720;426;294
146401-6;1143;891;4;887;514;373
146401-7;1781;1259;15;1244;739;505
146401-8;1705;1263;12;1251;742;509
146401-9;1818;1332;14;1318;745;573
146401-10;1657;1144;8;1136;748;388
146401-11;1414;1073;8;1065;679;386
146401-12;1632;1163;13;1150;658;492
146401-13;1500;1096;14;1082;552;530
146401-14;1199;762;3;759;446;313
146401-15;1536;1025;6;1019;582;437
146401-16;1622;1115;6;1109;640;469
146401-17;1582;980;6;974;600;374
146401-18;1272;891;8;883;586;297
146401-19;1436;980;14;966;583;383
146401-20;1335;979;7;972;572;400
146401-21;1407;992;10;982;593;389
146401-22;1308;901;10;891;530;361
146401-23;1112;880;8;872;511;361
146401-24;1546;1110;14;1096;538;558
146401-25;1599;1167;7;1160;741;419
146401-26;1697;1228;4;1224;662;562
146401-27;1684;1215;14;1201;719;482
146401-28;1568;1127;10;1117;624;493
146401-29;1746;1257;14;1243;773;470
146401-30;1271;936;7;929;607;322
146401-31;1528;1093;10;1083;661;422
146401-32;1493;1055;9;1046;617;429
146401-33;1419;1080;14;1066;611;455
146401-34;1500;1123;12;1111;561;550
146401-35;1540;1140;9;1131;648;483
146401-36;1396;991;10;981;625;356
146401-37;1538;1076;11;1065;558;507
146401-38;1660;1274;9;1265;730;535
146401-39;393;110;1;109;89;20
146401-40;94;33;0;33;27;6
146401-41;103;13;1;12;9;3
146401-42;89;43;2;41;34;7
146401-43;638;412;4;408;107;301
146502-711;1359;1058;6;1052;333;719
146502-712;2001;1643;13;1630;351;1279
146502-713;2244;1854;17;1837;343;1494
146502-714;2673;2159;8;2151;393;1758
146502-715;2611;2156;14;2142;450;1692
146502-716;1369;1175;8;1167;245;922
146502-717;1512;1296;14;1282;303;979
146502-718;1842;1497;11;1486;329;1157
146502-719;2785;2138;5;2133;665;1468
146502-720;2631;2079;12;2067;697;1370
146502-721;2427;1914;15;1899;625;1274
146502-722;2454;1905;20;1885;676;1209
146502-723;1747;1431;13;1418;463;955
146502-724;3001;2204;15;2189;741;1448
146502-725;2099;1632;18;1614;544;1070
146502-726;1253;1102;8;1094;182;912
146502-727;1209;1042;7;1035;214;821
146502-728;1972;1643;7;1636;465;1171
146502-729;1524;1263;8;1255;307;948
146502-730;1808;1530;8;1522;470;1052
146502-731;1775;1351;6;1345;424;921
146502-732;2010;1607;18;1589;350;1239
146502-733;1934;1535;12;1523;299;1224
146502-734;2158;1627;17;1610;504;1106
146502-735;2136;1746;14;1732;405;1327
146502-736;1095;925;5;920;226;694
146502-737;783;595;5;590;190;400
146502-738;1438;1187;16;1171;319;852
146502-739;2721;2041;15;2026;791;1235
146502-740;2166;1701;16;1685;588;1097
146502-741;1853;1414;6;1408;531;877
146502-742;3005;2323;22;2301;797;1504
146502-743;2069;1596;16;1580;562;1018
146502-744;2096;1636;9;1627;593;1034
146502-745;1043;810;11;799;249;550
146502-746;1704;1248;12;1236;487;749
146502-747;1725;1366;11;1355;488;867
146502-748;1743;1196;6;1190;466;724
146502-749;1848;1434;7;1427;520;907
146502-750;1633;1246;11;1235;453;782
146502-751;1277;916;6;910;323;587
146502-752;793;624;6;618;213;405
146502-753;2243;1795;14;1781;512;1269
146502-754;1615;1245;6;1239;497;742
146502-755;1865;1426;7;1419;464;955
146502-756;1184;925;12;913;316;597
146502-757;356;295;1;294;50;244
146502-758;1910;1586;17;1569;313;1256
146502-759;1848;1572;22;1550;388;1162
146502-1142;179;147;3;144;52;92
146502-1143;165;118;5;113;70;43
146502-1144;118;104;3;101;47;54
146503-845;2003;1532;13;1519;591;928
146503-846;1600;1309;8;1301;461;840
146503-847;1344;1085;5;1080;371;709
146503-848;1587;1317;9;1308;413;895
146503-849;1427;1018;7;1011;325;686
146503-850;2015;1645;10;1635;512;1123
146503-851;2857;2320;13;2307;644;1663
146503-852;837;641;1;640;254;386
146503-853;1694;1308;19;1289;475;814
146503-854;1971;1580;13;1567;366;1201
146503-855;948;745;4;741;304;437
146503-856;838;643;2;641;273;368
146503-857;912;663;4;659;309;350
146503-858;972;773;2;771;303;468
146503-859;1844;1492;5;1487;527;960
146503-860;1297;1117;8;1109;285;824
146503-861;1582;1280;13;1267;339;928
146503-862;1923;1531;17;1514;384;1130
146503-863;1551;1237;8;1229;430;799
146503-864;1184;922;18;904;363;541
146503-865;1343;1074;5;1069;320;749
146503-866;843;671;8;663;289;374
146503-867;1147;904;12;892;323;569
146503-868;1443;1130;14;1116;383;733
146503-869;1447;1117;11;1106;450;656
146503-870;2262;1918;19;1899;499;1400
146503-871;1443;1234;12;1222;348;874
146503-872;1503;1300;12;1288;278;1010
146503-873;1469;1174;6;1168;432;736
146503-874;1466;1197;8;1189;451;738
146503-875;658;538;4;534;152;382
146503-876;1362;1070;12;1058;321;737
146503-877;2018;1644;14;1630;435;1195
146503-878;2229;1774;20;1754;446;1308
146503-879;1823;1476;12;1464;380;1084
146503-880;2066;1709;12;1697;433;1264
146503-881;1793;1419;8;1411;516;895
146503-882;1413;1197;9;1188;372;816
146503-883;1892;1444;16;1428;401;1027
146503-884;1437;1132;13;1119;286;833
146503-885;2171;1651;11;1640;540;1100
146503-886;958;783;7;776;275;501
146503-887;2974;2224;21;2203;788;1415
146503-888;2226;1708;11;1697;401;1296
146503-889;1645;1353;8;1345;300;1045
146503-890;1501;1218;8;1210;342;868
146503-891;1371;1042;6;1036;298;738
146503-892;1743;1404;20;1384;440;944
146503-893;1681;1373;20;1353;371;982
146503-894;1942;1557;19;1538;404;1134
146503-895;2127;1717;9;1708;537;1171
146503-896;1148;941;10;931;190;741
146503-897;1332;1072;11;1061;268;793
146503-898;1176;984;7;977;290;687
146503-899;1945;1445;9;1436;494;942
146503-900;1210;917;14;903;318;585
146503-1147;1506;1213;22;1191;161;1030
146504-771;1611;1350;8;1342;452;890
146504-772;1591;1277;8;1269;445;824
146504-773;1713;1407;11;1396;469;927
146504-774;2623;2186;18;2168;654;1514
146504-775;942;732;7;725;255;470
146504-776;1857;1391;12;1379;498;881
146504-777;2749;2134;18;2116;767;1349
146504-778;2494;1970;15;1955;732;1223
146504-779;2807;2029;23;2006;771;1235
146504-780;3083;2388;26;2362;770;1592
146504-781;1519;1140;15;1125;382;743
146504-782;933;692;8;684;242;442
146504-783;2214;1636;14;1622;632;990
146504-784;1482;1090;7;1083;384;699
146504-785;1315;982;14;968;428;540
146504-786;3073;2112;26;2086;672;1414
146504-787;2613;2068;23;2045;722;1323
146504-788;1941;1504;10;1494;613;881
146504-789;2259;1772;22;1750;600;1150
146504-790;2583;1912;23;1889;718;1171
146504-791;2286;1824;22;1802;610;1192
146504-792;2231;1921;22;1899;490;1409
146504-793;2735;2186;15;2171;810;1361
146504-794;1839;1402;8;1394;562;832
146504-795;2531;2078;10;2068;727;1341
146504-796;1156;902;10;892;312;580
146504-797;1716;1371;11;1360;443;917
146504-798;2604;2113;23;2090;712;1378
146504-799;1629;1153;14;1139;476;663
146504-800;1703;1292;10;1282;508;774
146504-801;1619;1287;15;1272;422;850
146504-802;2921;2031;14;2017;842;1175
146504-803;1610;1141;21;1120;531;589
146504-804;3048;2096;23;2073;948;1125
146504-805;2919;2003;18;1985;894;1091
146504-806;1392;985;5;980;417;563
146504-807;1312;1076;12;1064;342;722
146504-808;1831;1535;11;1524;371;1153
146504-809;1769;1459;17;1442;506;936
146504-810;2066;1692;11;1681;602;1079
146504-811;1633;1302;16;1286;472;814
146504-812;1351;1075;9;1066;362;704
146504-813;3231;2569;25;2544;842;1702
146504-814;2751;2285;22;2263;548;1715
146504-815;1793;1379;10;1369;505;864
146504-816;2020;1684;10;1674;497;1177
146504-817;2222;1783;16;1767;555;1212
146504-818;2351;1845;16;1829;662;1167
146504-1145;463;139;2;137;75;62
146504-1146;103;38;4;34;25;9
146505-81;1999;1632;14;1618;379;1239
146505-82;2014;1674;8;1666;288;1378
146505-83;1737;1295;10;1285;315;970
146505-84;1612;1192;28;1164;331;833
146505-85;1370;874;6;868;275;593
146505-86;1333;885;11;874;237;637
146505-87;2509;2020;19;2001;532;1469
146505-88;1737;1337;13;1324;313;1011
146505-89;1618;1270;2;1268;298;970
146505-90;2591;1920;18;1902;581;1321
146505-91;1434;1134;6;1128;275;853
146505-92;682;515;1;514;124;390
146505-93;935;758;9;749;251;498
146505-94;2404;1795;14;1781;516;1265
146505-95;1572;1155;10;1145;338;807
146505-96;1357;928;10;918;273;645
146505-97;1677;1233;7;1226;341;885
146505-98;1255;823;5;818;275;543
146505-99;2559;1965;22;1943;599;1344
146505-100;1944;1464;14;1450;337;1113
146505-101;2824;2239;16;2223;561;1662
146505-102;1436;1187;7;1180;316;864
146505-103;1647;1167;7;1160;347;813
146505-104;1768;1275;14;1261;396;865
146505-105;1951;1560;14;1546;427;1119
146505-106;1769;1379;12;1367;475;892
146505-107;1639;1223;14;1209;314;895
146505-108;1074;709;6;703;190;513
146505-109;1728;1283;12;1271;397;874
146505-110;1727;1302;14;1288;431;857
146505-111;1374;1039;3;1036;254;782
146505-112;1830;1222;16;1206;420;786
146505-113;2566;2130;20;2110;440;1670
146505-114;1963;1555;11;1544;375;1169
146505-115;1184;897;8;889;259;630
146505-116;1368;1048;7;1041;305;736
146505-117;2054;1601;10;1591;421;1170
146505-118;1902;1327;13;1314;475;839
146505-119;1879;1583;5;1578;259;1319
146505-120;1606;1184;16;1168;284;884
146505-121;1695;1288;8;1280;394;886
146505-122;1686;1200;13;1187;475;712
146505-123;1636;1209;13;1196;484;712
146505-124;2724;2269;18;2251;608;1643
146505-125;1869;1507;13;1494;411;1083
146505-126;3300;2498;23;2475;716;1759
146505-127;1856;1329;8;1321;514;807
146505-128;1865;1341;23;1318;410;908
146505-129;2369;1849;18;1831;596;1235
146505-130;2459;1897;11;1886;604;1282
146505-131;2890;2251;12;2239;710;1529
146505-132;638;486;5;481;207;274
146505-133;3025;2377;20;2357;588;1769
146505-134;1911;1461;18;1443;402;1041
146505-135;2497;2019;18;2001;319;1682
146505-136;2112;1769;9;1760;385;1375
146505-137;1920;1557;18;1539;426;1113
146505-138;1966;1497;16;1481;422;1059
146505-139;2002;1684;13;1671;517;1154
146505-140;2281;1985;21;1964;419;1545
146505-141;1224;1053;13;1040;267;773
146505-142;2267;1515;16;1499;492;1007
146505-143;1852;1391;9;1382;437;945
146505-144;1606;1196;21;1175;347;828
146505-145;1795;1313;12;1301;364;937
146505-146;1382;1051;8;1043;298;745
146505-147;915;670;4;666;237;429
146505-148;1615;1236;14;1222;398;824
146505-149;2014;1501;13;1488;400;1088
146505-150;2222;1690;15;1675;438;1237
146505-151;1815;1206;9;1197;415;782
146505-152;2227;1741;19;1722;585;1137
146505-153;1927;1480;12;1468;463;1005
146505-154;1534;1309;6;1303;487;816
146505-155;2530;1820;8;1812;538;1274
146505-156;1934;1559;11;1548;474;1074
146505-157;825;742;7;735;94;641
146505-158;2321;1845;17;1828;585;1243
146505-159;2395;2014;17;1997;427;1570
146505-160;1502;1200;13;1187;402;785
146505-161;1760;1408;10;1398;448;950
146505-162;1503;1153;10;1143;404;739
146505-163;1915;1565;5;1560;373;1187
146505-164;1798;1419;14;1405;425;980
146505-165;1784;1374;6;1368;491;877
146505-166;2949;2416;25;2391;696;1695
146505-167;1646;1242;10;1232;429;803
146505-168;1755;1302;13;1289;413;876
146505-169;1871;1342;11;1331;447;884
146505-170;1151;892;6;886;219;667
146505-171;1237;931;5;926;317;609
146505-172;1414;1053;7;1046;253;793
146505-1111;158;86;0;86;48;38
146505-1112;443;183;2;181;98;83
146505-1114;149;56;1;55;18;37
146506-201;1406;927;8;919;314;605
146506-202;1119;831;8;823;248;575
146506-203;1298;993;8;985;283;702
146506-204;1618;1361;7;1354;415;939
146506-205;1431;1077;9;1068;306;762
146506-206;898;612;4;608;219;389
146506-207;1370;1063;13;1050;295;755
146506-208;2421;1611;15;1596;406;1190
146506-209;868;634;5;629;234;395
146506-210;1204;871;16;855;322;533
146506-211;1341;1004;15;989;368;621
146506-212;1214;808;10;798;164;634
146506-213;1219;1002;8;994;251;743
146506-214;1702;1429;8;1421;285;1136
146506-215;1834;1565;13;1552;248;1304
146506-216;1339;1131;17;1114;169;945
146506-217;1811;1424;10;1414;406;1008
146506-218;1830;1419;20;1399;359;1040
146506-219;1132;861;10;851;276;575
146506-220;1743;1240;9;1231;451;780
146506-221;2075;1554;14;1540;501;1039
146506-222;1516;1089;10;1079;375;704
146506-223;1253;886;9;877;307;570
146506-224;2072;1460;13;1447;493;954
146506-225;973;763;2;761;281;480
146506-226;790;593;7;586;229;357
146506-227;1247;950;13;937;313;624
146506-228;1144;833;8;825;294;531
146506-229;1380;1067;11;1056;391;665
146506-230;1713;1342;7;1335;479;856
146506-231;1973;1479;19;1460;417;1043
146506-232;1777;1471;8;1463;258;1205
146506-233;1764;1096;15;1081;438;643
146506-234;1193;861;8;853;367;486
146506-235;1922;1436;7;1429;514;915
146506-236;724;560;10;550;184;366
146506-237;1635;1115;8;1107;416;691
146506-238;1549;1203;7;1196;416;780
146506-239;1492;1155;8;1147;380;767
146506-240;1563;1256;16;1240;371;869
146506-241;1450;1100;14;1086;355;731
146506-242;1250;918;11;907;313;594
146506-243;1377;1078;6;1072;287;785
146506-1119;114;40;1;39;18;21
146506-1120;52;22;0;22;11;11
146507-401;2587;1968;23;1945;687;1258
146507-402;1718;1267;10;1257;389;868
146507-403;1731;1318;13;1305;381;924
146507-404;1349;1070;8;1062;386;676
146507-405;1403;1108;13;1095;363;732
146507-406;1457;1026;13;1013;438;575
146507-407;2221;1527;17;1510;643;867
146507-408;2475;1915;26;1889;540;1349
146507-409;2351;1686;21;1665;675;990
146507-410;1669;1218;13;1205;441;764
146507-411;1564;1140;10;1130;424;706
146507-412;1630;1227;17;1210;480;730
146507-413;1494;1187;9;1178;465;713
146507-414;1609;1225;10;1215;499;716
146507-415;1608;1208;10;1198;499;699
146507-416;1779;1405;14;1391;485;906
146507-417;1543;1057;8;1049;380;669
146507-418;1976;1517;19;1498;516;982
146507-419;1805;1354;10;1344;542;802
146507-420;1492;1058;8;1050;364;686
146507-421;1395;1174;16;1158;340;818
146507-422;1535;1240;9;1231;372;859
146507-423;2140;1682;12;1670;555;1115
146507-424;1696;1288;8;1280;471;809
146507-425;1888;1464;12;1452;564;888
146507-426;1566;1268;7;1261;478;783
146507-427;1537;1033;6;1027;434;593
146507-428;2596;2023;17;2006;774;1232
146507-429;1931;1528;23;1505;453;1052
146507-430;1495;1160;7;1153;299;854
146507-431;2263;1841;18;1823;380;1443
146507-432;1734;1266;15;1251;419;832
146507-433;1689;1362;10;1352;471;881
146507-434;1731;1361;10;1351;414;937
146507-435;1295;1045;7;1038;362;676
146507-436;1679;1245;12;1233;455;778
146507-437;1867;1339;10;1329;512;817
146507-438;1754;1288;15;1273;491;782
146507-439;1635;1228;18;1210;414;796
146507-440;2688;2112;14;2098;734;1364
146507-441;1376;995;12;983;345;638
146507-442;1102;810;7;803;323;480
146507-443;1263;848;10;838;379;459
146507-444;2080;1751;21;1730;478;1252
146507-445;1960;1386;12;1374;499;875
146507-446;1764;1335;13;1322;479;843
146507-447;888;716;5;711;179;532
146507-448;1489;1174;13;1161;359;802
146507-449;1578;1179;10;1169;390;779
146507-450;1584;1246;16;1230;320;910
146507-451;2124;1678;18;1660;492;1168
146507-452;1493;1176;9;1167;311;856
146507-453;1623;1226;11;1215;445;770
146507-454;1098;849;5;844;252;592
146507-455;1752;1384;14;1370;351;1019
146507-456;1468;1088;9;1079;360;719
146507-457;1083;769;10;759;299;460
146507-458;2128;1686;17;1669;479;1190
146507-459;1547;1246;8;1238;442;796
146507-460;1866;1478;3;1475;494;981
146507-461;1831;1557;13;1544;284;1260
146507-462;1535;1162;18;1144;394;750
146507-463;1330;1124;6;1118;312;806
146507-464;2031;1662;15;1647;559;1088
146507-465;1645;1295;12;1283;448;835
146507-466;1924;1555;8;1547;494;1053
146507-467;1230;931;10;921;237;684
146507-468;1417;1149;9;1140;394;746
146507-469;1234;975;13;962;306;656
146507-470;1610;1267;16;1251;378;873
146507-471;1358;1057;4;1053;368;685
146507-472;1849;1492;16;1476;453;1023
146507-473;1848;1481;10;1471;450;1021
146507-474;1821;1440;7;1433;405;1028
146507-475;1833;1552;20;1532;357;1175
146507-476;1454;1130;11;1119;415;704
146507-477;1412;1122;7;1115;450;665
146507-478;1479;1187;11;1176;302;874
146507-479;2106;1683;16;1667;294;1373
146507-480;1752;1338;13;1325;402;923
146507-481;2527;2023;15;2008;671;1337
146507-1131;515;425;3;422;97;325
146507-1132;717;234;1;233;109;124
146507-1133;272;68;0;68;38;30
146507-1134;97;69;6;63;48;15
146508-361;1475;1029;4;1025;415;610
146508-362;2298;1683;15;1668;679;989
146508-363;1926;1427;10;1417;567;850
146508-364;2111;1555;13;1542;619;923
146508-365;1300;1036;13;1023;344;679
146508-366;1102;831;9;822;311;511
146508-367;1413;1006;7;999;389;610
146508-368;1601;1065;8;1057;413;644
146508-369;1419;1008;9;999;421;578
146508-370;1491;947;9;938;402;536
146508-371;1182;890;9;881;365;516
146508-372;1566;992;5;987;399;588
146508-373;1105;697;6;691;305;386
146508-374;1403;913;7;906;397;509
146508-375;1460;898;7;891;362;529
146508-376;1528;1106;8;1098;443;655
146508-377;2086;1625;8;1617;671;946
146508-378;1779;1277;14;1263;446;817
146508-379;1210;870;15;855;309;546
146508-380;1497;1129;15;1114;363;751
146508-381;1583;1171;7;1164;434;730
146508-382;2253;1769;17;1752;723;1029
146508-383;1577;1148;8;1140;462;678
146508-384;1571;980;10;970;435;535
146508-385;1196;850;7;843;356;487
146508-386;1319;861;10;851;411;440
146508-387;1549;980;10;970;435;535
146508-388;1337;917;9;908;422;486
146508-389;2036;1449;19;1430;552;878
146508-390;1677;1086;9;1077;472;605
146508-1130;222;79;2;77;39;38
146509-971;1371;1080;14;1066;489;577
146509-972;829;638;5;633;310;323
146509-973;1143;891;3;888;345;543
146509-974;1324;1041;7;1034;474;560
146509-975;2015;1559;14;1545;510;1035
146509-976;2140;1690;13;1677;619;1058
146509-977;1359;1112;8;1104;251;853
146509-978;1695;1319;12;1307;385;922
146509-979;745;592;7;585;206;379
146509-980;877;662;11;651;302;349
146509-981;1357;1055;8;1047;446;601
146509-982;1460;1089;11;1078;388;690
146509-983;1078;846;15;831;398;433
146510-1;2237;1826;7;1819;343;1476
146510-2;1628;1347;9;1338;268;1070
146510-3;1715;1306;11;1295;444;851
146510-4;2908;2116;17;2099;715;1384
146510-5;2933;2089;10;2079;674;1405
146510-6;1547;1177;11;1166;353;813
146510-7;1558;1119;6;1113;438;675
146510-8;2013;1261;9;1252;433;819
146510-9;1747;1267;13;1254;485;769
146510-10;2709;1946;11;1935;632;1303
146510-11;2476;1625;15;1610;596;1014
146510-12;2676;1973;22;1951;587;1364
146510-13;2672;1984;13;1971;603;1368
146510-14;1748;1144;12;1132;281;851
146510-15;1541;1119;5;1114;371;743
146510-16;1674;1243;10;1233;426;807
146510-17;1545;1543;21;1522;389;1133
146510-18;3289;2373;27;2346;792;1554
146510-19;1573;1124;6;1118;398;720
146510-20;3082;2241;14;2227;719;1508
146510-21;1985;1423;6;1417;484;933
146510-22;1879;1358;9;1349;505;844
146510-23;1592;1200;10;1190;376;814
146510-24;3001;2187;13;2174;735;1439
146510-25;1617;1123;11;1112;362;750
146510-26;1844;1363;16;1347;481;866
146510-27;2203;1777;16;1761;489;1272
146510-28;2229;1639;11;1628;530;1098
146510-29;2339;1536;16;1520;472;1048
146510-30;2683;2153;23;2130;664;1466
146510-31;1728;1400;14;1386;390;996
146510-32;3028;2368;13;2355;732;1623
146510-33;2601;1808;19;1789;587;1202
146510-34;2880;2067;19;2048;696;1352
146510-35;2416;1598;24;1574;475;1099
146510-36;2658;2073;18;2055;566;1489
146510-37;1829;1362;19;1343;372;971
146510-38;1745;1286;11;1275;395;880
146510-39;2770;1996;16;1980;565;1415
146510-1100;97;82;5;77;62;15
146510-1101;114;18;1;17;15;2
146510-1103;73;46;0;46;14;32
146510-1104;36;36;2;34;12;22
146510-1105;201;83;1;82;43;39
146510-1106;127;76;1;75;38;37
146510-1107;191;128;0;128;60;68
146510-1108;75;39;0;39;29;10
146511-901;2617;2086;15;2071;737;1334
146511-902;2364;1935;12;1923;632;1291
146511-903;2303;1777;15;1762;815;947
146511-904;2808;2315;17;2298;869;1429
146511-905;3012;2226;20;2206;680;1526
146511-906;1205;965;9;956;402;554
146511-907;2657;2050;19;2031;811;1220
146511-908;2203;1655;7;1648;700;948
146511-909;2671;1911;22;1889;763;1126
146511-910;2709;2044;17;2027;671;1356
146511-911;2041;1590;8;1582;610;972
146511-912;2767;2085;23;2062;826;1236
146511-913;2721;1983;15;1968;766;1202
146511-914;2539;1778;12;1766;756;1010
146511-915;1732;1209;7;1202;407;795
146511-916;1524;1104;7;1097;423;674
146511-917;2705;1959;17;1942;852;1090
146511-918;2311;1632;14;1618;700;918
146511-919;2241;1589;20;1569;729;840
146511-920;1662;1278;12;1266;596;670
146511-921;1818;1285;11;1274;521;753
146511-922;2741;1924;21;1903;883;1020
146511-923;1746;1260;13;1247;557;690
146511-924;1571;1179;16;1163;460;703
146511-925;2001;1599;20;1579;561;1018
146511-926;761;560;4;556;225;331
146511-927;2233;1695;11;1684;640;1044
146511-928;1533;1086;3;1083;478;605
146511-929;2150;1463;14;1449;667;782
146511-930;1683;1254;16;1238;523;715
146511-931;1793;1314;11;1303;604;699
146511-932;1607;1194;8;1186;471;715
146511-933;3101;2265;15;2250;989;1261
146511-934;1564;1319;6;1313;284;1029
146511-935;2635;2162;21;2141;660;1481
146511-936;1618;1118;8;1110;507;603
146511-937;1692;1245;16;1229;556;673
146511-938;1921;1437;10;1427;588;839
146511-939;2374;1740;18;1722;737;985
146511-940;1636;1213;6;1207;525;682
146511-941;2353;1678;13;1665;775;890
146511-942;2987;2098;13;2085;923;1162
146511-943;1801;1397;12;1385;544;841
146511-944;808;702;8;694;119;575
146512-681;1858;1397;20;1377;592;785
146512-682;2016;1581;6;1575;602;973
146512-683;3041;2304;21;2283;1049;1234
146512-684;842;630;7;623;365;258
146512-685;3100;2345;25;2320;1112;1208
146512-686;2606;2153;16;2137;773;1364
146512-687;1883;1558;23;1535;491;1044
146512-688;1878;1419;17;1402;555;847
146512-689;1649;1236;10;1226;506;720
146512-690;1115;807;6;801;389;412
146512-691;1802;1533;12;1521;457;1064
146512-692;2149;1666;11;1655;747;908
146512-693;1893;1507;14;1493;650;843
146512-694;2091;1591;17;1574;653;921
146512-695;1668;1417;11;1406;376;1030
146512-696;1944;1583;9;1574;327;1247
146512-697;1119;956;8;948;257;691
146512-698;1513;1139;6;1133;601;532
146512-699;2910;2297;23;2274;678;1596
146512-700;1450;1237;12;1225;447;778
146512-701;2598;2105;16;2089;518;1571
146512-702;2056;1596;21;1575;541;1034
146513-571;2050;1654;15;1639;414;1225
146513-572;1735;1437;16;1421;373;1048
146513-573;2096;1712;13;1699;465;1234
146513-574;1496;1200;6;1194;289;905
146513-575;1750;1384;7;1377;410;967
146513-576;1552;1186;12;1174;355;819
146513-577;1202;965;5;960;319;641
146513-578;1799;1507;6;1501;363;1138
146513-579;1212;953;11;942;326;616
146513-580;1596;1327;7;1320;368;952
146513-581;1669;1355;13;1342;455;887
146513-582;1482;1198;10;1188;387;801
146513-583;2043;1610;13;1597;458;1139
146513-584;1454;1149;10;1139;301;838
146513-585;1372;1114;11;1103;290;813
146513-586;1225;982;7;975;347;628
146513-587;798;662;4;658;201;457
146513-588;1795;1530;11;1519;353;1166
146513-589;1900;1527;12;1515;298;1217
146513-590;1680;1366;19;1347;437;910
146513-591;1820;1434;10;1424;476;948
146513-592;1688;1368;11;1357;421;936
146513-593;1213;974;10;964;357;607
146513-594;1810;1420;14;1406;480;926
146513-595;2095;1708;18;1690;494;1196
146513-596;2109;1858;22;1836;373;1463
146513-597;1987;1543;13;1530;478;1052
146513-598;1712;1407;19;1388;404;984
146513-599;1955;1546;10;1536;480;1056
146513-600;1253;953;7;946;258;688
146513-601;1613;1300;11;1289;426;863
146513-602;1489;1153;8;1145;339;806
146513-603;1269;1050;5;1045;334;711
146513-604;1911;1600;18;1582;454;1128
146513-605;1304;1068;5;1063;310;753
146513-606;2515;2064;20;2044;535;1509
146513-607;1958;1601;17;1584;432;1152
146513-608;1553;1306;10;1296;298;998
146513-609;2117;1793;18;1775;345;1430
146513-610;1737;1386;7;1379;392;987
146513-611;1233;999;10;989;199;790
146513-612;1511;1294;19;1275;284;991
146513-613;895;825;3;822;117;705
146513-614;1918;1589;15;1574;453;1121
146513-615;1622;1339;11;1328;365;963
146513-616;2157;1707;13;1694;443;1251
146513-617;2129;1923;21;1902;445;1457
146513-618;1782;1533;17;1516;291;1225
146513-619;2294;1961;16;1945;336;1609
146513-620;2125;1750;12;1738;495;1243
146513-621;1653;1557;14;1543;342;1201
146513-622;1938;1654;13;1641;325;1316
146513-623;1948;1657;23;1634;350;1284
146513-624;1954;1693;16;1677;311;1366
146513-625;2030;1747;19;1728;406;1322
146513-626;1914;1609;12;1597;550;1047
146513-627;1848;1499;14;1485;459;1026
146513-628;2657;2191;13;2178;607;1571
146513-629;3507;2869;25;2844;765;2079
146513-630;1922;1657;8;1649;320;1329
146513-631;1747;1455;4;1451;378;1073
146513-632;997;874;7;867;146;721
146513-1139;177;92;2;90;49;41
146513-1141;1060;725;15;710;136;574
146514-501;1797;1382;12;1370;480;890
146514-502;2056;1568;11;1557;702;855
146514-503;1766;1306;10;1296;564;732
146514-504;1661;1351;12;1339;476;863
146514-505;1626;1231;16;1215;536;679
146514-506;1438;1178;13;1165;519;646
146514-507;2715;2248;19;2229;759;1470
146514-508;1807;1534;15;1519;594;925
146514-509;1019;827;7;820;294;526
146514-510;1977;1618;13;1605;595;1010
146514-511;1396;1128;17;1111;453;658
146514-512;2236;1882;17;1865;639;1226
146514-513;2400;2032;9;2023;588;1435
146514-514;1433;1155;13;1142;391;751
146514-515;2256;1675;10;1665;489;1176
146514-516;2224;1801;15;1786;631;1155
146514-517;2114;1707;14;1693;583;1110
146514-518;1878;1621;13;1608;613;995
146514-519;2137;1733;17;1716;699;1017
146514-520;2139;1713;14;1699;632;1067
146514-521;2807;2304;14;2290;919;1371
146514-522;691;567;7;560;187;373
146514-523;1870;1575;15;1560;533;1027
146514-524;1727;1386;7;1379;518;861
146514-525;1746;1419;13;1406;601;805
146514-526;1325;985;6;979;405;574
146514-527;1644;1336;11;1325;488;837
146514-528;2032;1644;17;1627;782;845
146514-529;1306;1012;4;1008;424;584
146514-530;1725;1391;10;1381;562;819
146514-531;1928;1502;22;1480;600;880
146514-1135;263;107;2;105;58;47
146514-1136;298;108;1;107;56;51
146515-1001;1303;1020;11;1009;295;714
146515-1002;1973;1571;16;1555;621;934
146515-1003;1775;1418;18;1400;575;825
146515-1004;1337;1114;16;1098;488;610
146515-1005;2027;1581;18;1563;671;892
146515-1006;1149;917;6;911;360;551
146515-1007;2299;1959;18;1941;657;1284
146515-1008;2011;1666;20;1646;477;1169
146515-1009;2146;1764;16;1748;590;1158
146515-1010;2240;1952;22;1930;576;1354
146516-552;991;776;7;769;233;536
146516-553;1156;933;3;930;308;622
146516-554;1515;1225;13;1212;242;970
146516-555;1646;1369;9;1360;479;881
146516-556;2469;2114;17;2097;353;1744
146516-557;1069;873;12;861;246;615
146516-558;1787;1560;19;1541;242;1299
146516-559;684;560;7;553;267;286
146516-560;1802;1536;10;1526;245;1281
146516-561;1792;1534;9;1525;253;1272
146516-562;1480;1287;9;1278;208;1070
146516-563;1036;883;10;873;280;593
146516-564;1517;1247;10;1237;332;905
146516-565;1168;991;3;988;303;685
146516-566;2061;1787;15;1772;288;1484
146516-567;1018;888;7;881;198;683
146516-568;1935;1682;6;1676;306;1370
146516-569;1672;1490;14;1476;231;1245
146516-570;1570;1337;11;1326;250;1076
146517-651;1498;1180;11;1169;400;769
146517-652;967;756;6;750;269;481
146517-653;978;738;3;735;310;425
146517-654;811;620;2;618;244;374
146517-655;2331;1891;17;1874;598;1276
146517-656;1281;1076;12;1064;290;774
146517-657;1444;1222;11;1211;319;892
146517-658;1501;1195;14;1181;316;865
146517-659;1747;1384;21;1363;450;913
146517-660;1576;1250;8;1242;415;827
146517-661;2047;1632;11;1621;464;1157
146517-662;610;522;2;520;85;435
146517-663;4459;3518;29;3489;1080;2409
146517-664;739;571;4;567;270;297
146517-665;1375;949;8;941;443;498
146517-666;793;611;4;607;270;337
146517-667;749;536;4;532;230;302
146517-668;974;742;4;738;287;451
146517-669;1269;958;15;943;356;587
146517-670;827;623;6;617;262;355
146517-671;1109;928;7;921;261;660
146517-672;960;712;14;698;294;404
146517-673;1359;1056;8;1048;308;740
146517-674;1451;1045;13;1032;399;633
146518-261;1579;1117;5;1112;460;652
146518-262;1677;1172;12;1160;430;730
146518-263;2058;1617;21;1596;564;1032
146518-264;1767;1336;12;1324;494;830
146518-265;2920;2104;21;2083;809;1274
146518-266;1804;1189;18;1171;508;663
146518-267;1078;750;6;744;299;445
146518-268;1910;1448;11;1437;554;883
146518-269;2001;1573;18;1555;421;1134
146518-270;1350;1048;10;1038;419;619
146518-271;1278;959;9;950;396;554
146518-272;2065;1443;7;1436;597;839
146518-273;1564;1057;5;1052;443;609
146518-274;1792;1407;10;1397;478;919
146518-275;1874;1377;11;1366;497;869
146518-276;2962;2188;20;2168;878;1290
146518-277;2542;1996;17;1979;527;1452
146518-278;2090;1487;8;1479;519;960
146518-279;2653;2396;23;2373;442;1931
146518-280;3250;2688;20;2668;483;2185
146518-281;1656;1263;15;1248;405;843
146518-282;1527;1172;7;1165;394;771
146518-283;2700;2254;21;2233;483;1750
146518-284;2108;1617;19;1598;474;1124
146518-285;1805;1294;18;1276;507;769
146518-286;1764;1207;8;1199;486;713
146518-287;1528;1084;10;1074;394;680
146518-288;1496;1044;6;1038;392;646
146518-289;1584;1109;9;1100;385;715
146518-290;2167;1648;15;1633;412;1221
146518-291;1716;1254;11;1243;531;712
146518-292;1817;1284;15;1269;478;791
146518-293;1468;1173;14;1159;412;747
146518-294;2972;2389;22;2367;542;1825
146518-295;2531;1874;12;1862;504;1358
146518-296;2038;1380;12;1368;541;827
146518-297;1632;1135;7;1128;374;754
146518-298;1791;1310;11;1299;430;869
146518-299;3043;2200;21;2179;744;1435
146518-300;1373;1054;11;1043;336;707
146518-301;1864;1399;13;1386;466;920
146518-302;2011;1360;9;1351;470;881
146518-303;2006;1468;12;1456;465;991
146518-304;2039;1655;6;1649;560;1089
146518-305;2253;1681;13;1668;430;1238
146518-306;1361;1052;6;1046;308;738
146518-307;1746;1346;7;1339;319;1020
146518-308;1793;1292;15;1277;469;808
146518-309;1615;1160;14;1146;384;762
146518-310;1535;1115;7;1108;361;747
146518-311;2388;1772;21;1751;613;1138
146518-312;2156;1606;8;1598;499;1099
146518-313;2594;1934;12;1922;686;1236
146518-314;1954;1355;8;1347;506;841
146518-315;1709;1265;18;1247;439;808
146518-316;2486;2077;24;2053;363;1690
146518-1122;70;49;2;47;30;17
146518-1124;129;77;2;75;65;10
146518-1125;291;94;0;94;54;40
146518-1127;185;71;1;70;32;38
146518-1128;77;49;1;48;14;34
146519-331;1745;1365;12;1353;407;946
146519-332;2227;1851;11;1840;541;1299
146519-333;1630;1347;24;1323;408;915
146519-334;1751;1437;7;1430;272;1158
146519-335;2017;1570;16;1554;465;1089
146519-336;1588;1283;5;1278;419;859
146519-337;2739;2145;15;2130;688;1442
146519-338;2509;2006;12;1994;522;1472
146519-339;2723;2053;24;2029;688;1341
146519-340;2631;2030;24;2006;659;1347
146519-341;1797;1336;17;1319;466;853
146519-342;2588;2059;24;2035;642;1393
146519-343;2809;2462;16;2446;361;2085
146519-344;2697;2420;17;2403;345;2058
146519-345;1052;795;14;781;271;510
146519-346;1055;837;9;828;236;592
146519-347;2447;1981;18;1963;638;1325
146519-348;2309;1837;31;1806;490;1316
146519-349;2180;1651;12;1639;589;1050
149801-1000;122;122;11;111;22;89
149801-1001;41;41;5;36;7;29
149801-1002;26;26;0;26;3;23
149801-1003;16;16;1;15;0;15
149801-1004;52;52;2;50;14;36
149801-1005;51;51;1;50;27;23
149801-1006;35;35;2;33;11;22
149801-1007;41;40;1;39;26;13
149901-1;1327;1029;2;1027;279;748
149901-2;116;114;1;113;23;90
149901-3;71;57;2;55;13;42
149901-4;32;22;0;22;9;13
149901-5;182;142;2;140;20;120
149901-6;187;135;1;134;36;98
149901-7;25;22;1;21;4;17
149901-8;1471;1145;10;1135;294;841
149901-9;2971;2412;11;2401;610;1791
149901-10;3121;2505;19;2486;827;1659
149901-11;2678;2535;26;2509;773;1736
149901-12;27;20;3;17;6;11
149901-13;4451;3601;17;3584;846;2738
149901-14;4640;3833;11;3822;1168;2654
149901-15;4489;3515;7;3508;650;2858
149901-16;193;150;0;150;60;90
149901-17;72;57;1;56;26;30
149901-18;166;166;4;162;103;59
149901-19;81;68;1;67;24;43
149901-20;74;65;0;65;34;31
149901-21;209;158;1;157;72;85
149901-22;580;499;9;490;89;401
149901-23;4657;3192;7;3185;431;2754
149901-24;157;136;4;132;22;110
149901-25;65;50;0;50;8;42
149901-26;148;131;3;128;11;117
149901-27;246;219;6;213;17;196
149901-28;47;42;1;41;5;36
149901-29;188;149;1;148;17;131
149901-30;1189;901;6;895;138;757
149901-31;729;572;3;569;77;492
149901-32;221;200;1;199;41;158
149901-33;2388;2033;12;2021;238;1783
149901-34;612;498;3;495;131;364
149901-35;3950;2676;7;2669;409;2260
149901-36;172;132;1;131;22;109
149901-37;200;163;3;160;22;138
149901-38;30;21;1;20;12;8
149901-39;52;31;0;31;5;26
149901-40;1245;1053;4;1049;194;855
149901-41;3508;2865;14;2851;903;1948
149901-42;3553;2848;11;2837;963;1874
149901-43;3556;2964;20;2944;1027;1917
149901-44;4806;3120;9;3111;608;2503
149901-45;2005;1488;9;1479;327;1152
149901-46;134;114;3;111;30;81
149901-47;2856;1804;3;1801;310;1491
149901-48;3144;2126;8;2118;385;1733
149901-49;2830;2017;6;2011;179;1832
149901-50;62;53;1;52;9;43
149901-51;21;12;1;11;1;10
149901-52;134;89;0;89;11;78
149901-55;14;14;0;14;6;8
149901-56;25;23;0;23;7;16
149901-57;9544;7983;39;7944;1859;6085
149901-58;9657;8088;53;8035;1803;6232
149901-59;9916;8070;42;8028;1842;6186
149901-60;4520;3209;35;3174;641;2533
149901-61;672;546;11;535;103;432
149901-62;646;577;10;567;85;482
149901-63;80;72;2;70;15;55
149901-64;701;638;1;637;309;328
149901-65;1004;858;2;856;363;493
149901-66;7213;4883;19;4864;3353;1511
149901-67;2001;1613;5;1608;729;879
149901-68;2292;1491;9;1482;696;786
149901-69;267;228;4;224;30;194
149901-70;74;58;1;57;45;12
149901-71;39;29;0;29;18;11
149901-72;120;101;0;101;30;71
149901-73;102;87;0;87;15;72
149901-74;193;160;0;160;17;143
149901-75;4987;4076;11;4065;854;3211
149901-77;24;21;0;21;6;15
149901-78;2967;2229;17;2212;421;1791
149901-79;128;105;2;103;21;82
149901-81;545;484;3;481;129;352
149901-82;2003;1827;6;1821;254;1567
149901-83;358;302;7;295;130;165
149901-84;89;77;0;77;28;49
149901-85;136;117;0;117;7;110
149901-86;3592;3102;12;3090;502;2588
149901-87;86;64;0;64;12;52
149901-88;367;299;1;298;30;268
149901-89;54;48;0;48;18;30
149901-90;12554;10484;74;10410;1845;8565
149901-91;12491;10158;56;10102;1632;8470
149901-92;3590;3131;11;3120;471;2649
149901-93;3627;3077;6;3071;419;2652
149901-94;4960;4167;16;4151;962;3189
149901-95;4939;4012;17;3995;988;3007
149901-96;6380;5138;14;5124;1315;3809
149901-97;6336;5088;15;5073;1387;3686
149901-98;6326;5159;16;5143;1287;3856
149901-99;7711;6624;34;6590;1713;4877
149901-100;7688;6558;28;6530;1692;4838
149901-101;121;108;1;107;75;32
149901-102;4720;3679;25;3654;915;2739
149901-103;4749;3521;17;3504;779;2725
149901-104;567;425;1;424;48;376
149901-105;15;12;0;12;1;11
149901-106;39;32;2;30;9;21
149901-107;3677;3060;4;3056;464;2592
149901-108;1495;1126;5;1121;88;1033
149901-109;569;458;7;451;149;302
149901-110;384;322;7;315;89;226
149901-111;57;50;1;49;39;10
149901-112;50;45;1;44;18;26
149901-113;79;63;0;63;16;47
149901-114;469;339;9;330;84;246
149901-115;1393;1133;4;1129;346;783
149901-116;45;31;0;31;8;23
149901-117;490;475;1;474;24;450
149901-118;153;108;2;106;25;81
149901-119;516;441;2;439;103;336
149901-120;290;238;2;236;38;198
149901-121;3848;2838;8;2830;899;1931
149901-122;7701;6680;26;6654;1572;5082
149901-123;6308;5023;31;4992;2647;2345
149901-124;6219;5028;42;4986;2498;2488
149901-125;6196;4875;24;4851;2534;2317
149901-126;4960;3404;14;3390;926;2464
149901-127;1111;913;2;911;334;577
149901-128;5853;4646;5;4641;3310;1331
149901-129;5840;4621;15;4606;3290;1316
149901-130;5862;4647;9;4638;3263;1375
149901-131;4955;4349;37;4312;832;3480
149901-132;5570;4440;25;4415;903;3512
149901-133;5596;4481;14;4467;1066;3401
149901-134;275;198;1;197;22;175
149901-135;97;88;0;88;27;61
149901-136;97;88;0;88;11;77
149901-137;190;141;0;141;27;114
149901-138;295;223;3;220;35;185
149901-139;237;197;2;195;52;143
149901-140;67;57;0;57;31;26
149901-141;91;73;0;73;34;39
149901-142;331;248;5;243;149;94
149901-143;69;61;0;61;34;27
149901-144;126;101;0;101;90;11
149901-145;34;28;0;28;12;16
149901-146;6322;5104;13;5091;1079;4012
149901-147;1215;1044;7;1037;288;749
149901-148;18187;14516;84;14432;3215;11217
149901-149;18089;14490;65;14425;3256;11169
149901-150;18067;14481;78;14403;3328;11075
149901-151;18227;14336;40;14296;3024;11272
149901-152;18107;14330;74;14256;2929;11327
149901-153;22251;17695;116;17579;4330;13249
149901-154;22250;17513;98;17415;4218;13197
149901-155;9689;7875;46;7829;1597;6232
149901-156;9640;7860;42;7818;1588;6230
149901-157;10654;7643;30;7613;1728;5885
149901-158;173;153;3;150;12;138
149901-159;2259;1681;7;1674;677;997
149901-160;2875;2073;9;2064;374;1690
149901-161;2237;1640;4;1636;516;1120
149901-162;376;236;1;235;23;212
149901-163;6379;4990;7;4983;1142;3841
149901-164;4726;3568;21;3547;790;2757
149901-165;4656;3591;6;3585;868;2717
149901-166;18204;14274;66;14208;2854;11354
149901-167;9;9;1;8;2;6
149901-168;4967;4299;29;4270;721;3549
149901-169;1147;799;4;795;158;637
149901-170;152;144;1;143;49;94
149901-171;1134;1116;16;1100;97;1003
160101-1;1081;602;3;599;308;291
160101-2;1200;625;7;618;322;296
160101-3;1303;703;5;698;378;320
160101-4;1032;627;4;623;286;337
160101-5;1650;1122;7;1115;430;685
160101-6;1588;934;10;924;508;416
160101-7;1332;784;5;779;397;382
160101-8;757;446;7;439;196;243
160101-9;924;644;9;635;277;358
160101-10;1766;1162;9;1153;502;651
160101-11;1452;1074;5;1069;540;529
160101-12;1260;866;12;854;423;431
160101-13;796;536;3;533;278;255
160101-14;1754;1132;6;1126;595;531
160101-15;1333;955;10;945;429;516
160101-16;1149;799;11;788;331;457
160101-17;1230;812;4;808;386;422
160101-18;877;519;5;514;256;258
160101-19;1304;858;14;844;366;478
160101-20;1239;864;3;861;420;441
160101-21;1426;922;11;911;454;457
160101-22;312;198;3;195;62;133
160102-1;440;308;4;304;216;88
160102-2;391;272;1;271;190;81
160102-3;356;243;4;239;148;91
160102-4;592;466;3;463;214;249
160102-5;341;269;0;269;111;158
160102-6;170;122;3;119;70;49
160102-7;1697;1117;11;1106;512;594
160102-8;348;202;3;199;133;66
160102-9;565;360;2;358;245;113
160102-10;287;217;3;214;161;53
160102-11;459;318;0;318;186;132
160102-12;548;403;1;402;226;176
160103-1;1084;668;3;665;325;340
160103-2;967;537;4;533;257;276
160103-3;956;601;0;601;263;338
160103-4;821;571;3;568;211;357
160103-5;785;531;3;528;234;294
160103-6;1341;831;3;828;415;413
160103-7;532;338;2;336;152;184
160103-8;1246;755;3;752;458;294
160103-9;671;402;2;400;267;133
160103-10;669;413;5;408;216;192
160103-11;595;368;0;368;229;139
160103-12;429;233;1;232;133;99
160103-13;1352;824;9;815;464;351
160103-14;793;450;2;448;268;180
160103-15;812;467;5;462;351;111
160103-16;739;384;2;382;233;149
160103-17;901;524;0;524;354;170
160103-18;49;35;0;35;24;11
160103-19;88;58;1;57;18;39
160104-1;1216;736;7;729;386;343
160104-2;1790;1204;7;1197;660;537
160104-3;2113;1272;17;1255;680;575
160104-4;1414;854;8;846;492;354
160104-5;1649;930;11;919;515;404
160104-6;700;414;3;411;222;189
160104-7;1051;601;10;591;364;227
160105-1;1138;702;10;692;370;322
160105-2;939;561;4;557;316;241
160105-3;838;518;4;514;283;231
160105-4;641;415;2;413;204;209
160105-5;607;408;1;407;212;195
160105-6;473;335;1;334;222;112
160105-7;288;172;0;172;108;64
160105-8;466;334;3;331;215;116
160105-9;464;264;4;260;180;80
160105-10;581;358;5;353;207;146
160105-11;538;339;4;335;231;104
160106-1;647;433;7;426;249;177
160106-2;702;435;2;433;301;132
160106-3;829;552;3;549;325;224
160106-4;463;292;3;289;206;83
160106-5;642;463;7;456;301;155
160106-6;576;362;2;360;235;125
160201-1;933;566;7;559;320;239
160201-2;999;585;2;583;319;264
160201-3;1250;711;6;705;464;241
160201-4;702;413;0;413;284;129
160201-5;851;417;5;412;257;155
160201-6;56;26;1;25;19;6
160202-1;818;491;5;486;299;187
160202-2;585;350;2;348;211;137
160202-3;723;401;5;396;270;126
160202-4;666;400;6;394;220;174
160202-5;361;205;0;205;130;75
160202-6;684;399;2;397;303;94
160202-7;925;566;2;564;310;254
160202-8;136;114;3;111;58;53
160202-9;47;47;2;45;13;32
160202-10;60;60;3;57;36;21
160202-11;54;52;1;51;30;21
160202-12;407;185;5;180;138;42
160202-13;38;28;0;28;22;6
160203-1;1078;706;1;705;383;322
160203-2;1220;700;7;693;438;255
160203-3;1868;1197;9;1188;714;474
160203-4;759;518;1;517;282;235
160203-5;1733;1215;11;1204;505;699
160203-6;1478;1020;7;1013;520;493
160203-7;1126;650;6;644;349;295
160203-8;493;351;7;344;241;103
160203-9;839;560;1;559;401;158
160203-10;563;335;0;335;253;82
160203-11;755;469;3;466;293;173
160203-12;631;377;5;372;282;90
160203-13;567;359;6;353;233;120
160203-14;630;401;0;401;273;128
160203-15;470;291;1;290;177;113
160203-16;781;449;1;448;277;171
160203-17;868;529;3;526;337;189
160203-18;891;533;6;527;380;147
160203-19;87;82;1;81;24;57
160203-20;39;38;4;34;22;12
160203-21;32;23;4;19;19;0
160203-22;151;24;0;24;18;6
160203-23;220;174;4;170;70;100
160203-24;27;25;1;24;16;8
160204-1;1856;1166;6;1160;616;544
160204-2;1616;969;8;961;535;426
160204-3;1093;691;7;684;378;306
160204-4;766;480;1;479;363;116
160204-5;597;373;4;369;225;144
160204-6;438;267;5;262;155;107
160204-7;398;225;1;224;114;110
160204-8;550;315;4;311;175;136
160204-9;526;328;1;327;246;81
160204-10;580;325;1;324;212;112
160204-11;38;35;0;35;28;7
160301-1;985;542;4;538;219;319
160301-2;1276;860;9;851;309;542
160301-3;1304;914;6;908;297;611
160301-4;1627;1069;15;1054;462;592
160301-5;1379;795;11;784;324;460
160301-6;1789;1044;12;1032;357;675
160301-7;1630;1063;12;1051;337;714
160301-8;1555;815;14;801;283;518
160301-9;1774;1056;11;1045;452;593
160301-10;1816;1083;9;1074;445;629
160301-11;1805;1121;14;1107;389;718
160301-12;1712;1143;6;1137;427;710
160301-13;1428;978;7;971;367;604
160301-14;843;612;6;606;187;419
160301-15;1660;963;12;951;385;566
160301-16;1253;785;3;782;315;467
160301-17;1861;1187;13;1174;458;716
160301-18;1933;1250;5;1245;485;760
160301-19;1134;708;8;700;287;413
160301-20;1438;955;4;951;401;550
160301-21;1529;1014;4;1010;428;582
160301-22;1254;843;5;838;360;478
160301-23;1645;1137;8;1129;529;600
160301-24;1989;1396;18;1378;550;828
160301-25;1368;841;9;832;320;512
160301-26;1907;1066;4;1062;410;652
160301-27;360;207;2;205;91;114
160301-28;404;209;5;204;87;117
160301-29;1477;772;7;765;355;410
160301-30;278;149;3;146;85;61
160301-31;2002;1095;10;1085;455;630
160301-32;56;20;0;20;15;5
160301-33;46;45;1;44;26;18
160302-1;1144;605;8;597;245;352
160302-2;1447;753;9;744;331;413
160302-3;423;211;5;206;93;113
160302-4;1317;659;5;654;314;340
160302-5;391;207;5;202;96;106
160302-6;516;295;9;286;132;154
160302-7;797;477;0;477;251;226
160303-1;1782;873;14;859;363;496
160303-2;737;396;3;393;195;198
160303-3;1539;738;7;731;424;307
160303-4;407;202;0;202;117;85
160304-1;1371;687;7;680;297;383
160304-2;847;383;4;379;175;204
160304-3;451;206;0;206;83;123
160304-4;1110;513;6;507;248;259
160304-5;1538;755;4;751;456;295
160304-6;713;385;1;384;221;163
160304-7;34;23;0;23;14;9
160305-1;1046;577;6;571;217;354
160305-2;503;265;4;261;122;139
160305-3;752;334;3;331;173;158
160305-4;581;279;4;275;151;124
160305-5;451;204;1;203;101;102
160306-1;1179;599;3;596;235;361
160306-2;658;354;3;351;139;212
160306-3;1159;603;7;596;272;324
160306-4;795;412;4;408;196;212
160306-5;1250;655;2;653;294;359
160306-6;1589;749;5;744;331;413
160401-1;1145;712;5;707;366;341
160401-2;603;346;3;343;177;166
160401-3;1572;993;3;990;501;489
160401-4;464;244;2;242;157;85
160401-5;497;260;2;258;179;79
160401-6;539;248;1;247;147;100
160401-7;680;411;2;409;265;144
160401-8;887;536;3;533;336;197
160401-9;820;453;5;448;281;167
160402-1;842;478;4;474;237;237
160402-2;1311;690;3;687;322;365
160402-3;1651;1124;6;1118;529;589
160402-4;923;542;2;540;259;281
160402-5;1472;965;4;961;432;529
160402-6;1231;835;2;833;378;455
160402-7;1536;1067;8;1059;441;618
160402-8;1697;1164;4;1160;486;674
160402-9;2116;1480;12;1468;575;893
160402-10;1603;1019;7;1012;401;611
160402-11;1963;1247;9;1238;546;692
160402-12;1306;830;5;825;358;467
160402-13;734;410;6;404;184;220
160402-14;534;292;3;289;159;130
160402-15;764;533;5;528;209;319
160402-16;883;473;4;469;232;237
160402-17;920;504;9;495;183;312
160402-18;814;446;5;441;222;219
160402-19;1625;762;9;753;338;415
160402-20;686;292;11;281;97;184
160402-21;599;247;0;247;139;108
160402-22;478;266;5;261;126;135
160402-23;490;304;0;304;184;120
160402-24;816;454;4;450;280;170
160402-25;477;307;4;303;159;144
160402-26;110;34;0;34;28;6
160402-27;33;18;1;17;11;6
160402-28;400;257;4;253;86;167
160402-29;70;42;1;41;11;30
160403-1;890;385;4;381;179;202
160403-2;193;95;0;95;51;44
160403-3;526;221;1;220;125;95
160403-4;417;246;3;243;127;116
160403-5;679;305;1;304;155;149
160403-6;239;120;1;119;60;59
160403-7;727;221;4;217;101;116
160403-8;877;476;7;469;219;250
160403-9;598;292;3;289;133;156
160403-10;354;146;1;145;72;73
160404-1;1319;852;7;845;467;378
160404-2;718;493;5;488;259;229
160404-3;1567;954;12;942;504;438
160404-4;1028;666;7;659;382;277
160404-5;920;494;4;490;281;209
160404-6;665;394;3;391;233;158
160404-7;449;251;2;249;182;67
160404-8;427;264;0;264;186;78
160404-9;480;280;5;275;168;107
160404-10;583;356;3;353;215;138
160404-11;399;249;0;249;167;82
160404-12;621;278;4;274;175;99
160404-13;264;161;1;160;101;59
160404-14;396;232;0;232;146;86
160404-15;315;196;1;195;146;49
160501-1;1838;1004;6;998;396;602
160501-2;1444;679;5;674;286;388
160501-3;1216;709;3;706;196;510
160501-4;654;346;1;345;155;190
160501-5;557;294;7;287;115;172
160501-6;488;218;2;216;102;114
160501-7;1087;527;6;521;204;317
160501-8;528;237;7;230;134;96
160501-9;410;215;2;213;71;142
160501-10;471;251;4;247;99;148
160501-11;618;273;1;272;135;137
160501-12;468;228;0;228;109;119
160502-1;1735;1080;8;1072;417;655
160502-2;988;557;4;553;237;316
160502-3;1574;854;5;849;311;538
160502-4;1237;776;5;771;312;459
160502-5;1169;724;5;719;341;378
160502-6;1617;754;4;750;321;429
160502-7;1686;979;16;963;364;599
160502-8;1758;1049;7;1042;408;634
160502-9;771;457;8;449;210;239
160502-10;710;374;2;372;133;239
160502-11;846;447;5;442;158;284
160502-12;945;510;4;506;204;302
160502-13;408;208;0;208;73;135
160502-14;439;204;0;204;89;115
160502-15;618;344;4;340;192;148
160502-16;302;125;4;121;58;63
160502-17;806;429;3;426;187;239
160502-18;71;18;0;18;9;9
160503-1;1249;658;4;654;296;358
160503-2;1473;761;3;758;380;378
160503-3;1306;668;7;661;335;326
160503-4;1213;547;7;540;257;283
160503-5;628;322;2;320;145;175
160504-1;1021;503;2;501;204;297
160504-2;1017;521;12;509;193;316
160504-3;416;188;2;186;92;94
160504-4;705;369;4;365;169;196
160504-5;372;168;0;168;80;88
160504-6;901;440;0;440;202;238
160505-1;1213;617;4;613;287;326
160505-2;1591;909;10;899;349;550
160505-3;1606;780;6;774;312;462
160505-4;1486;921;9;912;347;565
160505-5;1110;630;0;630;274;356
160505-6;1271;755;3;752;333;419
160505-7;865;474;3;471;197;274
160505-8;752;371;4;367;152;215
160505-9;1101;577;5;572;215;357
160505-10;579;265;1;264;132;132
160601-1;808;575;1;574;298;276
160601-2;242;171;4;167;112;55
160601-3;571;365;3;362;215;147
160601-4;405;270;1;269;171;98
160601-5;257;163;2;161;99;62
160601-6;313;217;0;217;128;89
160601-7;277;179;0;179;119;60
160602-1;861;544;6;538;233;305
160602-2;831;517;3;514;247;267
160602-3;876;500;6;494;309;185
160602-4;1441;1031;8;1023;465;558
160602-5;763;547;9;538;239;299
160602-6;1201;875;6;869;365;504
160602-7;925;638;2;636;324;312
160602-8;737;460;4;456;204;252
160602-9;609;452;2;450;227;223
160602-10;936;650;3;647;325;322
160602-11;1028;746;5;741;374;367
160602-12;1047;725;10;715;347;368
160602-13;1416;1032;7;1025;375;650
160602-14;854;560;6;554;320;234
160602-15;542;324;6;318;220;98
160602-16;714;411;4;407;286;121
160602-17;635;380;2;378;221;157
160602-18;527;311;1;310;199;111
160602-19;677;417;4;413;230;183
160602-20;851;523;4;519;376;143
160602-21;896;584;2;582;425;157
160602-22;367;248;3;245;159;86
160602-23;457;294;0;294;197;97
160602-24;456;266;1;265;169;96
160602-25;418;254;2;252;167;85
160602-26;38;11;1;10;5;5
160602-27;80;55;1;54;30;24
160602-28;52;23;0;23;21;2
160603-1;390;189;2;187;98;89
160603-2;597;402;2;400;120;280
160603-3;573;386;4;382;144;238
160603-4;502;233;2;231;134;97
160603-5;516;262;2;260;116;144
160603-6;379;182;1;181;111;70
160603-7;722;477;2;475;205;270
160603-8;417;209;0;209;94;115
160603-9;91;52;0;52;43;9
160604-1;667;421;1;420;261;159
160604-2;613;403;3;400;202;198
160604-3;516;330;2;328;196;132
160604-4;399;259;0;259;144;115
160604-5;567;360;4;356;203;153
160605-1;521;328;2;326;227;99
160605-2;427;254;3;251;150;101
160605-3;770;477;1;476;261;215
160605-4;179;109;0;109;64;45
160605-5;483;250;1;249;135;114
160605-6;895;561;9;552;288;264
160605-7;241;156;4;152;87;65
160701-1;1280;686;3;683;378;305
160701-2;1834;960;6;954;470;484
160701-3;1768;1153;5;1148;543;605
160701-4;2249;1360;4;1356;605;751
160701-5;1898;1237;6;1231;580;651
160701-6;1601;919;3;916;502;414
160701-7;950;570;4;566;293;273
160701-8;671;401;4;397;230;167
160701-9;914;520;3;517;283;234
160701-10;633;352;2;350;197;153
160701-11;621;398;3;395;264;131
160701-12;682;406;2;404;258;146
160701-13;1004;574;5;569;366;203
160701-14;1372;838;4;834;501;333
160701-15;917;584;5;579;230;349
160701-16;508;299;1;298;189;109
160701-17;56;36;0;36;24;12
160701-18;119;67;0;67;45;22
160701-19;68;13;0;13;11;2
160701-20;141;68;1;67;46;21
160702-1;702;406;3;403;294;109
160702-2;500;318;1;317;257;60
160702-3;744;437;3;434;291;143
160702-4;442;262;1;261;175;86
160702-5;344;192;2;190;137;53
160703-1;1416;891;2;889;543;346
160703-2;1630;824;4;820;573;247
160703-3;473;198;1;197;133;64
160703-4;601;258;3;255;161;94
160703-5;437;210;1;209;132;77
160703-6;427;245;0;245;169;76
160703-7;549;283;1;282;185;97
160703-8;1027;517;5;512;359;153
160703-9;563;366;1;365;292;73
160703-10;53;26;1;25;22;3
160703-11;127;61;0;61;40;21
160704-1;1126;676;5;671;371;300
160704-2;818;518;5;513;263;250
160704-3;736;420;4;416;293;123
160704-4;476;285;1;284;159;125
160704-5;979;547;2;545;385;160
160704-6;688;420;6;414;242;172
160704-7;623;378;2;376;235;141
160704-8;395;204;3;201;122;79
160705-1;2049;1286;13;1273;644;629
160705-2;1858;1231;7;1224;608;616
160705-3;2059;1171;7;1164;480;684
160705-4;2207;1183;3;1180;579;601
160705-5;1619;956;4;952;464;488
160705-6;1142;757;1;756;349;407
160705-7;2166;1525;10;1515;665;850
160705-8;788;580;2;578;198;380
160705-9;1880;1235;6;1229;552;677
160705-10;2013;1417;7;1410;656;754
160705-11;2094;1317;6;1311;640;671
160705-12;1831;1237;8;1229;512;717
160705-13;2150;1214;15;1199;596;603
160705-14;845;565;5;560;272;288
160705-15;932;597;4;593;250;343
160705-16;2207;1308;7;1301;616;685
160705-17;1796;1187;10;1177;606;571
160705-18;1958;1163;5;1158;606;552
160705-19;2081;1412;5;1407;597;810
160705-20;1667;1003;7;996;611;385
160705-21;768;441;1;440;288;152
160705-22;561;358;4;354;183;171
160705-23;498;300;1;299;223;76
160705-24;982;617;5;612;351;261
160705-25;507;307;6;301;211;90
160705-26;633;444;3;441;240;201
160705-27;349;227;2;225;163;62
160705-28;373;228;1;227;155;72
160705-29;1018;617;7;610;384;226
160705-30;963;691;4;687;311;376
160705-31;393;233;1;232;136;96
160705-32;528;360;4;356;114;242
160705-33;1266;726;6;720;493;227
160705-34;151;42;0;42;26;16
160705-35;589;391;6;385;139;246
160706-1;679;487;7;480;251;229
160706-2;789;550;4;546;286;260
160706-3;575;360;2;358;187;171
160706-4;928;596;2;594;359;235
160706-5;752;470;9;461;274;187
160706-6;909;572;1;571;343;228
160706-7;627;404;7;397;252;145
160706-8;791;486;5;481;349;132
160706-9;695;395;1;394;235;159
160706-10;890;514;3;511;345;166
160706-11;695;440;7;433;238;195
160706-12;462;285;1;284;197;87
160706-13;685;378;6;372;232;140
160706-14;712;421;6;415;280;135
160706-15;580;378;2;376;270;106
160707-1;1228;691;3;688;366;322
160707-2;1182;692;6;686;403;283
160707-3;1266;710;9;701;395;306
160707-4;1926;1230;6;1224;614;610
160707-5;407;254;3;251;181;70
160707-6;370;240;2;238;136;102
160707-7;622;388;1;387;288;99
160707-8;624;349;1;348;236;112
160707-9;792;484;3;481;281;200
160707-10;307;200;2;198;143;55
160707-11;298;178;1;177;109;68
160707-12;247;146;1;145;112;33
160707-13;344;228;3;225;153;72
160707-14;43;40;1;39;36;3
160708-1;555;417;7;410;232;178
160708-2;460;281;5;276;202;74
160708-3;673;424;4;420;288;132
160708-4;559;368;1;367;213;154
160708-5;301;184;2;182;127;55
160708-6;320;245;2;243;169;74
160709-1;891;542;3;539;410;129
160709-2;832;412;4;408;250;158
160709-3;834;562;4;558;425;133
160709-4;439;253;1;252;149;103
160709-5;745;430;0;430;241;189
160709-6;1132;707;6;701;443;258
160801-1;1349;679;6;673;295;378
160801-2;1232;546;2;544;264;280
160801-3;1469;733;4;729;309;420
160801-4;1626;787;8;779;441;338
160801-5;641;303;0;303;110;193
160801-6;757;364;3;361;215;146
160801-7;780;326;4;322;182;140
160802-1;419;196;2;194;137;57
160802-2;1042;559;8;551;284;267
160802-3;915;527;6;521;277;244
160802-4;506;259;0;259;143;116
160802-5;1144;575;11;564;345;219
160802-6;677;303;4;299;197;102
160802-7;1064;538;4;534;339;195
160802-8;25;24;1;23;13;10
160803-1;1794;996;8;988;376;612
160803-2;1057;694;3;691;242;449
160803-3;1703;967;19;948;323;625
160803-4;1182;757;10;747;282;465
160803-5;1573;882;11;871;343;528
160803-6;1022;471;7;464;316;148
160803-7;907;473;2;471;249;222
160803-8;378;187;1;186;115;71
160803-9;694;411;4;407;187;220
160803-10;590;247;2;245;133;112
160803-11;525;255;3;252;115;137
160803-12;647;311;1;310;152;158
160803-13;359;161;2;159;101;58
160803-14;661;333;6;327;150;177
160803-15;416;238;4;234;156;78
160803-16;368;181;3;178;88;90
160803-17;223;134;1;133;62;71
160803-18;122;18;0;18;10;8
160804-1;1245;818;13;805;379;426
160804-2;1797;1261;6;1255;665;590
160804-3;2136;1567;17;1550;820;730
160804-4;750;512;3;509;259;250
160804-5;828;546;3;543;270;273
160804-6;1013;688;6;682;446;236
160804-7;826;551;8;543;298;245
160804-8;652;483;3;480;278;202
160804-9;789;520;4;516;242;274
160804-10;583;374;2;372;289;83
160805-1;1340;634;9;625;399;226
160805-2;925;444;5;439;232;207
160805-3;1126;546;5;541;310;231
160806-1;1162;741;12;729;493;236
160806-2;1063;666;14;652;383;269
160806-3;1599;1134;13;1121;684;437
160806-4;1289;953;6;947;630;317
160806-5;1435;930;14;916;584;332
160807-1;906;419;3;416;210;206
160807-2;512;266;4;262;133;129
160807-3;797;331;0;331;195;136
160807-4;686;338;7;331;171;160
160901-1;1149;656;6;650;226;424
160901-2;1220;694;5;689;214;475
160901-3;863;421;2;419;171;248
160901-4;1040;488;1;487;212;275
160901-5;1329;890;12;878;246;632
160902-1;1030;733;7;726;326;400
160902-2;1288;697;6;691;259;432
160902-3;908;502;4;498;247;251
160902-4;382;297;3;294;124;170
160902-5;260;147;1;146;92;54
160902-6;362;235;0;235;108;127
160902-7;904;518;3;515;198;317
160902-8;526;387;4;383;163;220
160902-9;297;180;1;179;130;49
160902-10;484;291;0;291;110;181
160903-1;2234;1079;7;1072;293;779
160903-2;609;357;5;352;108;244
160903-3;1530;922;3;919;275;644
160903-4;2040;1264;14;1250;382;868
160903-5;955;510;4;506;151;355
160903-6;103;19;0;19;14;5
160904-1;2281;1284;9;1275;409;866
160904-2;666;390;5;385;152;233
160904-3;973;472;6;466;184;282
160904-4;1023;520;5;515;191;324
160904-5;1425;834;8;826;345;481
160904-6;872;470;3;467;185;282
160905-1;1039;548;1;547;238;309
160905-2;1760;806;7;799;335;464
160905-3;553;318;1;317;147;170
160905-4;1985;1333;7;1326;389;937
160905-5;427;236;3;233;81;152
160905-6;1970;1050;9;1041;361;680
160906-1;502;207;1;206;94;112
160906-2;525;238;1;237;90;147
160906-3;754;467;5;462;194;268
160906-4;636;297;0;297;103;194
160906-5;354;183;0;183;94;89
160906-6;1034;430;3;427;195;232
160906-7;547;239;2;237;103;134
160907-1;627;352;0;352;170;182
160907-2;578;328;3;325;160;165
160907-3;564;251;5;246;160;86
160907-4;856;539;4;535;260;275
160907-5;868;573;5;568;282;286
160907-6;605;452;6;446;172;274
160907-7;703;426;1;425;218;207
160907-8;815;475;4;471;247;224
160907-9;733;446;4;442;284;158
160907-10;783;424;3;421;243;178
160907-11;591;364;4;360;184;176
160907-12;544;286;3;283;194;89
160907-13;515;325;5;320;192;128
160907-14;485;338;1;337;206;131
160907-15;851;468;6;462;308;154
160908-1;1121;605;6;599;273;326
160908-2;1161;602;7;595;249;346
160908-3;985;600;5;595;235;360
160908-4;1749;1188;8;1180;456;724
160908-5;720;305;1;304;156;148
160908-6;1058;505;6;499;205;294
160908-7;543;219;0;219;91;128
160908-8;1000;443;2;441;181;260
160908-9;1451;967;1;966;543;423
160908-10;1644;762;8;754;312;442
160908-11;696;339;5;334;171;163
160908-12;1288;699;4;695;229;466
160908-13;426;228;5;223;92;131
160908-14;999;601;5;596;237;359
160908-15;578;228;1;227;113;114
160909-1;529;252;2;250;126;124
160909-2;762;367;5;362;162;200
160909-3;884;441;8;433;147;286
160909-4;784;373;1;372;98;274
160909-5;1133;538;3;535;153;382
160909-6;956;584;5;579;331;248
160909-7;484;325;2;323;203;120
160909-8;840;506;5;501;280;221
160910-1;1207;662;8;654;253;401
160910-2;898;528;9;519;178;341
160910-3;870;419;3;416;203;213
160910-4;1043;619;5;614;266;348
160910-5;922;556;7;549;309;240
160910-6;482;280;1;279;132;147
160910-7;683;377;2;375;174;201
160910-8;925;511;3;508;140;368
160910-9;105;51;5;46;32;14
160911-1;704;367;7;360;160;200
160911-2;897;505;2;503;176;327
160911-3;486;284;2;282;138;144
160911-4;749;443;5;438;181;257
160911-5;998;606;10;596;246;350
160911-6;994;585;7;578;200;378
160911-7;895;546;2;544;265;279
160911-8;1169;541;4;537;216;321
160911-9;623;324;2;322;135;187
160912-1;332;194;1;193;113;80
160912-2;160;105;0;105;51;54
160912-3;209;136;1;135;100;35
160912-4;1110;741;7;734;356;378
160912-5;994;573;1;572;311;261
160912-6;1205;785;7;778;414;364
160913-1;753;301;6;295;135;160
160913-2;723;332;2;330;157;173
160913-3;777;491;1;490;157;333
160913-4;580;252;6;246;123;123
160913-5;1103;609;5;604;246;358
160913-6;1235;772;5;767;221;546
160913-7;520;189;1;188;108;80
160913-8;1270;820;5;815;283;532
160913-9;807;492;6;486;168;318
160913-10;329;178;3;175;77;98
160913-11;93;85;1;84;19;65
161001-1;755;408;4;404;190;214
161001-2;668;361;5;356;165;191
161001-3;499;285;0;285;101;184
161001-4;485;237;1;236;122;114
161001-5;1136;571;3;568;304;264
161001-6;929;384;2;382;234;148
161001-7;479;220;0;220;149;71
161001-8;730;298;5;293;168;125
161001-9;379;190;0;190;106;84
161001-10;359;171;2;169;85;84
161001-11;336;163;1;162;51;111
161001-12;311;127;0;127;52;75
161001-13;502;233;0;233;125;108
161001-14;261;147;1;146;71;75
161001-15;230;109;0;109;61;48
161001-16;353;210;0;210;141;69
161001-17;29;29;0;29;23;6
161002-1;911;457;6;451;253;198
161002-2;1631;970;12;958;440;518
161002-3;528;341;7;334;147;187
161002-4;1148;641;7;634;317;317
161002-5;1064;648;8;640;390;250
161002-6;283;145;2;143;99;44
161002-7;318;171;1;170;85;85
161002-8;479;264;2;262;139;123
161002-9;326;156;2;154;90;64
161002-10;679;337;3;334;152;182
161002-11;469;330;3;327;267;60
161002-12;372;210;0;210;151;59
161002-13;582;250;2;248;130;118
161002-14;414;243;0;243;138;105
161002-15;307;159;1;158;89;69
161002-16;824;405;2;403;183;220
161003-1;395;241;5;236;131;105
161003-2;197;128;0;128;76;52
161003-3;166;88;2;86;37;49
161003-4;767;538;10;528;238;290
161003-5;336;171;2;169;91;78
161003-6;337;199;4;195;145;50
161003-7;269;169;3;166;115;51
161003-8;311;201;1;200;130;70
161003-9;643;416;6;410;258;152
161004-1;1301;729;5;724;407;317
161004-2;1084;710;3;707;337;370
161004-3;1187;848;4;844;381;463
161004-4;821;554;2;552;261;291
161004-5;1020;665;3;662;359;303
161004-6;1131;537;5;532;295;237
161004-7;1193;662;4;658;373;285
161004-8;1372;724;2;722;449;273
161004-9;1097;609;6;603;312;291
161004-10;1026;644;8;636;338;298
161004-11;997;656;3;653;344;309
161004-12;1168;739;8;731;386;345
161004-13;1098;731;5;726;356;370
161004-14;1083;725;5;720;420;300
161004-15;858;575;3;572;397;175
161004-16;672;407;1;406;279;127
161004-17;491;329;6;323;215;108
161004-18;1107;689;7;682;439;243
161004-19;336;225;1;224;177;47
161004-20;808;535;1;534;420;114
161004-21;146;76;1;75;42;33
161004-22;247;167;1;166;133;33
161004-23;169;113;0;113;73;40
161004-24;49;19;0;19;16;3
161004-25;75;46;2;44;41;3
161004-26;134;90;1;89;46;43
161004-27;16;16;0;16;16;0
161101-1;683;375;5;370;112;258
161101-2;1024;546;7;539;253;286
161101-3;654;323;2;321;147;174
161101-4;905;483;5;478;167;311
161101-5;380;222;5;217;126;91
161101-6;623;325;1;324;150;174
161102-1;1206;555;6;549;300;249
161102-2;1688;790;9;781;382;399
161102-3;1057;526;2;524;339;185
161102-4;421;204;3;201;120;81
161102-5;433;182;3;179;109;70
161102-6;566;293;3;290;146;144
161102-7;512;245;1;244;163;81
161103-1;964;530;3;527;229;298
161103-2;960;471;1;470;205;265
161103-3;738;350;1;349;147;202
161103-4;479;214;1;213;99;114
161103-5;843;408;6;402;201;201
161103-6;785;374;6;368;154;214
161104-1;1112;670;8;662;285;377
161104-2;980;593;7;586;282;304
161104-3;693;459;0;459;271;188
161104-4;386;196;1;195;116;79
161104-5;313;164;1;163;88;75
161104-6;1296;604;7;597;317;280
161104-7;1299;729;14;715;369;346
161104-8;57;27;0;27;22;5
161105-1;1120;671;6;665;264;401
161105-2;893;512;7;505;210;295
161105-3;440;254;1;253;123;130
161105-4;669;412;6;406;160;246
161105-5;1064;689;4;685;246;439
161105-6;416;191;0;191;105;86
161105-7;591;354;1;353;129;224
161105-8;858;489;1;488;187;301
161105-9;1037;668;5;663;227;436
161105-10;1133;743;8;735;255;480
161105-11;1059;601;3;598;218;380
161105-12;1147;806;5;801;266;535
161105-13;1153;653;7;646;287;359
161105-14;1070;724;0;724;259;465
161105-15;1061;711;5;706;286;420
161105-16;1137;605;5;600;299;301
161105-17;556;288;7;281;119;162
161105-18;952;485;1;484;256;228
161105-19;548;304;1;303;186;117
161105-20;330;171;0;171;106;65
161105-21;759;408;3;405;185;220
161105-22;575;294;3;291;138;153
161105-23;713;340;4;336;179;157
161105-24;538;295;5;290;131;159
161105-25;788;413;2;411;189;222
161105-26;874;406;4;402;235;167
161105-27;359;190;0;190;99;91
161105-28;1190;586;4;582;282;300
161105-29;53;39;0;39;33;6
161105-30;100;48;2;46;37;9
161105-31;42;4;0;4;3;1
161105-32;610;401;8;393;120;273
161105-33;549;289;5;284;86;198
161106-1;1350;808;5;803;421;382
161106-2;367;195;5;190;95;95
161106-3;862;479;4;475;255;220
161106-4;718;385;1;384;230;154
161106-5;732;367;2;365;200;165
161106-6;496;264;4;260;171;89
161106-7;475;254;1;253;148;105
161107-1;1668;748;11;737;409;328
161107-2;1802;901;8;893;471;422
161107-3;2205;1163;8;1155;539;616
161107-4;1927;948;7;941;604;337
161107-5;1493;798;6;792;531;261
166101-1;465;292;1;291;84;207
166101-2;801;497;4;493;177;316
166101-3;502;365;0;365;121;244
166101-4;1185;839;9;830;224;606
166101-5;1315;979;13;966;270;696
166101-6;1656;1175;7;1168;416;752
166101-7;1596;1156;8;1148;402;746
166101-8;1532;1171;13;1158;387;771
166101-9;2030;1520;17;1503;455;1048
166101-10;1075;823;3;820;240;580
166101-11;1152;857;12;845;244;601
166101-12;1883;1288;16;1272;423;849
166101-13;1458;986;10;976;290;686
166101-14;1157;795;6;789;253;536
166101-15;1947;1467;12;1455;411;1044
166101-16;1451;1027;3;1024;318;706
166101-17;1254;974;12;962;245;717
166101-18;1056;633;5;628;189;439
166101-19;578;352;1;351;124;227
166101-20;473;239;3;236;114;122
166101-21;599;330;0;330;105;225
166101-22;1429;871;5;866;287;579
166101-23;1672;1058;13;1045;302;743
166101-24;710;438;1;437;162;275
166101-25;1110;701;10;691;265;426
166101-26;1385;1060;7;1053;310;743
166101-27;1285;920;4;916;320;596
166101-28;1167;741;8;733;259;474
166101-29;1388;973;12;961;301;660
166101-30;787;639;7;632;160;472
166101-31;1938;1428;17;1411;467;944
166101-32;1796;1337;16;1321;436;885
166101-33;1973;1512;12;1500;536;964
166101-34;1767;1365;15;1350;387;963
166101-35;1463;1118;9;1109;380;729
166101-36;1586;1221;5;1216;435;781
166101-37;1794;1362;20;1342;452;890
166101-38;1179;742;8;734;262;472
166101-39;763;619;4;615;112;503
166101-40;1036;800;3;797;164;633
166101-41;1884;1486;19;1467;476;991
166101-42;843;631;7;624;135;489
166101-43;1722;1231;7;1224;348;876
166101-44;1528;1121;10;1111;374;737
166101-45;1609;1206;8;1198;317;881
166101-46;1593;1261;17;1244;363;881
166101-47;1511;1090;12;1078;343;735
166101-48;1869;1363;13;1350;391;959
166101-49;1465;868;8;860;315;545
166101-50;1214;732;5;727;284;443
166101-51;1003;647;6;641;206;435
166101-52;2410;1685;15;1670;503;1167
166101-53;1010;555;5;550;231;319
166101-54;1040;604;8;596;202;394
166101-55;1179;645;7;638;252;386
166101-56;1102;691;6;685;267;418
166101-57;1240;822;18;804;306;498
166101-58;1714;1124;11;1113;426;687
166101-59;1767;1299;12;1287;369;918
166101-60;1513;1000;14;986;336;650
166101-61;968;689;12;677;201;476
166101-62;1377;880;8;872;248;624
166101-63;1381;923;5;918;291;627
166101-64;1164;852;7;845;216;629
166101-65;1379;942;7;935;285;650
166101-66;1348;913;8;905;269;636
166101-67;1712;1169;14;1155;409;746
166101-68;737;459;3;456;150;306
166101-69;1449;938;9;929;346;583
166101-70;1434;1017;6;1011;263;748
166101-71;1436;966;10;956;347;609
166101-72;1086;704;11;693;257;436
166101-73;45;27;0;27;8;19
166101-74;175;41;1;40;20;20
166101-75;321;84;1;83;47;36
166101-76;251;60;0;60;35;25
166101-77;56;23;1;22;10;12
166101-78;126;77;2;75;56;19
166101-79;294;203;2;201;68;133
180103-1;1056;657;10;647;375;272
180103-2;286;164;1;163;107;56
180103-3;499;385;5;380;210;170
180103-4;330;187;1;186;155;31
180105-1;1007;709;13;696;307;389
180105-2;745;563;7;556;224;332
180105-3;398;326;4;322;100;222
180105-4;352;341;3;338;175;163
180108-1;925;551;4;547;307;240
180108-2;935;594;5;589;278;311
180108-3;1016;599;2;597;319;278
180108-4;965;642;9;633;310;323
180108-5;946;583;4;579;257;322
180108-6;687;396;2;394;209;185
180108-7;1236;789;14;775;402;373
180108-8;829;472;1;471;310;161
180108-9;745;424;3;421;273;148
180108-10;908;559;2;557;364;193
180108-11;557;354;3;351;219;132
180108-12;350;190;3;187;118;69
180108-13;622;378;6;372;203;169
180108-14;215;79;0;79;62;17
180108-15;358;228;1;227;144;83
180108-16;504;281;0;281;164;117
180108-17;637;331;0;331;197;134
180108-18;477;296;2;294;160;134
180108-19;530;301;0;301;185;116
180108-20;901;523;6;517;342;175
180108-21;258;150;2;148;93;55
180108-22;92;33;1;32;26;6
180201-1;2159;1373;19;1354;903;451
180201-2;1851;1189;5;1184;866;318
180201-3;1827;1195;6;1189;813;376
180201-4;1294;801;9;792;625;167
180201-5;1207;729;3;726;573;153
180201-6;1169;721;5;716;563;153
180201-7;1233;775;4;771;578;193
180201-8;1268;799;2;797;633;164
180201-9;1200;784;2;782;654;128
180201-10;836;506;2;504;366;138
180201-11;977;668;1;667;599;68
180201-12;1357;902;3;899;778;121
180201-13;1310;937;12;925;770;155
180201-14;1697;1174;2;1172;1071;101
180201-15;1318;892;5;887;810;77
180201-16;136;60;0;60;46;14
180201-17;75;53;0;53;50;3
180202-1;757;518;2;516;469;47
180202-2;678;487;2;485;433;52
180202-3;1548;1075;6;1069;862;207
180202-4;224;138;1;137;119;18
180202-5;1015;684;4;680;626;54
180202-6;604;402;5;397;369;28
180203-1;1209;764;2;762;638;124
180203-2;439;287;0;287;260;27
180203-3;850;551;3;548;477;71
180203-4;429;225;1;224;174;50
180203-5;349;225;1;224;190;34
180203-6;275;175;3;172;128;44
180203-7;240;156;1;155;128;27
180203-8;286;160;4;156;121;35
180203-9;315;214;0;214;186;28
180203-10;376;234;0;234;199;35
180203-11;1212;771;7;764;616;148
180203-12;470;292;0;292;265;27
180204-1;973;667;8;659;546;113
180204-2;1626;1125;13;1112;790;322
180204-3;910;584;6;578;457;121
180204-4;277;196;0;196;160;36
180204-5;1090;691;0;691;543;148
180204-6;741;463;7;456;377;79
180204-7;786;586;2;584;543;41
180204-8;866;654;2;652;553;99
180205-1;1700;1341;14;1327;1135;192
180205-2;1289;957;9;948;828;120
180205-3;1336;1036;15;1021;884;137
180205-4;1192;892;3;889;777;112
180205-5;532;414;2;412;393;19
180206-1;1033;674;7;667;517;150
180206-2;727;464;1;463;380;83
180206-3;884;589;1;588;481;107
180206-4;356;223;3;220;196;24
180206-5;144;93;0;93;80;13
180206-6;937;542;2;540;441;99
180206-7;847;525;4;521;390;131
180206-8;289;203;1;202;180;22
180206-9;992;583;2;581;500;81
180206-10;56;44;2;42;39;3
180206-11;259;185;1;184;160;24
180301-1;1566;1065;8;1057;555;502
180301-2;1594;1061;9;1052;633;419
180301-3;1393;952;5;947;556;391
180301-4;2031;1428;10;1418;897;521
180301-5;1386;937;13;924;582;342
180301-6;1379;969;8;961;620;341
180301-7;1561;1090;12;1078;654;424
180301-8;1529;1014;7;1007;686;321
180301-9;1371;980;13;967;599;368
180301-10;1718;1055;12;1043;620;423
180301-11;1646;1133;9;1124;728;396
180301-12;1100;734;5;729;484;245
180301-13;1389;957;4;953;631;322
180301-14;2127;1529;30;1499;985;514
180301-15;2021;1552;16;1536;901;635
180301-16;1546;938;6;932;579;353
180301-17;1838;1290;13;1277;772;505
180301-18;2086;1540;19;1521;876;645
180301-19;1816;1272;9;1263;787;476
180301-20;1308;976;8;968;526;442
180301-21;2186;1549;16;1533;1137;396
180301-22;78;71;0;71;69;2
180301-23;146;61;0;61;43;18
180301-24;379;242;2;240;87;153
180302-1;1406;929;6;923;750;173
180302-2;1048;697;5;692;517;175
180302-3;528;383;5;378;300;78
180302-4;386;232;4;228;202;26
180302-5;1011;658;1;657;622;35
180302-6;1056;667;4;663;601;62
180302-7;803;571;3;568;528;40
180302-8;699;480;6;474;442;32
180302-9;1504;983;3;980;891;89
180302-10;533;347;1;346;315;31
180302-11;420;304;1;303;260;43
180302-12;875;585;5;580;521;59
180303-1;894;604;12;592;422;170
180303-2;857;600;7;593;412;181
180303-3;795;562;2;560;398;162
180303-4;486;376;4;372;338;34
180303-5;958;611;3;608;532;76
180303-6;300;201;2;199;178;21
180303-7;103;75;0;75;50;25
180303-8;1001;660;2;658;559;99
180303-9;606;409;4;405;327;78
180303-10;674;482;1;481;400;81
180303-11;1718;1182;7;1175;914;261
180303-12;524;304;1;303;245;58
180303-13;636;430;3;427;345;82
180303-14;772;499;3;496;408;88
180304-1;1220;860;8;852;626;226
180304-2;1114;733;12;721;534;187
180304-3;1066;736;6;730;651;79
180304-4;762;559;2;557;479;78
180304-5;953;663;3;660;550;110
180304-6;1153;789;7;782;561;221
180304-7;658;487;3;484;422;62
180304-8;452;288;3;285;254;31
180304-9;805;574;4;570;435;135
180304-10;1316;935;5;930;758;172
180304-11;1124;710;4;706;551;155
180304-12;840;476;3;473;297;176
180304-13;916;585;3;582;376;206
180304-14;275;172;0;172;140;32
180304-15;463;274;2;272;213;59
180304-16;676;441;1;440;367;73
180304-17;1209;775;3;772;657;115
180304-18;1020;767;10;757;461;296
180304-19;1018;723;9;714;565;149
180304-20;787;548;5;543;352;191
180304-21;941;633;4;629;492;137
180304-22;1111;707;12;695;463;232
180305-1;1060;666;3;663;540;123
180305-2;904;590;4;586;520;66
180305-3;767;474;2;472;420;52
180305-4;348;210;2;208;174;34
180305-5;794;536;6;530;484;46
180305-6;407;264;4;260;233;27
180306-1;2132;1556;14;1542;1191;351
180306-2;1657;1181;12;1169;870;299
180306-3;397;293;5;288;269;19
180306-4;821;569;5;564;492;72
180306-5;1009;735;10;725;631;94
180306-6;247;166;0;166;144;22
180306-7;323;226;2;224;205;19
180306-8;548;370;2;368;319;49
180306-9;1127;833;6;827;730;97
180306-10;1307;868;6;862;728;134
180306-11;1173;790;13;777;660;117
180306-12;636;413;1;412;327;85
180306-13;251;183;3;180;162;18
180306-14;765;582;4;578;462;116
180306-15;833;599;4;595;544;51
180306-16;904;596;3;593;543;50
180306-17;89;41;1;40;36;4
180307-1;1315;956;10;946;671;275
180307-2;602;473;9;464;373;91
180307-3;1180;793;15;778;644;134
180307-4;614;404;4;400;348;52
180307-5;300;203;4;199;174;25
180307-6;1267;866;3;863;761;102
180307-7;495;363;0;363;340;23
180307-8;704;494;3;491;445;46
180307-9;727;537;2;535;471;64
180307-10;834;615;2;613;521;92
180307-11;1662;1128;16;1112;796;316
180307-12;513;380;1;379;336;43
180307-13;796;594;2;592;376;216
180307-14;144;63;2;61;48;13
180401-1;1347;708;4;704;470;234
180401-2;1328;820;6;814;496;318
180401-3;1393;854;2;852;541;311
180401-4;1311;821;6;815;559;256
180401-5;1295;853;6;847;532;315
180401-6;1286;745;3;742;463;279
180401-7;1398;869;11;858;537;321
180401-8;1129;714;6;708;417;291
180401-9;1151;751;7;744;445;299
180401-10;1204;796;9;787;469;318
180401-11;958;614;4;610;411;199
180401-12;1414;989;8;981;551;430
180401-13;1359;922;4;918;475;443
180401-14;1700;987;5;982;571;411
180401-15;1749;1131;10;1121;629;492
180401-16;1490;950;5;945;549;396
180401-17;1483;922;6;916;548;368
180401-18;1465;965;4;961;568;393
180401-19;1538;1075;10;1065;660;405
180401-20;1213;816;7;809;445;364
180401-21;1864;1222;10;1212;934;278
180401-22;332;145;3;142;124;18
180402-1;1557;947;17;930;636;294
180402-2;859;512;4;508;346;162
180402-3;2040;1251;10;1241;894;347
180403-1;779;535;3;532;473;59
180403-2;1210;752;5;747;605;142
180403-3;677;459;3;456;417;39
180403-4;725;449;3;446;396;50
180403-5;630;429;6;423;360;63
180403-6;447;258;4;254;213;41
180404-1;545;401;4;397;280;117
180404-2;499;283;1;282;248;34
180404-3;962;572;6;566;433;133
180404-4;838;492;5;487;410;77
180404-5;1648;1122;7;1115;776;339
180404-6;1412;933;7;926;722;204
180404-7;544;347;2;345;236;109
180404-8;787;493;4;489;396;93
180404-9;1319;861;6;855;645;210
180404-10;592;388;4;384;362;22
180404-11;1086;760;3;757;674;83
180405-1;449;249;0;249;218;31
180405-2;258;155;2;153;127;26
180405-3;506;305;0;305;254;51
180405-4;708;510;2;508;448;60
180405-5;735;486;4;482;399;83
180405-6;613;387;8;379;323;56
180405-7;431;288;2;286;240;46
180405-8;259;152;0;152;128;24
180405-9;620;388;5;383;335;48
180405-10;335;185;2;183;151;32
180405-11;423;215;1;214;173;41
180405-12;74;41;3;38;34;4
180406-1;1443;971;9;962;754;208
180406-2;1135;793;7;786;520;266
180406-3;533;317;2;315;254;61
180406-4;436;327;1;326;231;95
180406-5;257;180;2;178;134;44
180406-6;485;321;4;317;223;94
180406-7;708;477;4;473;375;98
180406-8;241;158;0;158;144;14
180406-9;1045;642;7;635;485;150
180406-10;380;271;1;270;224;46
180407-1;374;224;0;224;185;39
180407-2;1092;746;5;741;688;53
180407-3;1342;968;8;960;920;40
180407-4;1870;1278;5;1273;1000;273
180407-5;606;413;3;410;379;31
180407-6;639;387;4;383;310;73
180407-7;380;249;5;244;217;27
180407-8;314;192;1;191;165;26
180407-9;288;192;3;189;171;18
180407-10;353;240;3;237;221;16
180407-11;539;368;2;366;322;44
180408-1;690;389;3;386;315;71
180408-2;363;243;2;241;204;37
180408-3;785;523;10;513;418;95
180408-4;345;191;0;191;162;29
180408-5;461;266;1;265;242;23
180408-6;678;428;0;428;382;46
180408-7;644;357;1;356;288;68
180408-8;1244;845;6;839;752;87
180408-9;1197;774;8;766;619;147
180408-10;1068;706;5;701;577;124
180408-11;820;545;5;540;434;106
180408-12;487;339;1;338;296;42
180408-13;55;27;3;24;23;1
180408-14;60;41;1;40;36;4
180409-1;545;300;6;294;263;31
180409-2;1249;799;10;789;665;124
180409-3;380;203;2;201;167;34
180409-4;572;341;3;338;301;37
180409-5;793;495;3;492;437;55
180410-1;804;539;1;538;391;147
180410-2;902;602;1;601;503;98
180410-3;416;288;4;284;266;18
180410-4;518;326;0;326;267;59
180410-5;565;354;3;351;276;75
180410-6;628;384;1;383;338;45
180410-7;640;412;3;409;367;42
180410-8;474;330;4;326;302;24
180411-1;1616;1105;4;1101;933;168
180411-2;575;371;4;367;319;48
180411-3;551;419;2;417;258;159
180411-4;407;285;4;281;253;28
180411-5;446;298;3;295;251;44
180411-6;1221;717;5;712;576;136
180411-7;578;381;4;377;332;45
180411-8;904;627;1;626;571;55
180411-9;2022;1333;3;1330;1099;231
180411-10;642;428;1;427;284;143
180411-11;320;229;1;228;188;40
180501-1;1446;958;5;953;522;431
180501-2;1051;667;5;662;394;268
180501-3;1229;746;9;737;443;294
180501-4;1494;1008;11;997;505;492
180501-5;1449;954;4;950;582;368
180501-6;1511;999;10;989;584;405
180501-7;1101;665;11;654;394;260
180501-8;631;466;1;465;382;83
180501-9;526;338;2;336;241;95
180501-10;1042;635;6;629;497;132
180501-11;592;370;2;368;288;80
180501-12;982;691;7;684;410;274
180501-13;1484;1010;8;1002;556;446
180501-14;803;592;7;585;460;125
180501-15;588;413;6;407;248;159
180501-16;711;494;4;490;343;147
180501-17;1438;993;6;987;657;330
180501-18;1386;1026;7;1019;547;472
180501-19;1555;1046;14;1032;540;492
180501-20;652;394;1;393;238;155
180501-21;594;426;3;423;221;202
180501-22;1340;854;2;852;540;312
180501-23;817;551;4;547;307;240
180501-24;731;458;5;453;324;129
180501-25;849;526;5;521;366;155
180501-26;958;592;8;584;385;199
180501-27;432;291;1;290;215;75
180501-28;327;45;0;45;35;10
180501-29;26;8;0;8;5;3
180502-1;629;461;2;459;408;51
180502-2;640;427;7;420;372;48
180502-3;958;688;4;684;650;34
180502-4;1082;690;5;685;577;108
180502-5;408;296;4;292;248;44
180502-6;509;365;2;363;324;39
180502-7;991;699;2;697;589;108
180503-1;1469;1015;11;1004;886;118
180503-2;466;308;0;308;267;41
180503-3;531;369;1;368;342;26
180503-4;1813;1257;10;1247;965;282
180503-5;413;267;0;267;231;36
180503-6;845;616;3;613;503;110
180503-7;548;351;1;350;312;38
180503-8;372;251;2;249;238;11
180503-9;345;240;3;237;186;51
180503-10;137;85;0;85;79;6
180504-1;406;323;2;321;248;73
180504-2;242;180;1;179;131;48
180504-3;724;529;14;515;364;151
180504-4;605;427;6;421;295;126
180504-5;327;248;3;245;189;56
180504-6;436;348;3;345;290;55
180504-7;465;330;3;327;268;59
180504-8;253;174;1;173;119;54
180504-9;843;565;5;560;408;152
180504-10;657;443;2;441;335;106
180504-11;785;521;2;519;418;101
180504-12;592;388;5;383;276;107
180504-13;754;501;1;500;390;110
180504-14;310;220;4;216;150;66
180504-15;916;665;2;663;615;48
180504-16;947;608;8;600;500;100
180504-17;961;605;6;599;509;90
180504-18;848;553;3;550;435;115
180504-19;969;671;8;663;565;98
180504-20;598;402;6;396;306;90
180504-21;461;316;2;314;257;57
180504-22;139;96;1;95;50;45
180505-1;1145;775;7;768;593;175
180505-2;326;234;1;233;172;61
180505-3;1151;773;2;771;666;105
180505-4;1138;782;3;779;700;79
180505-5;479;333;2;331;295;36
180505-6;822;563;2;561;509;52
180505-7;710;456;1;455;430;25
180505-8;1356;916;15;901;683;218
180506-1;211;81;1;80;59;21
180506-2;717;457;7;450;309;141
180506-3;202;132;1;131;110;21
180506-4;225;147;0;147;82;65
180506-5;284;143;1;142;113;29
180507-1;1135;754;6;748;528;220
180507-2;576;404;4;400;321;79
180507-3;499;348;1;347;306;41
180507-4;787;487;4;483;387;96
180507-5;987;662;10;652;560;92
180507-6;516;355;2;353;323;30
180507-7;709;460;4;456;397;59
180507-8;384;232;0;232;199;33
180507-9;555;389;2;387;330;57
180507-10;509;372;2;370;336;34
180507-11;365;223;2;221;195;26
180507-12;318;232;3;229;175;54
180508-1;1091;711;9;702;549;153
180508-2;919;594;1;593;512;81
180508-3;523;369;0;369;322;47
180508-4;597;409;2;407;373;34
180508-5;636;412;3;409;393;16
180508-6;449;280;1;279;249;30
180509-1;1633;1167;16;1151;846;305
180509-2;616;411;4;407;359;48
180509-3;1022;666;2;664;578;86
180509-4;1304;909;9;900;719;181
180509-5;1245;786;5;781;597;184
180509-6;1712;1154;10;1144;930;214
180509-7;378;247;0;247;210;37
180509-8;694;440;3;437;340;97
180509-9;374;272;0;272;173;99
180509-10;346;233;2;231;178;53
180509-11;425;278;3;275;225;50
180509-12;209;121;0;121;100;21
180511-1;1020;676;5;671;479;192
180511-2;1069;736;15;721;575;146
180511-3;433;293;1;292;258;34
180511-4;877;589;3;586;540;46
180511-5;1020;630;7;623;480;143
180511-6;780;529;3;526;358;168
180511-7;524;395;3;392;347;45
180511-8;530;371;7;364;324;40
180511-9;546;379;6;373;288;85
180511-10;595;380;6;374;302;72
180601-1;921;589;3;586;486;100
180601-2;1366;919;14;905;709;196
180601-3;1083;756;2;754;666;88
180601-4;794;506;6;500;418;82
180601-5;485;292;2;290;258;32
180601-6;382;243;3;240;200;40
180601-7;623;398;6;392;350;42
180601-8;653;404;3;401;363;38
180601-9;60;48;3;45;41;4
180602-1;1240;801;11;790;527;263
180602-2;1162;762;10;752;455;297
180602-3;1088;701;10;691;452;239
180602-4;1141;692;5;687;400;287
180602-5;1032;622;10;612;359;253
180602-6;1248;771;9;762;497;265
180602-7;854;556;5;551;368;183
180602-8;863;602;12;590;364;226
180602-9;702;477;5;472;389;83
180602-10;1187;799;9;790;644;146
180602-11;1259;873;3;870;674;196
180602-12;992;637;3;634;478;156
180602-13;302;189;0;189;162;27
180602-14;225;164;2;162;146;16
180602-15;177;95;4;91;77;14
180602-16;216;134;2;132;116;16
180602-17;451;282;4;278;205;73
180602-18;966;586;5;581;465;116
180602-19;877;557;7;550;489;61
180602-20;1228;724;9;715;624;91
180602-21;798;522;1;521;465;56
180602-22;685;446;5;441;386;55
180602-23;604;369;6;363;244;119
180602-24;120;49;1;48;42;6
180603-1;2201;1392;9;1383;1098;285
180603-2;1120;655;7;648;576;72
180603-3;589;361;3;358;335;23
180603-4;179;135;0;135;124;11
180603-5;728;454;4;450;406;44
180603-6;710;472;5;467;441;26
180603-7;1105;719;6;713;596;117
180603-8;1100;669;6;663;568;95
180604-1;1213;766;9;757;598;159
180604-2;367;260;1;259;216;43
180604-3;594;408;0;408;350;58
180604-4;674;431;0;431;370;61
180604-5;591;406;5;401;351;50
180604-6;526;319;4;315;227;88
180604-7;342;222;1;221;199;22
180604-8;213;146;0;146;137;9
180604-9;249;139;0;139;120;19
180605-1;1798;1211;17;1194;895;299
180605-2;1455;945;8;937;837;100
180605-3;655;437;3;434;383;51
180605-4;509;356;2;354;317;37
180605-5;459;300;1;299;257;42
180605-6;221;139;1;138;134;4
180605-7;208;149;1;148;140;8
180605-8;244;161;2;159;139;20
180606-1;1392;807;7;800;638;162
180606-2;523;295;1;294;253;41
180606-3;642;425;2;423;394;29
180606-4;565;329;0;329;285;44
180606-5;1031;586;5;581;513;68
180606-6;958;528;8;520;419;101
180701-1;647;390;2;388;233;155
180701-2;680;451;8;443;348;95
180701-3;431;300;1;299;260;39
180701-4;607;395;0;395;358;37
180701-5;823;564;3;561;439;122
180701-6;1080;645;5;640;579;61
180701-7;420;264;0;264;212;52
180701-8;210;148;3;145;114;31
180701-9;236;152;1;151;132;19
180701-10;301;209;3;206;170;36
180701-11;1719;1157;13;1144;828;316
180701-12;980;670;5;665;474;191
180701-13;1682;1165;10;1155;812;343
180701-14;825;545;3;542;439;103
180702-1;895;552;3;549;325;224
180702-2;793;562;4;558;358;200
180702-3;752;493;3;490;349;141
180702-4;848;589;10;579;423;156
180702-5;702;466;6;460;358;102
180702-6;619;435;0;435;404;31
180702-7;608;386;2;384;328;56
180702-8;667;439;2;437;322;115
180702-9;669;438;5;433;320;113
180702-10;764;475;2;473;331;142
180702-11;725;433;7;426;313;113
180702-12;1070;697;11;686;500;186
180702-13;934;640;11;629;567;62
180702-14;708;441;1;440;344;96
180702-15;911;552;5;547;408;139
180703-1;2081;1613;11;1602;950;652
180703-2;1645;1099;6;1093;839;254
180703-3;1597;1088;17;1071;790;281
180703-4;884;584;7;577;464;113
180703-5;1104;759;0;759;657;102
180703-6;1635;1110;6;1104;972;132
180703-7;39;36;0;36;35;1
180704-1;1061;700;8;692;421;271
180704-2;832;546;1;545;387;158
180704-3;989;676;7;669;457;212
180704-4;669;441;0;441;280;161
180704-5;486;322;0;322;229;93
180704-6;494;331;3;328;244;84
180704-7;895;593;4;589;468;121
180704-8;538;361;3;358;294;64
180704-9;1198;801;7;794;575;219
180704-10;1101;739;7;732;579;153
180704-11;1003;572;3;569;393;176
180704-12;632;386;4;382;332;50
180704-13;682;416;4;412;269;143
180704-14;667;410;0;410;233;177
180704-15;848;520;3;517;392;125
180705-1;1968;1342;13;1329;938;391
180705-2;1790;1209;5;1204;846;358
180705-3;999;689;1;688;436;252
180705-4;293;197;2;195;134;61
180705-5;306;211;1;210;146;64
180705-6;972;687;14;673;559;114
180705-7;1172;804;9;795;637;158
180705-8;599;382;2;380;333;47
180705-9;654;408;3;405;332;73
180705-10;336;237;0;237;225;12
180706-1;1118;772;5;767;652;115
180706-2;1244;800;7;793;535;258
180706-3;1112;813;3;810;534;276
180706-4;873;608;6;602;454;148
180707-1;1867;1326;17;1309;951;358
180707-2;1486;1037;13;1024;726;298
180707-3;1610;1098;7;1091;785;306
180707-4;250;179;1;178;127;51
180707-5;1999;1276;11;1265;831;434
180707-6;1752;1173;10;1163;820;343
180707-7;545;407;4;403;319;84
180707-8;962;675;10;665;468;197
180707-9;396;261;4;257;202;55
180708-1;2070;1467;11;1456;964;492
180708-2;916;645;9;636;482;154
180708-3;1469;1065;8;1057;841;216
180708-4;763;511;4;507;382;125
180708-5;464;322;1;321;274;47
180708-6;914;565;2;563;453;110
180708-7;1217;938;13;925;586;339
180708-8;989;628;3;625;512;113
180708-9;796;463;4;459;354;105
180708-10;723;477;5;472;407;65
180708-11;1364;941;12;929;650;279
180708-12;390;275;0;275;220;55
180708-13;575;348;1;347;265;82
180708-14;108;63;0;63;39;24
180708-15;147;92;2;90;62;28
180708-16;143;72;1;71;54;17
180708-17;26;25;0;25;16;9
180709-1;2076;1308;6;1302;900;402
180709-2;518;347;4;343;260;83
180709-3;540;377;2;375;290;85
180709-4;849;509;2;507;416;91
180709-5;964;604;7;597;427;170
180709-6;640;426;1;425;322;103
180709-7;543;340;1;339;257;82
180709-8;247;173;0;173;124;49
180709-9;277;171;0;171;113;58
180709-10;354;208;0;208;167;41
180709-11;428;305;4;301;211;90
180710-1;1291;917;10;907;728;179
180710-2;312;237;5;232;204;28
180710-3;152;87;0;87;36;51
180710-4;169;121;0;121;62;59
180801-1;1507;994;14;980;638;342
180801-2;1541;979;9;970;601;369
180801-3;1341;834;13;821;510;311
180801-4;1261;802;5;797;477;320
180801-5;1295;797;4;793;529;264
180801-6;1553;1069;9;1060;699;361
180801-7;1547;1015;10;1005;695;310
180801-8;849;617;7;610;398;212
180801-9;94;47;0;47;39;8
180802-1;1301;908;7;901;763;138
180802-2;624;420;2;418;368;50
180802-3;749;485;5;480;405;75
180802-4;956;645;2;643;539;104
180802-5;598;399;2;397;351;46
180802-6;1503;959;8;951;824;127
180802-7;635;440;4;436;346;90
180803-1;1853;1113;13;1100;861;239
180803-2;1236;840;3;837;748;89
180803-3;205;140;1;139;120;19
180803-4;476;284;1;283;255;28
180803-5;431;285;2;283;248;35
180803-6;330;207;4;203;167;36
180804-1;1436;944;9;935;785;150
180804-2;1282;814;1;813;742;71
180804-3;1049;676;4;672;553;119
180804-4;1621;961;14;947;815;132
180804-5;1622;1138;12;1126;933;193
180804-6;1479;1032;8;1024;908;116
180804-7;1277;907;5;902;742;160
180804-8;626;447;0;447;402;45
180804-9;262;191;1;190;147;43
180804-10;753;442;0;442;347;95
180804-11;1344;806;10;796;699;97
180804-12;691;448;1;447;374;73
180804-13;1179;652;10;642;484;158
180804-14;1110;778;2;776;721;55
180804-15;60;30;0;30;28;2
180805-1;1531;889;15;874;564;310
180805-2;1435;893;11;882;589;293
180805-3;794;487;5;482;338;144
180805-4;638;399;4;395;259;136
180805-5;1629;1055;11;1044;953;91
180805-6;1465;877;12;865;761;104
180805-7;666;448;4;444;379;65
180805-8;535;360;8;352;315;37
180805-9;1312;874;6;868;758;110
180805-10;338;248;2;246;209;37
180805-11;1353;991;0;991;909;82
180805-12;1613;1186;12;1174;1105;69
180805-13;449;339;3;336;320;16
180805-14;1148;816;4;812;745;67
180805-15;561;393;1;392;368;24
180805-16;476;342;3;339;325;14
180805-17;678;458;2;456;420;36
180901-1;1482;904;13;891;588;303
180901-2;1442;951;13;938;538;400
180901-3;2289;1518;12;1506;841;665
180901-4;1643;1017;11;1006;536;470
180901-5;1459;882;12;870;523;347
180901-6;1163;768;5;763;479;284
180901-7;135;32;0;32;25;7
180902-1;364;218;2;216;189;27
180902-2;1142;617;1;616;443;173
180902-3;837;495;1;494;352;142
180902-4;1122;683;7;676;495;181
180902-5;508;310;1;309;206;103
180902-6;587;349;5;344;273;71
180902-7;541;358;4;354;270;84
180902-8;724;374;3;371;290;81
180903-1;953;655;2;653;439;214
180903-2;909;614;6;608;435;173
180903-3;589;286;5;281;188;93
180903-4;458;269;0;269;209;60
180903-5;264;175;2;173;137;36
180903-6;649;356;5;351;242;109
180903-7;68;58;1;57;57;0
180904-1;1387;794;2;792;651;141
180904-2;421;217;2;215;196;19
180904-3;1180;738;2;736;629;107
180904-4;983;655;5;650;483;167
180904-5;1503;991;4;987;899;88
180904-6;1132;728;7;721;560;161
180904-7;731;447;6;441;365;76
180904-8;19;19;1;18;14;4
180905-1;1674;1023;11;1012;697;315
180905-2;1041;626;7;619;468;151
180905-3;899;524;4;520;428;92
180905-4;353;226;2;224;182;42
180905-5;793;465;5;460;348;112
180905-6;374;211;0;211;173;38
180905-7;304;201;4;197;175;22
180905-8;912;538;3;535;440;95
180905-9;131;97;7;90;83;7
180906-1;448;335;0;335;292;43
180906-2;272;163;0;163;139;24
180906-3;1278;817;4;813;565;248
180906-4;1077;682;4;678;473;205
180906-5;773;496;3;493;389;104
180906-6;491;294;4;290;248;42
180906-7;500;281;0;281;243;38
180906-8;185;127;4;123;107;16
180907-1;994;580;3;577;437;140
180907-2;711;440;3;437;368;69
180907-3;476;329;4;325;277;48
180907-4;382;282;4;278;239;39
180907-5;408;237;4;233;197;36
180907-6;486;300;3;297;237;60
180908-1;267;183;0;183;133;50
180908-2;685;447;2;445;382;63
180908-3;544;343;1;342;278;64
180908-4;324;243;1;242;210;32
180908-5;735;466;5;461;339;122
180908-6;232;140;0;140;122;18
180908-7;185;119;1;118;107;11
181001-1;1778;1228;11;1217;764;453
181001-2;1003;709;7;702;398;304
181001-3;917;653;8;645;376;269
181001-4;1008;752;10;742;456;286
181001-5;958;663;5;658;383;275
181001-6;1105;773;8;765;507;258
181001-7;1101;808;8;800;486;314
181001-8;1559;1026;6;1020;578;442
181001-9;977;704;5;699;456;243
181001-10;977;707;5;702;462;240
181001-11;950;669;4;665;437;228
181001-12;1472;968;10;958;615;343
181001-13;71;58;1;57;55;2
181002-1;2013;1333;15;1318;1082;236
181002-2;1543;1022;8;1014;747;267
181002-3;1323;935;8;927;803;124
181002-4;1077;720;4;716;607;109
181002-5;786;543;3;540;420;120
181003-1;1458;1017;15;1002;750;252
181003-2;712;500;6;494;355;139
181003-3;1283;897;12;885;709;176
181003-4;1146;858;13;845;676;169
181003-5;1690;1168;6;1162;1037;125
181003-6;1133;841;14;827;715;112
181003-7;561;415;0;415;361;54
181003-8;1163;904;13;891;665;226
181004-1;1135;805;8;797;578;219
181004-2;1157;813;9;804;651;153
181004-3;664;492;3;489;419;70
181004-4;1425;970;8;962;742;220
181004-5;1232;782;2;780;602;178
181004-6;1449;1044;4;1040;852;188
181004-7;1402;994;8;986;871;115
181004-8;1490;1121;4;1117;892;225
181004-9;1424;1044;12;1032;826;206
181004-10;957;689;5;684;554;130
181004-11;1201;846;6;840;608;232
181004-12;1244;885;10;875;576;299
181004-13;2121;1576;6;1570;1259;311
181005-1;1431;1077;14;1063;844;219
181005-2;1834;1341;13;1328;1113;215
181005-3;1568;1064;11;1053;909;144
181005-4;360;235;3;232;191;41
181006-1;1377;1038;12;1026;765;261
181006-2;1207;847;9;838;651;187
181006-3;920;643;9;634;571;63
181006-4;911;638;3;635;579;56
181006-5;547;414;5;409;376;33
181006-6;469;363;2;361;331;30
181006-7;363;269;4;265;224;41
181007-1;1337;920;14;906;733;173
181007-2;1567;1162;22;1140;825;315
181007-3;472;338;1;337;252;85
181007-4;901;630;5;625;534;91
181007-5;1255;897;24;873;717;156
181101-1;802;533;3;530;401;129
181101-2;1693;1182;13;1169;789;380
181101-3;1724;1169;14;1155;652;503
181101-4;1209;624;8;616;351;265
181101-5;1461;900;11;889;521;368
181101-6;1267;723;16;707;451;256
181101-7;1412;908;13;895;554;341
181101-8;2319;1657;16;1641;945;696
181101-9;2076;1458;20;1438;774;664
181101-10;1430;947;6;941;585;356
181101-11;1849;1272;14;1258;786;472
181101-12;1842;1276;6;1270;799;471
181101-13;2004;1368;15;1353;756;597
181101-14;1868;1235;7;1228;720;508
181101-15;1362;900;10;890;546;344
181101-16;1318;880;7;873;522;351
181101-17;1493;995;7;988;636;352
181101-18;1348;892;9;883;556;327
181101-19;1741;1103;8;1095;657;438
181101-20;1258;803;7;796;462;334
181101-21;1588;1021;16;1005;568;437
181101-22;939;655;10;645;427;218
181101-23;250;156;0;156;106;50
181101-24;1251;886;6;880;570;310
181101-25;1530;1043;9;1034;671;363
181101-26;1897;1375;10;1365;791;574
181101-27;1465;1064;11;1053;577;476
181101-28;1288;981;9;972;450;522
181101-29;1957;1339;12;1327;762;565
181101-30;2078;1399;19;1380;870;510
181101-31;265;156;1;155;116;39
181101-32;145;91;2;89;73;16
181102-1;1282;842;4;838;609;229
181102-2;460;284;3;281;204;77
181102-3;204;148;2;146;128;18
181102-4;406;268;2;266;216;50
181102-5;264;178;1;177;152;25
181102-6;241;167;1;166;124;42
181102-7;506;326;1;325;241;84
181102-8;217;136;0;136;98;38
181102-9;198;121;2;119;80;39
181102-10;629;421;4;417;312;105
181103-1;1777;1217;7;1210;881;329
181103-2;1384;905;6;899;762;137
181103-3;417;278;2;276;229;47
181103-4;433;268;4;264;233;31
181103-5;920;591;4;587;517;70
181103-6;674;428;5;423;362;61
181104-1;393;252;2;250;206;44
181104-2;329;217;1;216;193;23
181104-3;223;157;0;157;131;26
181104-4;234;161;2;159;133;26
181104-5;482;344;2;342;289;53
181104-6;380;245;1;244;200;44
181104-7;142;88;1;87;69;18
181105-1;1553;986;9;977;762;215
181105-2;2216;1492;10;1482;999;483
181105-3;573;373;3;370;243;127
181105-4;886;584;7;577;464;113
181105-5;1404;957;10;947;688;259
181105-6;1691;1173;7;1166;849;317
181105-7;1055;720;4;716;519;197
181105-8;822;587;6;581;397;184
181105-9;277;205;1;204;180;24
181106-1;1051;687;6;681;542;139
181106-2;424;310;0;310;274;36
181106-3;180;127;1;126;104;22
181106-4;170;119;0;119;97;22
181106-5;281;183;0;183;165;18
181106-6;240;153;0;153;132;21
181106-7;314;218;0;218;187;31
181106-8;184;135;1;134;112;22
181106-9;890;539;6;533;419;114
181106-10;281;206;4;202;174;28
181106-11;177;120;0;120;104;16
181107-1;1344;880;5;875;653;222
181107-2;635;418;4;414;350;64
181107-3;1097;735;9;726;551;175
181107-4;1980;1358;15;1343;1032;311
181107-5;806;570;4;566;525;41
181107-6;734;485;3;482;418;64
181107-7;750;491;6;485;400;85
181107-8;810;583;2;581;525;56
181107-9;615;418;4;414;377;37
181107-10;391;270;1;269;232;37
181107-11;12;9;0;9;7;2
181108-1;1135;782;9;773;547;226
181108-2;904;636;1;635;545;90
181108-3;553;385;5;380;346;34
181108-4;1208;759;6;753;652;101
181108-5;543;382;2;380;359;21
181108-6;731;453;1;452;372;80
181108-7;719;451;5;446;361;85
181108-8;673;447;6;441;339;102
181108-9;538;339;6;333;272;61
181108-10;1323;815;8;807;660;147
181108-11;655;432;5;427;359;68
181108-12;386;261;1;260;199;61
181108-13;1316;908;11;897;654;243
181108-14;238;158;0;158;147;11
181109-1;918;632;3;629;478;151
181109-2;1424;1022;7;1015;749;266
181109-3;606;411;4;407;315;92
181109-4;596;427;5;422;360;62
181109-5;1074;789;3;786;666;120
181109-6;513;349;1;348;302;46
181109-7;486;354;1;353;323;30
181109-8;771;571;3;568;443;125
181110-1;1282;854;6;848;709;139
181110-2;853;577;5;572;515;57
181110-3;737;476;3;473;412;61
181110-4;640;413;1;412;343;69
181110-5;896;571;7;564;460;104
181110-6;536;365;3;362;328;34
181110-7;285;199;2;197;144;53
181110-8;474;274;3;271;239;32
181110-9;177;136;0;136;122;14
181201-1;684;363;3;360;272;88
181201-2;429;247;2;245;214;31
181201-3;392;247;1;246;192;54
181201-4;588;312;4;308;253;55
181201-5;680;449;4;445;378;67
181201-6;580;364;3;361;282;79
181201-7;272;184;0;184;168;16
181201-8;296;202;1;201;173;28
181201-9;291;176;3;173;155;18
181201-10;234;151;0;151;127;24
181201-11;282;170;2;168;148;20
181201-12;233;144;1;143;133;10
181202-1;989;566;6;560;419;141
181202-2;979;581;3;578;420;158
181202-3;302;193;0;193;170;23
181202-4;515;308;10;298;248;50
181202-5;492;301;5;296;265;31
181202-6;436;245;2;243;191;52
181202-7;585;331;5;326;265;61
181203-1;1268;858;6;852;779;73
181203-2;1350;940;7;933;857;76
181203-3;684;474;5;469;420;49
181203-4;558;377;3;374;337;37
181203-5;691;459;6;453;413;40
181203-6;537;408;4;404;383;21
181203-7;479;340;5;335;299;36
181203-8;375;257;1;256;229;27
181203-9;426;314;4;310;300;10
181203-10;753;498;1;497;452;45
181203-11;380;197;1;196;174;22
181203-12;287;175;2;173;157;16
181203-13;17;17;0;17;17;0
181204-1;978;594;2;592;441;151
181204-2;590;344;2;342;299;43
181204-3;916;482;6;476;403;73
181204-4;508;332;2;330;295;35
181204-5;453;291;5;286;243;43
181205-1;1391;897;6;891;519;372
181205-2;582;322;2;320;183;137
181205-3;1408;866;7;859;522;337
181205-4;1119;669;4;665;444;221
181205-5;1653;1006;10;996;669;327
181205-6;1255;809;11;798;500;298
181205-7;1126;764;14;750;506;244
181205-8;1658;1019;13;1006;643;363
181205-9;775;475;2;473;318;155
181205-10;831;533;3;530;400;130
181205-11;1688;988;11;977;689;288
181205-12;704;470;5;465;358;107
181205-13;1586;921;14;907;740;167
181205-14;1484;1000;4;996;873;123
181205-15;164;38;0;38;29;9
181206-1;1170;717;5;712;475;237
181206-2;848;521;6;515;359;156
181206-3;1123;656;8;648;403;245
181206-4;940;581;7;574;389;185
181206-5;812;460;6;454;272;182
181206-6;699;438;2;436;302;134
181206-7;1429;791;1;790;609;181
181206-8;988;593;5;588;476;112
181207-1;1240;715;10;705;497;208
181207-2;1099;633;4;629;516;113
181207-3;546;335;2;333;271;62
181207-4;600;384;1;383;317;66
181207-5;836;515;5;510;431;79
181207-6;966;547;9;538;418;120
181207-7;256;174;1;173;143;30
181207-8;371;202;2;200;176;24
181207-9;378;235;0;235;184;51
181207-10;308;184;1;183;158;25
181207-11;226;134;0;134;118;16
181301-1;914;538;1;537;394;143
181301-2;1369;803;9;794;635;159
181301-3;810;518;5;513;423;90
181301-4;385;231;2;229;198;31
181301-5;380;211;0;211;177;34
181301-6;235;155;2;153;127;26
181301-7;307;206;0;206;189;17
181301-8;219;141;0;141;121;20
181301-9;618;350;4;346;313;33
181302-1;753;473;3;470;359;111
181302-2;675;381;1;380;328;52
181302-3;1346;872;8;864;601;263
181302-4;1773;1091;3;1088;862;226
181302-5;265;175;0;175;144;31
181302-6;549;328;1;327;299;28
181302-7;322;198;2;196;158;38
181302-8;368;207;3;204;185;19
181302-9;947;615;4;611;470;141
181302-10;452;288;1;287;259;28
181303-1;549;349;4;345;265;80
181303-2;497;309;2;307;230;77
181303-3;356;218;1;217;142;75
181303-4;522;257;3;254;194;60
181303-5;285;201;2;199;152;47
181303-6;331;204;0;204;143;61
181303-7;384;219;2;217;166;51
181303-8;237;149;2;147;101;46
181303-9;238;142;3;139;122;17
181303-10;295;181;0;181;139;42
181303-11;413;254;1;253;208;45
181303-12;304;205;2;203;146;57
181304-1;1224;842;1;841;500;341
181304-2;752;532;6;526;306;220
181304-3;1243;741;4;737;549;188
181304-4;503;305;3;302;248;54
181304-5;433;262;2;260;172;88
181305-1;664;410;1;409;366;43
181305-2;555;354;1;353;328;25
181305-3;427;292;1;291;203;88
181305-4;187;98;2;96;79;17
181305-5;624;459;7;452;397;55
181305-6;489;319;0;319;279;40
181305-7;374;205;3;202;185;17
181305-8;160;91;0;91;83;8
181305-9;388;245;4;241;208;33
181306-1;406;251;3;248;169;79
181306-2;444;292;4;288;213;75
181306-3;413;256;1;255;197;58
181306-4;499;282;2;280;210;70
181306-5;1071;703;10;693;539;154
181306-6;937;593;3;590;440;150
181306-7;536;352;2;350;263;87
181306-8;691;441;4;437;370;67
181306-9;157;90;1;89;60;29
181307-1;981;662;9;653;438;215
181307-2;741;437;8;429;357;72
181307-3;769;459;3;456;349;107
181307-4;738;521;3;518;398;120
181307-5;596;437;8;429;376;53
181307-6;327;234;2;232;179;53
181307-7;388;229;1;228;170;58
181307-8;336;252;3;249;207;42
181307-9;771;488;2;486;342;144
181307-10;645;429;3;426;371;55
181307-11;246;174;0;174;139;35
181307-12;332;221;1;220;184;36
181308-1;482;326;4;322;239;83
181308-2;548;353;3;350;288;62
181308-3;768;480;3;477;300;177
181308-4;823;503;5;498;334;164
181308-5;411;270;2;268;172;96
181308-6;640;440;6;434;342;92
181308-7;336;215;2;213;189;24
181308-8;528;349;2;347;268;79
181308-9;520;333;4;329;207;122
181308-10;388;257;3;254;188;66
181308-11;1926;1268;15;1253;652;601
181308-12;828;501;5;496;413;83
181309-1;259;154;0;154;118;36
181309-2;869;453;5;448;314;134
181309-3;585;321;1;320;267;53
181309-4;1020;583;3;580;442;138
181309-5;371;231;1;230;201;29
181310-1;253;150;0;150;129;21
181310-2;1342;828;5;823;653;170
181310-3;688;474;5;469;340;129
181310-4;562;376;2;374;278;96
181310-5;681;433;1;432;368;64
181310-6;817;500;9;491;392;99
181310-7;825;559;1;558;445;113
181310-8;1091;706;7;699;574;125
181310-9;1274;850;9;841;567;274
181310-10;1328;900;12;888;612;276
181310-11;1250;862;5;857;557;300
181310-12;274;91;3;88;75;13
181401-1;826;602;8;594;383;211
181401-2;670;441;2;439;283;156
181401-3;794;538;6;532;363;169
181401-4;839;545;3;542;338;204
181401-5;1598;999;10;989;676;313
181401-6;865;559;1;558;350;208
181401-7;925;645;4;641;432;209
181401-8;854;577;4;573;439;134
181401-9;903;629;5;624;404;220
181401-10;930;654;2;652;414;238
181401-11;1368;950;4;946;599;347
181401-12;828;545;7;538;358;180
181401-13;589;414;4;410;318;92
181401-14;125;26;0;26;22;4
181402-1;958;573;4;569;433;136
181402-2;610;395;4;391;317;74
181402-3;1207;741;3;738;605;133
181402-4;562;331;1;330;276;54
181403-1;1226;808;18;790;603;187
181403-2;543;362;5;357;309;48
181403-3;514;307;0;307;250;57
181403-4;419;234;2;232;180;52
181403-5;970;703;3;700;618;82
181404-1;1665;1103;6;1097;824;273
181404-2;672;451;1;450;356;94
181404-3;330;238;2;236;180;56
181404-4;1100;716;3;713;536;177
181405-1;1245;796;3;793;491;302
181405-2;947;617;8;609;441;168
181405-3;1271;804;4;800;642;158
181405-4;919;551;6;545;411;134
181405-5;776;473;5;468;401;67
181405-6;1520;895;5;890;684;206
181405-7;824;526;2;524;359;165
181405-8;1118;668;8;660;522;138
181405-9;1284;804;11;793;510;283
181406-1;627;416;3;413;370;43
181406-2;1333;904;13;891;728;163
181406-3;1614;1093;8;1085;887;198
181406-4;260;185;0;185;157;28
181406-5;1063;710;6;704;585;119
181406-6;1179;873;4;869;781;88
181406-7;1664;1109;13;1096;875;221
181406-8;1288;914;6;908;727;181
181406-9;709;490;6;484;438;46
181406-10;611;410;1;409;369;40
181406-11;1441;941;5;936;762;174
181407-1;351;224;1;223;167;56
181407-2;415;284;1;283;221;62
181407-3;383;243;0;243;215;28
181407-4;642;419;4;415;320;95
181407-5;393;254;1;253;197;56
181407-6;570;308;1;307;241;66
181407-7;574;379;2;377;327;50
181407-8;1729;1080;14;1066;651;415
181407-9;580;383;5;378;308;70
181408-1;1478;1002;8;994;850;144
181408-2;1050;683;5;678;595;83
181408-3;1681;1189;8;1181;1038;143
181408-4;908;623;6;617;545;72
181408-5;236;149;1;148;123;25
181408-6;709;513;4;509;440;69
181408-7;568;340;2;338;288;50
181409-1;1232;888;10;878;720;158
181409-2;835;503;5;498;351;147
181409-3;981;654;10;644;535;109
181409-4;681;497;4;493;421;72
181409-5;572;397;1;396;338;58
181409-6;525;333;0;333;277;56
181409-7;326;236;1;235;214;21
181409-8;353;271;1;270;234;36
181409-9;203;147;0;147;124;23
181501-1;824;564;4;560;435;125
181501-2;567;409;5;404;304;100
181501-3;1003;654;5;649;486;163
181501-4;1020;733;4;729;622;107
181501-5;348;269;0;269;239;30
181501-6;527;362;2;360;327;33
181501-7;701;507;2;505;449;56
181501-8;456;358;1;357;306;51
181501-9;593;425;7;418;361;57
181502-1;1352;862;7;855;665;190
181502-2;884;587;5;582;438;144
181502-3;557;382;2;380;346;34
181502-4;1026;736;4;732;647;85
181502-5;195;110;0;110;91;19
181502-6;720;516;3;513;457;56
181502-7;199;134;0;134;117;17
181502-8;235;174;0;174;159;15
181502-9;617;427;3;424;355;69
181503-1;893;547;7;540;445;95
181503-2;1626;1089;11;1078;841;237
181503-3;1106;743;5;738;647;91
181503-4;355;241;5;236;213;23
181503-5;611;420;2;418;380;38
181503-6;783;616;9;607;552;55
181503-7;695;535;3;532;508;24
181503-8;1061;704;1;703;591;112
181503-9;963;716;6;710;621;89
181503-10;726;494;1;493;456;37
181503-11;534;387;5;382;298;84
181503-12;625;461;1;460;406;54
181503-13;689;509;3;506;327;179
181503-14;1135;745;7;738;542;196
181503-15;1459;975;18;957;804;153
181503-16;724;518;6;512;404;108
181503-17;1366;948;10;938;685;253
181503-18;1275;835;5;830;527;303
181503-19;512;358;1;357;233;124
181503-20;1262;865;7;858;576;282
181503-21;730;546;10;536;334;202
181503-22;566;375;3;372;270;102
181503-23;1372;918;12;906;580;326
181504-1;731;507;3;504;361;143
181504-2;836;566;7;559;347;212
181504-3;693;490;9;481;334;147
181504-4;1349;970;12;958;594;364
181504-5;970;692;5;687;481;206
181504-6;1335;915;10;905;630;275
181504-7;1287;898;4;894;757;137
181504-8;806;560;4;556;465;91
181504-9;566;367;0;367;310;57
181504-10;1024;739;8;731;598;133
181504-11;819;574;6;568;484;84
181504-12;311;227;0;227;202;25
181504-13;153;100;0;100;89;11
181504-14;1223;887;9;878;796;82
181504-15;898;636;4;632;558;74
181504-16;1216;831;11;820;622;198
181504-17;954;687;6;681;565;116
181504-18;225;177;0;177;168;9
181504-19;586;425;0;425;400;25
181504-20;1356;1008;4;1004;927;77
181504-21;1204;894;13;881;838;43
181504-22;91;81;1;80;78;2
181504-23;71;19;0;19;16;3
181505-1;673;480;4;476;444;32
181505-2;1158;914;6;908;810;98
181505-3;1617;1119;11;1108;876;232
181505-4;1806;1184;15;1169;1031;138
181505-5;1131;770;8;762;690;72
181601-1;1690;1080;6;1074;754;320
181601-2;791;511;5;506;340;166
181601-3;1636;1144;14;1130;819;311
181601-4;742;545;4;541;492;49
181601-5;67;49;0;49;49;0
181602-1;1691;1166;12;1154;796;358
181602-2;569;355;3;352;260;92
181602-3;1329;932;7;925;754;171
181602-4;1059;717;5;712;522;190
181602-5;684;444;4;440;372;68
181602-6;1028;724;6;718;607;111
181602-7;1071;704;3;701;609;92
181602-8;489;357;2;355;292;63
181602-9;700;474;1;473;432;41
181602-10;42;35;0;35;31;4
181603-1;2166;1432;17;1415;961;454
181603-2;1809;1248;14;1234;725;509
181603-3;757;569;4;565;346;219
181603-4;465;351;3;348;242;106
181603-5;1308;894;10;884;681;203
181603-6;1047;797;6;791;531;260
181603-7;2270;1628;11;1617;1258;359
181603-8;1174;876;4;872;766;106
181603-9;1242;931;6;925;792;133
181603-10;1052;823;6;817;623;194
181603-11;1228;898;15;883;536;347
181603-12;1338;1029;9;1020;598;422
181604-1;1485;1125;8;1117;808;309
181604-2;1460;1062;14;1048;848;200
181604-3;841;591;2;589;425;164
181604-4;736;484;2;482;398;84
181604-5;574;381;9;372;271;101
181604-6;234;167;1;166;136;30
181604-7;71;58;0;58;56;2
181605-1;910;571;3;568;448;120
181605-2;356;232;1;231;196;35
181605-3;458;295;0;295;255;40
181605-4;813;540;5;535;404;131
181605-5;845;574;5;569;481;88
181605-6;315;197;1;196;166;30
181605-7;996;560;2;558;460;98
181605-8;402;226;4;222;205;17
181605-9;304;217;3;214;177;37
181605-10;164;110;2;108;98;10
181606-1;1161;818;12;806;497;309
181606-2;1957;1363;12;1351;980;371
181606-3;304;222;0;222;203;19
181606-4;389;254;2;252;237;15
181606-5;1331;888;4;884;742;142
181606-6;698;492;6;486;386;100
181606-7;1489;1055;2;1053;901;152
181606-8;1840;1385;10;1375;1140;235
181606-9;275;198;0;198;142;56
181606-10;593;433;7;426;294;132
181606-11;413;317;0;317;232;85
181606-12;491;361;7;354;250;104
181606-13;1266;884;7;877;561;316
181606-14;918;675;11;664;375;289
181606-15;2021;1535;24;1511;900;611
181606-16;94;47;1;46;40;6
181606-17;26;26;1;25;25;0
181607-1;449;351;7;344;301;43
181607-2;1141;876;6;870;699;171
181607-3;1103;799;10;789;718;71
181607-4;246;192;5;187;164;23
181607-5;436;315;7;308;278;30
181607-6;584;429;1;428;366;62
181607-7;824;622;7;615;507;108
181607-8;717;497;3;494;434;60
181608-1;972;630;5;625;538;87
181608-2;1130;841;4;837;788;49
181608-3;623;428;3;425;370;55
181608-4;638;452;6;446;396;50
181608-5;1324;858;14;844;737;107
181608-6;775;524;3;521;444;77
181609-1;1740;1200;9;1191;776;415
181609-2;2053;1554;11;1543;951;592
181609-3;1578;1186;15;1171;862;309
181609-4;1112;820;13;807;612;195
181609-5;1503;1085;11;1074;659;415
181609-6;992;742;3;739;511;228
181610-1;1924;1396;14;1382;1095;287
181610-2;1419;1042;10;1032;788;244
181610-3;1488;1058;13;1045;855;190
181610-4;356;249;0;249;205;44
181610-5;30;30;1;29;27;2
181611-1;1697;1161;18;1143;826;317
181611-2;1641;1121;5;1116;861;255
181611-3;327;203;2;201;184;17
181611-4;449;198;0;198;172;26
181611-5;1339;873;11;862;788;74
181611-6;1725;1223;13;1210;1116;94
181611-7;2230;1632;5;1627;1430;197
181611-8;936;646;4;642;576;66
181611-9;1494;963;5;958;864;94
181611-10;588;386;3;383;354;29
181611-11;274;165;1;164;147;17
181611-12;513;371;11;360;312;48
181611-13;459;338;4;334;300;34
181612-1;926;630;7;623;437;186
181612-2;1827;1264;16;1248;835;413
181612-3;1178;867;15;852;641;211
181612-4;1254;921;6;915;585;330
181612-5;467;328;2;326;246;80
181612-6;434;281;4;277;216;61
181612-7;866;579;7;572;435;137
181612-8;2035;1394;13;1381;933;448
181612-9;1714;1229;10;1219;949;270
181612-10;1698;1176;10;1166;928;238
181613-1;2835;2029;24;2005;1390;615
181613-2;2896;2137;29;2108;1437;671
181613-3;1085;845;5;840;611;229
181613-4;428;297;5;292;171;121
181613-5;1957;1409;17;1392;919;473
181613-6;1698;1201;13;1188;886;302
181613-7;838;602;3;599;445;154
181613-8;1241;888;3;885;680;205
181613-9;1878;1344;11;1333;1068;265
181613-10;1579;1094;7;1087;777;310
181613-11;457;332;0;332;252;80
181614-1;1181;850;15;835;528;307
181614-2;1833;1365;15;1350;889;461
181614-3;1531;1093;15;1078;793;285
181614-4;1442;1023;9;1014;816;198
181614-5;1124;813;10;803;640;163
181614-6;1007;667;4;663;553;110
181701-1;1310;715;5;710;392;318
181701-2;1184;692;6;686;391;295
181701-3;1276;819;8;811;447;364
181701-4;1102;716;7;709;344;365
181701-5;1638;1124;8;1116;656;460
181701-6;1392;892;12;880;577;303
181701-7;1383;843;3;840;462;378
181701-8;1454;869;4;865;555;310
181701-9;1395;878;3;875;492;383
181701-10;1071;662;6;656;336;320
181701-11;1247;776;6;770;437;333
181701-12;1467;841;7;834;460;374
181701-13;1168;772;11;761;392;369
181701-14;1331;938;6;932;495;437
181701-15;1262;812;9;803;417;386
181701-16;1209;743;6;737;401;336
181701-17;2066;1440;16;1424;801;623
181701-18;1481;926;7;919;531;388
181701-19;1831;1158;7;1151;626;525
181701-20;1307;809;5;804;490;314
181701-21;1290;879;6;873;457;416
181701-22;194;23;0;23;16;7
181701-23;26;19;0;19;15;4
181702-1;1162;736;8;728;554;174
181702-2;970;607;6;601;468;133
181702-3;1001;675;6;669;538;131
181702-4;295;160;1;159;125;34
181703-1;1943;1182;21;1161;903;258
181703-2;1274;857;13;844;586;258
181703-3;978;702;8;694;587;107
181704-1;1072;601;3;598;315;283
181704-2;419;193;1;192;115;77
181704-3;571;260;2;258;131;127
181704-4;701;385;4;381;171;210
181704-5;1282;719;7;712;412;300
181704-6;179;126;1;125;76;49
181705-1;588;366;4;362;260;102
181705-2;1722;1139;9;1130;1000;130
181705-3;630;393;2;391;317;74
181705-4;279;195;5;190;158;32
181705-5;662;433;5;428;339;89
181705-6;400;268;4;264;151;113
181705-7;850;551;5;546;376;170
181705-8;515;322;1;321;210;111
181705-9;620;389;2;387;315;72
181705-10;1046;646;1;645;485;160
181705-11;897;651;9;642;571;71
181705-12;992;646;7;639;532;107
181705-13;732;458;4;454;384;70
181705-14;988;588;6;582;382;200
181705-15;213;140;0;140;101;39
181705-16;289;189;1;188;157;31
181705-17;671;415;0;415;314;101
181705-18;733;459;1;458;346;112
181705-19;696;478;2;476;318;158
181705-20;576;349;8;341;211;130
181706-1;1633;971;4;967;722;245
181707-1;1807;1155;9;1146;705;441
181707-2;2270;1389;10;1379;903;476
181707-3;968;567;0;567;444;123
181707-4;1680;1089;5;1084;903;181
181707-5;1141;770;3;767;627;140
181707-6;1041;666;1;665;559;106
181707-7;556;306;2;304;168;136
181707-8;958;613;6;607;417;190
181708-1;1520;969;11;958;602;356
181708-2;1020;631;8;623;476;147
181708-3;624;365;0;365;192;173
181708-4;1291;810;3;807;653;154
181708-5;1094;694;6;688;443;245
181708-6;731;481;5;476;380;96
181708-7;1093;645;6;639;467;172
181801-1;1306;912;14;898;499;399
181801-2;1912;1234;11;1223;782;441
181801-3;1770;1115;8;1107;730;377
181801-4;1105;744;7;737;461;276
181801-5;1189;800;7;793;494;299
181801-6;1059;632;9;623;372;251
181801-7;1072;673;5;668;430;238
181801-8;1156;812;9;803;480;323
181801-9;1302;874;10;864;538;326
181801-10;1141;753;11;742;500;242
181801-11;1059;673;6;667;423;244
181801-12;1225;829;7;822;470;352
181801-13;1379;873;9;864;572;292
181801-14;1761;1168;9;1159;691;468
181801-15;1156;698;5;693;424;269
181801-16;1664;1026;6;1020;648;372
181801-17;2018;1274;10;1264;815;449
181801-18;1069;705;5;700;462;238
181801-19;1103;726;7;719;414;305
181801-20;1531;964;6;958;565;393
181801-21;995;645;7;638;345;293
181801-22;1083;661;6;655;376;279
181801-23;1893;1199;9;1190;689;501
181801-24;1407;918;8;910;520;390
181801-25;1420;916;10;906;511;395
181801-26;1561;893;13;880;527;353
181801-27;1194;679;9;670;447;223
181801-28;1532;1069;10;1059;588;471
181801-29;1384;811;8;803;445;358
181801-30;1865;1078;11;1067;658;409
181801-31;1127;723;4;719;444;275
181801-32;829;470;4;466;305;161
181801-33;2032;1135;11;1124;711;413
181801-34;335;148;3;145;109;36
181801-35;71;42;0;42;38;4
181801-36;101;45;0;45;33;12
181801-37;38;29;0;29;23;6
181801-38;57;56;2;54;41;13
181802-1;651;411;1;410;346;64
181802-2;485;308;7;301;258;43
181802-3;275;172;1;171;153;18
181802-4;293;183;1;182;172;10
181802-5;174;115;2;113;102;11
181802-6;509;291;0;291;268;23
181802-7;1300;780;9;771;621;150
181802-8;499;317;1;316;283;33
181802-9;1100;691;8;683;579;104
181802-10;415;286;2;284;193;91
181802-11;247;168;0;168;149;19
181803-1;2024;1296;16;1280;816;464
181803-2;1238;787;7;780;498;282
181803-3;659;432;1;431;289;142
181803-4;986;616;8;608;533;75
181803-5;859;483;0;483;410;73
181803-6;274;159;0;159;139;20
181803-7;311;190;3;187;143;44
181803-8;1121;691;3;688;524;164
181803-9;1222;704;7;697;489;208
181804-1;1372;826;12;814;558;256
181804-2;1130;724;2;722;568;154
181804-3;1101;695;0;695;591;104
181804-4;1177;753;10;743;561;182
181804-5;1014;580;3;577;454;123
181805-1;1625;987;8;979;617;362
181805-2;941;595;5;590;418;172
181805-3;683;416;4;412;333;79
181805-4;774;519;5;514;442;72
181805-5;662;407;1;406;368;38
181805-6;1135;670;8;662;449;213
181805-7;937;604;8;596;414;182
181805-8;75;65;0;65;64;1
181806-1;1045;703;2;701;564;137
181806-2;1029;698;4;694;488;206
181806-3;1181;687;7;680;506;174
181806-4;1068;728;6;722;576;146
181806-5;694;437;3;434;323;111
181806-6;728;467;0;467;387;80
181806-7;673;418;2;416;331;85
181806-8;920;592;14;578;375;203
181806-9;504;312;2;310;253;57
181806-10;451;283;0;283;219;64
181806-11;356;266;3;263;172;91
181901-1;2371;1698;18;1680;1286;394
181901-2;1531;1050;6;1044;809;235
181901-3;995;713;4;709;497;212
181901-4;1148;758;6;752;568;184
181901-5;837;580;2;578;501;77
181901-6;666;464;3;461;393;68
181901-7;1522;1049;7;1042;908;134
181901-8;207;141;0;141;131;10
181902-1;906;603;4;599;392;207
181902-2;1208;755;12;743;589;154
181902-3;688;414;1;413;377;36
181902-4;920;554;6;548;461;87
181902-5;191;145;2;143;137;6
181902-6;633;351;1;350;301;49
181902-7;870;518;3;515;380;135
181902-8;667;426;9;417;304;113
181902-9;465;286;5;281;229;52
181902-10;663;444;3;441;332;109
181902-11;1148;782;3;779;653;126
181903-1;449;338;2;336;239;97
181903-2;311;231;2;229;205;24
181903-3;254;171;4;167;143;24
181903-4;1021;790;7;783;694;89
181903-5;363;259;1;258;224;34
181903-6;1129;746;7;739;618;121
181903-7;1785;1189;9;1180;1016;164
181903-8;958;694;3;691;621;70
181903-9;1228;848;5;843;694;149
181903-10;799;608;5;603;511;92
181903-11;212;145;0;145;116;29
181904-1;1514;929;7;922;531;391
181904-2;1821;1184;13;1171;746;425
181904-3;1334;903;13;890;580;310
181904-4;653;387;5;382;261;121
181904-5;1574;1007;15;992;622;370
181904-6;257;161;3;158;127;31
181904-7;246;134;2;132;100;32
181904-8;304;181;1;180;162;18
181904-9;131;89;0;89;61;28
181904-10;453;298;2;296;227;69
181904-11;660;415;5;410;357;53
181904-12;689;447;6;441;349;92
181904-13;1778;1075;10;1065;901;164
181904-14;706;450;3;447;391;56
181904-15;122;85;0;85;78;7
181904-16;830;473;5;468;349;119
181904-17;797;495;2;493;352;141
181904-18;1375;896;7;889;582;307
181904-19;805;538;2;536;467;69
181904-20;279;180;0;180;155;25
181904-21;18;18;0;18;17;1
181905-1;1297;894;10;884;679;205
181905-2;732;469;6;463;388;75
181905-3;439;316;0;316;246;70
181905-4;339;232;2;230;179;51
181905-5;328;206;0;206;139;67
181905-6;623;401;3;398;341;57
181905-7;437;286;3;283;259;24
181905-8;219;135;1;134;118;16
181905-9;934;597;6;591;509;82
181905-10;281;208;1;207;156;51
181905-11;342;226;2;224;184;40
181905-12;191;98;0;98;79;19
181905-13;291;200;1;199;161;38
182001-1;1224;809;11;798;510;288
182001-2;2077;1336;8;1328;946;382
182001-3;696;465;6;459;325;134
182001-4;957;614;7;607;514;93
182001-5;542;354;4;350;301;49
182001-6;469;307;2;305;250;55
182001-7;1744;1099;4;1095;928;167
182001-8;575;353;4;349;309;40
182001-9;276;181;0;181;148;33
182001-10;248;152;1;151;115;36
182001-11;269;173;0;173;155;18
182001-12;483;316;3;313;251;62
182002-1;1310;802;3;799;509;290
182002-2;1280;821;11;810;548;262
182002-3;1380;849;9;840;528;312
182002-4;1118;717;7;710;451;259
182002-5;282;185;2;183;124;59
182002-6;160;107;1;106;74;32
182002-7;1246;807;6;801;614;187
182002-8;1220;789;9;780;582;198
182002-9;1488;915;8;907;663;244
182002-10;198;134;2;132;106;26
182002-11;589;388;0;388;271;117
182003-1;2033;1332;13;1319;963;356
182003-2;384;251;1;250;194;56
182003-3;596;434;3;431;317;114
182003-4;1059;655;5;650;481;169
182003-5;1617;1074;4;1070;857;213
182003-6;687;471;2;469;413;56
182003-7;617;404;2;402;348;54
182003-8;996;637;5;632;509;123
182004-1;1231;659;14;645;417;228
182004-2;1328;790;6;784;500;284
182004-3;760;437;11;426;269;157
182004-4;1125;665;7;658;398;260
182004-5;1120;731;6;725;449;276
182004-6;1595;1074;14;1060;661;399
182004-7;1541;937;13;924;619;305
182004-8;633;432;1;431;318;113
182004-9;1627;1039;0;1039;790;249
182004-10;895;562;6;556;463;93
182004-11;1236;819;8;811;694;117
182004-12;536;341;2;339;295;44
182004-13;686;458;1;457;387;70
182004-14;49;39;0;39;36;3
182004-15;98;32;1;31;22;9
182004-16;16;10;0;10;9;1
182004-17;46;26;0;26;21;5
182004-18;121;100;2;98;50;48
182101-1;1677;1113;11;1102;708;394
182101-2;632;422;2;420;305;115
182101-3;654;410;4;406;293;113
182101-4;46;43;0;43;12;31
182102-1;1910;1565;13;1552;442;1110
182102-2;1700;1436;6;1430;430;1000
182103-1;1073;689;3;686;369;317
182103-2;1180;730;6;724;350;374
182103-3;1292;806;2;804;415;389
182103-4;1059;654;5;649;397;252
182103-5;739;481;5;476;351;125
182103-6;772;499;7;492;287;205
182103-7;576;405;2;403;322;81
182103-8;825;539;1;538;372;166
182103-9;745;446;4;442;328;114
182103-10;1079;680;7;673;538;135
182103-11;47;32;1;31;25;6
182103-12;52;46;0;46;26;20
182104-1;1270;802;7;795;566;229
182104-2;1720;1094;9;1085;663;422
182104-3;512;320;1;319;258;61
182104-4;608;355;0;355;275;80
182104-5;307;229;4;225;92;133
182105-1;1336;1022;11;1011;516;495
182105-2;888;719;5;714;318;396
182105-3;1095;864;7;857;588;269
182105-4;659;504;2;502;326;176
182105-5;2466;2157;16;2141;989;1152
182105-6;842;641;1;640;361;279
182105-7;957;671;3;668;401;267
182105-8;593;450;8;442;293;149
186101-1;2456;1676;11;1665;871;794
186101-2;1697;1099;7;1092;627;465
186101-3;1972;1369;9;1360;802;558
186101-4;1081;746;9;737;402;335
186101-5;1269;890;4;886;513;373
186101-6;1371;898;4;894;510;384
186101-7;1865;1113;7;1106;647;459
186101-8;1177;767;6;761;436;325
186101-9;671;443;2;441;245;196
186101-10;1389;947;16;931;449;482
186101-11;1370;976;7;969;543;426
186101-12;464;336;3;333;166;167
186101-13;1474;984;6;978;490;488
186101-14;1739;1181;14;1167;568;599
186101-15;1481;997;11;986;561;425
186101-16;1464;1005;10;995;584;411
186101-17;1053;752;13;739;380;359
186101-18;1321;899;8;891;466;425
186101-19;1162;812;8;804;466;338
186101-20;2264;1685;13;1672;950;722
186101-21;1515;1024;8;1016;491;525
186101-22;1772;1164;11;1153;684;469
186101-23;1544;1093;6;1087;599;488
186101-24;2019;1432;14;1418;738;680
186101-25;84;54;1;53;47;6
186101-26;21;8;0;8;8;0
186101-27;556;125;2;123;95;28
186101-28;80;19;0;19;16;3
186201-1;1186;810;5;805;380;425
186201-2;1709;1133;7;1126;623;503
186201-3;1945;1300;15;1285;709;576
186201-4;1833;1140;7;1133;650;483
186201-5;968;627;9;618;313;305
186201-6;1309;868;9;859;437;422
186201-7;795;583;8;575;268;307
186201-8;1844;1238;7;1231;656;575
186201-9;1780;1162;5;1157;650;507
186201-10;1852;1155;15;1140;562;578
186201-11;1609;1043;10;1033;605;428
186201-12;1442;957;12;945;553;392
186201-13;1705;1103;14;1089;576;513
186201-14;2286;1579;11;1568;788;780
186201-15;1746;1078;6;1072;551;521
186201-16;1539;1009;12;997;603;394
186201-17;968;586;3;583;333;250
186201-18;2010;1201;7;1194;684;510
186201-19;1237;754;2;752;451;301
186201-20;2038;1157;6;1151;618;533
186201-21;1080;597;2;595;329;266
186201-22;960;564;5;559;390;169
186201-23;1792;976;6;970;530;440
186201-24;1263;809;20;789;391;398
186201-25;1464;788;8;780;439;341
186201-26;799;373;3;370;213;157
186201-27;1741;1008;8;1000;580;420
186201-28;1552;924;5;919;514;405
186201-29;1903;1255;6;1249;586;663
186201-30;1302;788;7;781;496;285
186201-31;572;349;4;345;253;92
186201-32;140;34;2;32;32;0
186201-33;190;114;3;111;58;53
186201-34;90;45;2;43;36;7
186201-35;30;29;0;29;29;0
186201-36;58;35;2;33;28;5
186201-37;380;149;3;146;106;40
186201-38;82;22;2;20;18;2
186201-39;65;14;0;14;13;1
186301-1;1766;1071;7;1064;571;493
186301-2;1694;973;4;969;530;439
186301-3;1508;972;12;960;484;476
186301-4;956;631;6;625;284;341
186301-5;2019;1424;14;1410;664;746
186301-6;1755;1107;14;1093;510;583
186301-7;1137;789;9;780;338;442
186301-8;1553;1058;13;1045;487;558
186301-9;1282;852;5;847;371;476
186301-10;1830;1212;11;1201;526;675
186301-11;1677;1095;8;1087;581;506
186301-12;1881;1207;7;1200;582;618
186301-13;1758;1086;8;1078;494;584
186301-14;1193;719;12;707;368;339
186301-15;2528;1906;32;1874;806;1068
186301-16;2567;1877;25;1852;870;982
186301-17;1875;1249;5;1244;649;595
186301-18;1662;1140;8;1132;512;620
186301-19;1917;1393;10;1383;776;607
186301-20;1408;912;6;906;510;396
186301-21;1405;941;5;936;479;457
186301-22;1089;629;4;625;382;243
186301-23;1690;1028;7;1021;521;500
186301-24;1443;987;11;976;431;545
186301-25;1420;972;8;964;504;460
186301-26;1860;1377;10;1367;605;762
186301-27;2155;1573;15;1558;716;842
186301-28;1581;952;13;939;477;462
186301-29;1671;1052;13;1039;561;478
186301-30;1670;1137;9;1128;633;495
186301-31;1959;1329;10;1319;673;646
186301-32;1441;984;13;971;520;451
186301-33;1574;1063;13;1050;519;531
186301-34;1582;1174;10;1164;548;616
186301-35;1586;1169;13;1156;487;669
186301-36;1447;1025;9;1016;506;510
186301-37;1795;1269;13;1256;601;655
186301-38;1278;876;6;870;397;473
186301-39;1413;958;6;952;524;428
186301-40;1610;1088;9;1079;593;486
186301-41;1155;844;10;834;520;314
186301-42;1470;1041;9;1032;598;434
186301-43;1639;1114;6;1108;547;561
186301-44;1832;1230;11;1219;626;593
186301-45;1642;1111;11;1100;544;556
186301-46;2622;1912;18;1894;954;940
186301-47;2158;1616;13;1603;787;816
186301-48;2053;1592;15;1577;885;692
186301-49;1495;1153;13;1140;721;419
186301-50;2238;1541;14;1527;763;764
186301-51;2565;1898;31;1867;834;1033
186301-52;1845;1431;11;1420;654;766
186301-53;1835;1382;8;1374;661;713
186301-54;2351;1865;19;1846;828;1018
186301-55;2918;2073;28;2045;1060;985
186301-56;1625;1131;8;1123;768;355
186301-57;1366;904;8;896;648;248
186301-58;1855;1341;15;1326;638;688
186301-59;1482;1025;10;1015;485;530
186301-60;1715;1189;7;1182;622;560
186301-61;1524;1064;6;1058;614;444
186301-62;1302;923;8;915;484;431
186301-63;1444;1039;11;1028;469;559
186301-64;1246;847;8;839;373;466
186301-65;1386;980;5;975;497;478
186301-66;1654;1188;13;1175;594;581
186301-67;1533;1061;14;1047;546;501
186301-68;1694;1182;12;1170;611;559
186301-69;1782;1236;11;1225;580;645
186301-70;1751;1333;15;1318;508;810
186301-71;1596;1186;15;1171;605;566
186301-72;1828;1310;15;1295;660;635
186301-73;1576;1140;15;1125;570;555
186301-74;1257;916;9;907;477;430
186301-75;1287;896;12;884;466;418
186301-76;2058;1519;16;1503;601;902
186301-77;2000;1484;18;1466;542;924
186301-78;1875;1339;16;1323;735;588
186301-79;1289;893;14;879;577;302
186301-80;1436;1063;9;1054;583;471
186301-81;2105;1543;19;1524;813;711
186301-82;763;606;11;595;218;377
186301-83;2832;2158;22;2136;984;1152
186301-84;2187;1576;10;1566;907;659
186301-85;505;358;2;356;290;66
186301-86;1309;933;4;929;620;309
186301-87;638;435;9;426;235;191
186301-88;1541;1185;10;1175;493;682
186301-89;1594;1216;18;1198;548;650
186301-90;136;19;0;19;12;7
186301-91;79;43;1;42;38;4
186301-92;38;14;1;13;10;3
186301-93;1021;724;16;708;240;468
186301-94;318;124;0;124;104;20
186301-95;445;148;3;145;106;39
186301-96;70;40;0;40;30;10
186301-97;59;32;1;31;24;7
186301-98;117;44;0;44;32;12
186401-1;1517;935;9;926;448;478
186401-2;1696;1043;15;1028;527;501
186401-3;1124;691;7;684;364;320
186401-4;1378;890;9;881;458;423
186401-5;1507;977;3;974;464;510
186401-6;1512;915;11;904;504;400
186401-7;1621;1031;11;1020;582;438
186401-8;1541;1003;4;999;525;474
186401-9;1451;877;5;872;420;452
186401-10;657;404;1;403;170;233
186401-11;457;311;4;307;110;197
186401-12;1200;792;5;787;346;441
186401-13;1295;899;6;893;458;435
186401-14;1425;895;3;892;441;451
186401-15;993;728;13;715;319;396
186401-16;136;107;2;105;55;50
186401-17;432;316;4;312;200;112
186401-18;1787;1156;10;1146;582;564
186401-19;1585;994;12;982;504;478
186401-20;1701;1053;13;1040;531;509
186401-21;363;232;3;229;111;118
186401-22;817;566;1;565;287;278
186401-23;1245;790;13;777;402;375
186401-24;992;689;8;681;306;375
186401-25;1140;843;3;840;320;520
186401-26;1794;1175;14;1161;758;403
186401-27;1274;836;6;830;538;292
186401-28;779;562;2;560;313;247
186401-29;436;302;4;298;167;131
186401-30;1289;859;7;852;579;273
186401-31;841;619;5;614;238;376
186401-32;44;27;1;26;23;3
186401-33;183;55;1;54;37;17
186401-34;72;27;1;26;22;4
200101-1;1097;763;5;758;393;365
200101-2;1288;839;10;829;434;395
200101-3;868;622;8;614;293;321
200101-4;1857;1116;14;1102;608;494
200101-5;1179;745;14;731;405;326
200101-6;602;415;7;408;195;213
200101-7;2596;1749;17;1732;859;873
200101-8;2477;1542;15;1527;848;679
200101-9;1446;900;8;892;457;435
200101-10;956;620;3;617;338;279
200101-11;1092;697;1;696;389;307
200101-12;1221;796;11;785;437;348
200101-13;684;445;5;440;222;218
200101-14;830;596;1;595;286;309
200101-15;2050;1358;21;1337;732;605
200101-16;1406;951;4;947;582;365
200101-17;1019;697;8;689;396;293
200101-18;1656;1118;12;1106;607;499
200101-19;83;49;1;48;37;11
200101-20;86;62;0;62;34;28
200102-1;877;552;8;544;414;130
200102-2;681;348;1;347;271;76
200102-3;1582;947;11;936;739;197
200102-4;645;388;4;384;304;80
200102-5;964;501;4;497;319;178
200102-6;531;287;4;283;195;88
200103-1;2116;1155;5;1150;884;266
200103-2;810;461;4;457;371;86
200103-3;1430;712;7;705;518;187
200104-1;1246;704;3;701;543;158
200104-2;538;338;0;338;318;20
200104-3;570;333;2;331;274;57
200104-4;1059;655;2;653;396;257
200104-5;823;481;4;477;334;143
200105-1;582;402;9;393;259;134
200105-2;644;456;1;455;293;162
200105-3;1310;1132;5;1127;449;678
200105-4;556;364;2;362;272;90
200106-1;1123;841;6;835;338;497
200106-2;1109;767;4;763;305;458
200106-3;756;501;5;496;276;220
200107-1;1908;1240;18;1222;776;446
200107-2;1040;615;8;607;440;167
200107-3;1269;728;10;718;543;175
200201-1;2214;1503;13;1490;886;604
200201-2;1648;1079;21;1058;672;386
200201-3;748;557;5;552;469;83
200201-4;733;471;7;464;342;122
200201-5;609;375;4;371;283;88
200201-6;1972;1360;10;1350;695;655
200201-7;1525;1110;13;1097;610;487
200201-8;1276;920;7;913;437;476
200201-9;1019;714;17;697;398;299
200201-10;218;65;3;62;56;6
200201-11;744;303;4;299;210;89
200202-1;1886;1096;13;1083;649;434
200202-2;1667;1067;8;1059;641;418
200202-3;1396;909;4;905;528;377
200202-4;1320;803;15;788;495;293
200202-5;1137;707;9;698;440;258
200202-6;421;234;1;233;172;61
200202-7;758;501;11;490;317;173
200203-1;2019;1457;23;1434;956;478
200203-2;1258;872;12;860;515;345
200203-3;1664;1042;7;1035;762;273
200203-4;1014;597;5;592;410;182
200203-5;1326;932;14;918;469;449
200204-1;833;539;5;534;135;399
200204-2;773;458;5;453;151;302
200204-3;732;402;2;400;127;273
200204-4;385;207;2;205;65;140
200204-5;193;61;0;61;25;36
200204-6;190;86;0;86;56;30
200204-7;230;136;0;136;72;64
200204-8;509;293;4;289;83;206
200204-9;303;187;0;187;74;113
200204-10;308;212;1;211;88;123
200205-1;1023;612;2;610;407;203
200205-2;879;634;14;620;457;163
200205-3;1028;707;14;693;538;155
200205-4;745;563;6;557;377;180
200205-5;819;593;4;589;386;203
200205-6;1050;781;5;776;483;293
200205-7;852;644;6;638;317;321
200205-8;800;616;8;608;248;360
200205-9;1626;1165;11;1154;497;657
200205-10;1506;1036;19;1017;623;394
200205-11;860;561;6;555;314;241
200205-12;1300;813;14;799;484;315
200205-13;83;46;0;46;45;1
200206-1;726;493;5;488;442;46
200206-2;1117;689;10;679;598;81
200206-3;1559;994;6;988;731;257
200206-4;377;248;3;245;205;40
200206-5;1152;771;10;761;533;228
200206-6;1421;924;8;916;655;261
200206-7;1741;1170;10;1160;832;328
200206-8;1626;1173;11;1162;913;249
200206-9;1249;893;12;881;595;286
200206-10;1672;1160;7;1153;808;345
200206-11;1137;789;9;780;568;212
200206-12;1021;648;6;642;461;181
200206-13;800;557;4;553;371;182
200206-14;1184;762;11;751;537;214
200206-15;121;69;3;66;56;10
200206-16;64;24;1;23;19;4
200207-1;1028;662;7;655;305;350
200207-2;1166;736;8;728;331;397
200207-3;711;430;5;425;182;243
200207-4;269;160;1;159;63;96
200207-5;191;88;0;88;56;32
200207-6;402;209;0;209;80;129
200207-7;397;186;1;185;100;85
200207-8;395;191;0;191;71;120
200207-9;504;259;1;258;156;102
200207-10;240;117;1;116;90;26
200207-11;95;59;1;58;49;9
200207-12;67;30;0;30;27;3
200208-1;1054;755;4;751;646;105
200208-2;926;636;5;631;552;79
200208-3;735;477;6;471;412;59
200209-1;1560;1161;12;1149;635;514
200209-2;1395;1029;11;1018;444;574
200209-3;1788;1310;12;1298;556;742
200209-4;239;147;1;146;72;74
200209-5;1549;1063;4;1059;490;569
200209-6;2010;1425;16;1409;540;869
200209-7;1763;1314;16;1298;473;825
200209-8;1117;834;10;824;286;538
200209-9;964;681;10;671;334;337
200209-10;85;85;0;85;57;28
200210-1;870;661;13;648;467;181
200210-2;306;250;6;244;198;46
200210-3;214;154;3;151;129;22
200210-4;225;178;0;178;127;51
200211-1;1427;1052;6;1046;792;254
200211-2;782;563;11;552;421;131
200211-3;1179;790;6;784;504;280
200211-4;441;286;1;285;176;109
200211-5;1206;954;7;947;392;555
200212-1;1710;1202;13;1189;809;380
200212-2;646;407;18;389;326;63
200212-3;416;306;1;305;286;19
200212-4;490;311;4;307;255;52
200212-5;380;238;0;238;210;28
200212-6;571;390;3;387;347;40
200212-7;690;414;6;408;348;60
200212-8;228;170;1;169;144;25
200213-1;2397;1689;20;1669;896;773
200213-2;2198;1432;16;1416;769;647
200213-3;1465;1035;6;1029;517;512
200213-4;1655;1088;8;1080;590;490
200213-5;1612;1112;12;1100;607;493
200213-6;1351;819;2;817;385;432
200213-7;2104;1519;14;1505;731;774
200214-1;426;249;1;248;140;108
200214-2;871;512;3;509;348;161
200214-3;884;517;11;506;317;189
200214-4;639;423;2;421;234;187
200214-5;675;459;9;450;266;184
200214-6;554;382;4;378;263;115
200214-7;785;385;2;383;151;232
200214-8;536;380;5;375;235;140
200214-9;911;586;3;583;389;194
200214-10;1025;673;8;665;421;244
200215-1;1642;954;4;950;803;147
200215-2;718;388;3;385;333;52
200301-1;1002;535;3;532;254;278
200301-2;1065;669;7;662;332;330
200301-3;1398;870;4;866;366;500
200301-4;1621;1082;11;1071;517;554
200301-5;1870;1126;3;1123;490;633
200301-6;1253;768;0;768;256;512
200301-7;1804;1077;12;1065;416;649
200301-8;1847;1142;8;1134;415;719
200301-9;1165;737;2;735;327;408
200301-10;1967;1249;7;1242;379;863
200301-11;1807;1140;6;1134;536;598
200301-12;1898;1256;9;1247;729;518
200301-13;1024;590;3;587;257;330
200301-14;108;20;0;20;11;9
200302-1;1331;906;9;897;726;171
200302-2;1509;1026;11;1015;861;154
200302-3;103;60;1;59;53;6
200303-1;800;454;3;451;295;156
200303-2;786;473;3;470;381;89
200303-3;636;328;0;328;130;198
200303-4;447;278;3;275;166;109
200303-5;735;384;3;381;106;275
200303-6;430;266;0;266;166;100
200303-7;724;328;1;327;123;204
200303-8;688;361;1;360;127;233
200303-9;456;200;1;199;68;131
200304-1;497;306;6;300;239;61
200304-2;1366;922;8;914;668;246
200304-3;673;305;2;303;129;174
200304-4;527;332;0;332;291;41
200304-5;497;338;1;337;298;39
200305-1;551;374;2;372;333;39
200305-2;316;260;2;258;236;22
200305-3;611;403;6;397;328;69
200305-4;420;289;6;283;246;37
200305-5;855;616;6;610;557;53
200305-6;677;459;1;458;433;25
200305-7;631;463;1;462;430;32
200305-8;355;268;7;261;233;28
200305-9;254;184;2;182;161;21
200306-1;756;479;4;475;167;308
200306-2;817;430;5;425;190;235
200306-3;312;165;3;162;60;102
200306-4;303;149;1;148;59;89
200306-5;244;115;1;114;49;65
200307-1;1138;960;17;943;751;192
200307-2;341;258;1;257;220;37
200308-1;773;494;3;491;422;69
200308-2;1200;819;5;814;673;141
200308-3;1572;1080;4;1076;944;132
200401-1;1514;981;5;976;614;362
200401-2;1383;819;4;815;500;315
200401-3;1120;723;8;715;471;244
200401-4;961;569;3;566;375;191
200401-5;1201;717;3;714;457;257
200401-6;1104;647;8;639;387;252
200401-7;1381;799;5;794;536;258
200401-8;1541;852;4;848;545;303
200401-9;1183;651;11;640;384;256
200401-10;1109;677;3;674;406;268
200401-11;1584;1000;5;995;539;456
200401-12;1337;790;5;785;438;347
200401-13;1106;663;7;656;424;232
200401-14;110;46;0;46;38;8
200402-1;854;456;5;451;355;96
200402-2;959;570;4;566;438;128
200402-3;644;357;2;355;232;123
200402-4;791;466;6;460;389;71
200402-5;779;473;6;467;349;118
200402-6;510;288;3;285;198;87
200403-1;321;219;4;215;207;8
200403-2;165;110;3;107;98;9
200403-3;621;339;2;337;267;70
200403-4;490;287;3;284;267;17
200403-5;384;213;1;212;185;27
200403-6;324;174;2;172;136;36
200403-7;383;248;2;246;229;17
200403-8;1079;580;3;577;481;96
200404-1;2105;1332;15;1317;615;702
200404-2;622;392;4;388;241;147
200404-3;585;287;4;283;203;80
200404-4;428;261;2;259;176;83
200404-5;936;489;2;487;375;112
200405-1;1036;665;6;659;461;198
200405-2;1030;662;9;653;423;230
200405-3;588;399;4;395;328;67
200405-4;855;562;7;555;378;177
200405-5;720;460;2;458;379;79
200405-6;587;385;3;382;318;64
200406-1;933;558;10;548;413;135
200406-2;801;438;2;436;374;62
200406-3;552;345;4;341;299;42
200406-4;574;352;3;349;316;33
200501-1;1538;961;4;957;265;692
200501-2;1437;813;6;807;318;489
200501-3;1328;792;10;782;314;468
200501-4;1493;850;7;843;351;492
200501-5;1679;1003;5;998;337;661
200501-6;769;449;5;444;144;300
200501-7;865;551;4;547;165;382
200501-8;1469;892;1;891;376;515
200501-9;1541;880;1;879;405;474
200501-10;786;497;5;492;125;367
200501-11;1620;967;7;960;370;590
200501-12;1719;1117;7;1110;375;735
200501-13;214;32;0;32;18;14
200501-14;39;10;0;10;6;4
200501-15;373;255;2;253;99;154
200502-1;2047;1402;15;1387;410;977
200502-2;337;229;0;229;85;144
200502-3;52;36;6;30;21;9
200503-1;1913;1079;4;1075;518;557
200503-2;755;359;3;356;185;171
200504-1;646;384;1;383;150;233
200504-2;405;158;3;155;36;119
200504-3;384;188;2;186;76;110
200504-4;260;125;1;124;43;81
200505-1;843;504;4;500;223;277
200505-2;367;189;0;189;105;84
200505-3;278;158;2;156;44;112
200506-1;521;315;6;309;148;161
200506-2;541;336;3;333;114;219
200506-3;542;264;3;261;107;154
200506-4;412;186;0;186;77;109
200506-5;459;269;3;266;117;149
200506-6;403;227;2;225;93;132
200506-7;461;251;1;250;82;168
200507-1;1279;733;8;725;345;380
200507-2;213;119;0;119;50;69
200507-3;327;149;0;149;84;65
200507-4;335;183;2;181;81;100
200508-1;1621;873;7;866;373;493
200508-2;503;249;1;248;126;122
200508-3;229;112;0;112;40;72
200508-4;518;288;1;287;121;166
200508-5;227;86;0;86;41;45
200509-1;992;565;5;560;208;352
200509-2;847;479;4;475;188;287
200509-3;728;441;3;438;138;300
200509-4;793;457;5;452;187;265
200601-1;583;343;4;339;238;101
200601-2;604;372;3;369;237;132
200601-3;1106;617;5;612;415;197
200601-4;1023;618;9;609;452;157
200601-5;813;484;2;482;299;183
200601-6;881;444;2;442;292;150
200601-7;978;559;6;553;366;187
200601-8;1301;795;11;784;475;309
200601-9;711;401;4;397;268;129
200601-10;102;24;1;23;16;7
200602-1;369;249;0;249;155;94
200602-2;816;465;3;462;348;114
200602-3;894;549;2;547;513;34
200602-4;424;269;4;265;215;50
200602-5;245;148;1;147;123;24
200603-1;759;457;5;452;332;120
200603-2;621;362;0;362;276;86
200603-3;834;520;3;517;432;85
200603-4;689;420;6;414;376;38
200603-5;591;381;9;372;273;99
200603-6;647;414;0;414;342;72
200603-7;555;375;1;374;346;28
200603-8;436;280;2;278;241;37
200603-9;411;221;0;221;177;44
200603-10;762;465;8;457;414;43
200603-11;529;306;3;303;254;49
200604-1;791;461;3;458;388;70
200604-2;1336;785;11;774;626;148
200604-3;1359;877;7;870;727;143
200604-4;379;214;4;210;166;44
200605-1;980;533;6;527;363;164
200605-2;773;399;1;398;290;108
200605-3;963;559;4;555;508;47
200605-4;295;205;2;203;186;17
200605-5;792;475;2;473;443;30
200605-6;692;424;1;423;344;79
200605-7;387;240;4;236;217;19
200606-1;1042;675;6;669;585;84
200606-2;1116;710;16;694;497;197
200606-3;654;394;1;393;298;95
200606-4;1183;705;3;702;561;141
200701-1;777;496;5;491;382;109
200701-2;846;593;6;587;534;53
200701-3;987;680;6;674;598;76
200701-4;905;597;2;595;535;60
200701-5;735;473;8;465;374;91
200702-1;613;414;6;408;321;87
200702-2;463;301;2;299;262;37
200702-3;1120;760;12;748;487;261
200702-4;846;488;5;483;346;137
200702-5;582;362;1;361;311;50
200702-6;1105;719;3;716;539;177
200702-7;494;323;1;322;238;84
200702-8;407;270;4;266;244;22
200702-9;479;319;3;316;279;37
200702-10;452;331;7;324;221;103
200702-11;936;671;3;668;418;250
200702-12;754;545;2;543;317;226
200702-13;628;430;4;426;227;199
200703-1;681;419;4;415;364;51
200703-2;847;532;5;527;408;119
200703-3;787;471;4;467;407;60
200703-4;1013;626;5;621;544;77
200704-1;403;292;4;288;244;44
200704-2;1114;705;11;694;562;132
200704-3;865;549;2;547;335;212
200704-4;887;562;5;557;378;179
200705-1;1704;1046;13;1033;675;358
200705-2;1182;696;8;688;504;184
200705-3;1193;665;4;661;536;125
200705-4;1011;615;3;612;482;130
200705-5;973;559;5;554;472;82
200705-6;489;302;1;301;274;27
200705-7;521;301;1;300;258;42
200705-8;1178;733;5;728;558;170
200706-1;338;184;2;182;167;15
200706-2;560;359;1;358;335;23
200706-3;218;161;2;159;152;7
200706-4;549;361;6;355;307;48
200707-1;476;297;2;295;257;38
200707-2;760;503;3;500;427;73
200707-3;909;567;11;556;419;137
200707-4;1042;705;7;698;597;101
200707-5;1056;752;9;743;649;94
200708-1;427;283;4;279;250;29
200708-2;376;229;4;225;194;31
200708-3;1126;731;5;726;586;140
200708-4;825;486;6;480;396;84
200708-5;547;372;2;370;307;63
200709-1;961;540;12;528;357;171
200709-2;439;283;2;281;204;77
200709-3;685;426;3;423;359;64
200709-4;984;553;5;548;456;92
200709-5;408;255;1;254;196;58
200801-1;1979;1239;12;1227;730;497
200801-2;652;403;1;402;265;137
200801-3;618;334;1;333;273;60
200801-4;409;243;0;243;187;56
200801-5;437;281;4;277;228;49
200802-1;1100;627;7;620;478;142
200802-2;1022;615;6;609;448;161
200803-1;1772;987;2;985;775;210
200803-2;850;493;3;490;435;55
200803-3;1398;768;6;762;596;166
200803-4;35;28;1;27;25;2
200804-1;1586;966;7;959;663;296
200804-2;1562;837;5;832;589;243
200804-3;670;398;4;394;332;62
200805-1;1692;989;6;983;662;321
200805-2;980;563;6;557;473;84
200805-3;503;280;4;276;222;54
200806-1;1491;878;7;871;521;350
200806-2;1561;882;4;878;517;361
200806-3;1441;803;9;794;503;291
200806-4;1486;773;8;765;477;288
200806-5;884;502;4;498;288;210
200806-6;1791;991;9;982;654;328
200806-7;676;428;3;425;273;152
200806-8;611;306;6;300;239;61
200806-9;753;377;6;371;283;88
200806-10;869;522;1;521;437;84
200806-11;70;24;0;24;19;5
200806-12;30;19;0;19;15;4
200807-1;1194;679;8;671;532;139
200807-2;1233;703;6;697;603;94
200807-3;506;304;0;304;285;19
200807-4;585;355;0;355;301;54
200901-1;1448;913;4;909;430;479
200901-2;1405;883;6;877;420;457
200901-3;1541;971;5;966;469;497
200901-4;50;19;0;19;15;4
200902-1;1199;874;8;866;405;461
200902-2;405;265;2;263;168;95
200902-3;522;363;6;357;173;184
200902-4;279;191;0;191;108;83
200902-5;394;223;2;221;145;76
200903-1;1314;758;6;752;480;272
200903-2;974;563;0;563;342;221
200903-3;1115;719;8;711;341;370
200904-1;1359;669;5;664;327;337
200904-2;503;278;7;271;173;98
200904-3;629;311;3;308;152;156
200904-4;993;626;7;619;163;456
200905-1;1574;930;13;917;505;412
200905-2;418;224;2;222;114;108
200905-3;513;311;1;310;136;174
200905-4;266;180;0;180;106;74
200905-5;781;462;3;459;289;170
201001-1;1834;1236;5;1231;658;573
201001-2;982;630;8;622;369;253
201001-3;1166;695;6;689;392;297
201001-4;1754;1078;8;1070;527;543
201001-5;1878;1139;9;1130;553;577
201001-6;636;351;1;350;187;163
201001-7;1920;1144;7;1137;585;552
201001-8;994;675;5;670;362;308
201001-9;57;46;0;46;45;1
201001-10;58;17;0;17;10;7
201002-1;1685;1059;7;1052;674;378
201002-2;1281;809;8;801;582;219
201002-3;757;467;2;465;357;108
201002-4;471;309;0;309;270;39
201002-5;1002;547;6;541;439;102
201003-1;810;524;4;520;415;105
201003-2;273;160;0;160;113;47
201003-3;566;363;3;360;304;56
201003-4;625;339;0;339;274;65
201004-1;429;239;0;239;139;100
201004-2;870;554;4;550;402;148
201004-3;813;515;3;512;458;54
201004-4;575;339;1;338;282;56
201004-5;662;415;3;412;265;147
201005-1;427;251;2;249;125;124
201005-2;1233;835;7;828;441;387
201005-3;548;310;7;303;124;179
201006-1;767;463;8;455;202;253
201006-2;281;148;1;147;70;77
201006-3;219;107;1;106;76;30
201006-4;137;71;1;70;25;45
201006-5;203;123;0;123;87;36
201007-1;1276;717;10;707;418;289
201007-2;1107;530;3;527;283;244
201007-3;561;215;3;212;124;88
201007-4;302;148;0;148;68;80
201008-1;200;128;2;126;121;5
201008-2;1632;957;8;949;812;137
201008-3;448;261;3;258;166;92
201008-4;168;98;1;97;70;27
201009-1;440;200;2;198;73;125
201009-2;569;351;2;349;237;112
201009-3;640;411;6;405;335;70
201009-4;659;303;4;299;139;160
201009-5;1033;591;6;585;315;270
201009-6;914;539;3;536;293;243
201009-7;320;175;0;175;116;59
201009-8;345;187;0;187;129;58
201101-1;1384;834;8;826;546;280
201101-2;1116;596;4;592;400;192
201101-3;1542;882;5;877;580;297
201101-4;1026;633;7;626;379;247
201101-5;736;458;6;452;383;69
201101-6;1041;574;6;568;376;192
201101-7;772;446;4;442;349;93
201101-8;744;428;6;422;322;100
201101-9;577;328;4;324;288;36
201101-10;336;193;2;191;162;29
201101-11;46;39;0;39;38;1
201102-1;1383;837;8;829;551;278
201102-2;647;400;7;393;311;82
201102-3;371;205;2;203;144;59
201102-4;915;516;7;509;353;156
201103-1;329;203;2;201;133;68
201103-2;1956;1093;14;1079;798;281
201103-3;337;180;1;179;130;49
201104-1;399;227;0;227;111;116
201104-2;654;397;1;396;245;151
201104-3;751;455;7;448;251;197
201104-4;776;436;4;432;236;196
201105-1;1101;715;2;713;534;179
201105-2;952;577;1;576;407;169
201105-3;404;240;0;240;185;55
201105-4;407;255;1;254;200;54
201105-5;374;227;1;226;187;39
201106-1;564;369;6;363;278;85
201106-2;608;350;1;349;268;81
201106-3;448;295;4;291;235;56
201106-4;541;297;3;294;233;61
201107-1;1356;765;9;756;527;229
201107-2;506;321;3;318;244;74
201107-3;509;297;0;297;253;44
201107-4;415;204;4;200;158;42
201108-1;2134;1356;12;1344;784;560
201108-2;1242;737;4;733;409;324
201108-3;1296;829;4;825;461;364
201108-4;1558;915;10;905;522;383
201108-5;1561;973;4;969;546;423
201108-6;2125;1373;11;1362;681;681
201108-7;2041;1289;15;1274;712;562
201108-8;1938;1095;9;1086;663;423
201108-9;568;306;1;305;224;81
201108-10;1264;648;5;643;457;186
201108-11;606;367;2;365;285;80
201108-12;768;448;4;444;308;136
201108-13;704;398;1;397;287;110
201108-14;709;398;2;396;305;91
201108-15;777;419;4;415;320;95
201108-16;407;254;4;250;196;54
201108-17;62;60;0;60;53;7
201109-1;851;500;6;494;388;106
201109-2;297;170;0;170;128;42
201109-3;905;515;5;510;318;192
201109-4;824;524;7;517;321;196
201109-5;1149;677;6;671;568;103
201109-6;849;494;5;489;387;102
201109-7;679;394;2;392;345;47
201110-1;520;284;3;281;196;85
201110-2;807;396;3;393;219;174
201110-3;273;149;3;146;84;62
201110-4;797;467;4;463;340;123
201201-1;839;523;2;521;293;228
201201-2;648;400;0;400;265;135
201201-3;727;482;6;476;326;150
201201-4;363;182;0;182;141;41
201202-1;1400;869;3;866;577;289
201202-2;1730;1001;4;997;734;263
201202-3;482;265;2;263;206;57
201203-1;432;336;1;335;174;161
201203-2;1234;818;10;808;545;263
201203-3;1117;733;5;728;480;248
201204-1;553;329;3;326;260;66
201204-2;1246;691;8;683;535;148
201204-3;669;413;9;404;264;140
201205-1;538;363;4;359;269;90
201205-2;1038;659;5;654;495;159
201205-3;779;483;8;475;314;161
201205-4;957;649;6;643;406;237
201205-5;392;229;1;228;185;43
201205-6;514;290;4;286;216;70
201205-7;402;266;2;264;177;87
201206-1;904;579;11;568;391;177
201206-2;396;283;2;281;165;116
201206-3;806;486;5;481;321;160
201207-1;505;375;0;375;170;205
201207-2;470;316;6;310;196;114
201207-3;1296;912;2;910;436;474
201207-4;414;235;1;234;163;71
201207-5;439;296;0;296;163;133
201207-6;985;567;3;564;369;195
201207-7;1392;931;7;924;549;375
201207-8;1014;817;4;813;426;387
201208-1;1292;781;10;771;502;269
201208-2;479;256;3;253;148;105
201208-3;864;491;2;489;314;175
201208-4;644;414;7;407;227;180
201209-1;736;492;8;484;268;216
201209-2;864;582;4;578;429;149
201209-3;423;293;2;291;202;89
201301-1;1829;1357;17;1340;843;497
201301-2;1491;1001;12;989;701;288
201301-3;1475;1001;6;995;621;374
201301-4;1268;829;15;814;506;308
201301-5;1043;702;9;693;499;194
201301-6;44;14;0;14;12;2
201302-1;1317;795;5;790;538;252
201302-2;945;568;10;558;385;173
201302-3;465;292;0;292;192;100
201302-4;906;555;9;546;331;215
201302-5;777;483;4;479;333;146
201302-6;343;211;1;210;182;28
201302-7;334;225;2;223;186;37
201302-8;352;258;1;257;240;17
201302-9;289;218;2;216;201;15
201302-10;212;142;0;142;116;26
201302-11;374;237;1;236;206;30
201302-12;163;102;0;102;91;11
201302-13;202;132;0;132;110;22
201302-14;301;186;2;184;163;21
201302-15;59;43;1;42;41;1
201302-16;59;28;0;28;24;4
201303-1;1350;909;11;898;698;200
201303-2;1139;762;10;752;593;159
201303-3;895;650;0;650;576;74
201303-4;593;434;3;431;371;60
201303-5;1177;848;9;839;696;143
201304-1;1253;1039;16;1023;920;103
201304-2;1156;898;29;869;778;91
201304-3;1094;827;14;813;711;102
201305-1;690;482;10;472;404;68
201305-2;676;515;8;507;479;28
201305-3;696;504;6;498;438;60
201305-4;584;465;6;459;434;25
201306-1;581;428;8;420;367;53
201306-2;685;474;14;460;427;33
201306-3;673;532;3;529;512;17
201306-4;472;378;5;373;347;26
201307-1;974;706;9;697;586;111
201307-2;1038;765;10;755;656;99
201307-3;1085;828;11;817;731;86
201308-1;726;473;2;471;436;35
201308-2;1314;939;5;934;810;124
201308-3;1276;919;8;911;825;86
201308-4;1171;783;7;776;605;171
201308-5;81;33;4;29;19;10
201309-1;726;442;2;440;292;148
201309-2;990;654;8;646;409;237
201309-3;671;452;4;448;373;75
201309-4;1153;836;4;832;710;122
201309-5;1202;772;2;770;631;139
201309-6;736;540;8;532;469;63
201310-1;1513;988;6;982;783;199
201310-2;1097;774;6;768;678;90
201310-3;202;144;1;143;129;14
201310-4;286;180;1;179;142;37
201310-5;288;193;3;190;172;18
201310-6;289;231;4;227;197;30
201310-7;299;186;1;185;155;30
201310-8;253;190;0;190;170;20
201401-1;1694;1105;12;1093;643;450
201401-2;1477;986;13;973;607;366
201401-3;1202;667;9;658;424;234
201401-4;1215;791;10;781;514;267
201401-5;911;571;4;567;366;201
201401-6;1639;1032;6;1026;680;346
201401-7;1162;736;8;728;459;269
201401-8;849;533;3;530;291;239
201401-9;1706;1087;9;1078;663;415
201401-10;643;371;3;368;202;166
201401-11;1335;744;5;739;520;219
201401-12;1687;918;12;906;641;265
201401-13;1230;639;13;626;448;178
201401-14;44;17;1;16;14;2
201402-1;682;542;9;533;467;66
201402-2;615;514;8;506;449;57
201402-3;565;415;5;410;368;42
201403-1;1203;730;5;725;625;100
201403-2;936;649;5;644;601;43
201403-3;587;324;4;320;247;73
201403-4;555;373;1;372;331;41
201403-5;1055;700;6;694;505;189
201403-6;161;151;4;147;54;93
201404-1;744;493;3;490;358;132
201404-2;515;351;1;350;279;71
201404-3;547;338;0;338;291;47
201404-4;353;270;1;269;222;47
201404-5;425;268;4;264;235;29
201404-6;198;118;2;116;90;26
201404-7;357;244;4;240;196;44
201404-8;199;145;0;145;123;22
201404-9;287;180;1;179;151;28
201404-10;186;131;1;130;112;18
201405-1;445;315;2;313;254;59
201405-2;751;534;3;531;445;86
201405-3;611;375;6;369;269;100
201405-4;764;501;6;495;425;70
201405-5;824;499;2;497;339;158
201405-6;488;359;1;358;330;28
201405-7;431;296;1;295;239;56
201405-8;473;326;5;321;287;34
201405-9;884;574;7;567;417;150
201405-10;588;411;4;407;265;142
201405-11;564;410;3;407;345;62
201405-12;660;436;5;431;137;294
206101-1;1209;851;7;844;411;433
206101-2;955;684;4;680;383;297
206101-3;1255;832;12;820;452;368
206101-4;1137;807;10;797;367;430
206101-5;1270;897;9;888;344;544
206101-6;1297;847;4;843;401;442
206101-7;761;504;8;496;234;262
206101-8;1204;859;8;851;362;489
206101-9;1553;1143;16;1127;405;722
206101-10;1062;744;9;735;358;377
206101-11;1010;656;9;647;295;352
206101-12;1263;835;4;831;327;504
206101-13;1576;986;4;982;462;520
206101-14;1443;1077;15;1062;402;660
206101-15;1486;950;8;942;451;491
206101-16;2093;1514;18;1496;608;888
206101-17;1342;829;11;818;427;391
206101-18;1403;1003;10;993;376;617
206101-19;1320;955;7;948;368;580
206101-20;1400;1053;13;1040;424;616
206101-21;1283;881;6;875;395;480
206101-22;1483;1022;11;1011;493;518
206101-23;1290;911;12;899;463;436
206101-24;1348;897;8;889;447;442
206101-25;1564;995;6;989;485;504
206101-26;1330;899;13;886;389;497
206101-27;1734;1287;16;1271;524;747
206101-28;1396;1063;17;1046;489;557
206101-29;663;404;12;392;171;221
206101-30;823;498;5;493;220;273
206101-31;1106;662;8;654;271;383
206101-32;1139;729;8;721;298;423
206101-33;801;488;5;483;208;275
206101-34;1062;694;9;685;286;399
206101-35;1237;725;2;723;351;372
206101-36;1254;762;10;752;407;345
206101-37;1060;746;9;737;357;380
206101-38;1390;1009;13;996;501;495
206101-39;941;672;9;663;344;319
206101-40;1279;869;10;859;448;411
206101-41;1304;871;12;859;454;405
206101-42;1377;1023;14;1009;539;470
206101-43;1105;769;8;761;403;358
206101-44;2177;1641;17;1624;752;872
206101-45;1183;797;9;788;372;416
206101-46;1238;812;6;806;394;412
206101-47;1035;743;6;737;290;447
206101-48;888;578;3;575;264;311
206101-49;1330;907;12;895;411;484
206101-50;1443;966;5;961;439;522
206101-51;1097;743;5;738;395;343
206101-52;1438;958;12;946;478;468
206101-53;1397;932;11;921;516;405
206101-54;1080;768;11;757;416;341
206101-55;1276;845;12;833;403;430
206101-56;1788;1337;9;1328;526;802
206101-57;1346;942;4;938;521;417
206101-58;1504;1057;11;1046;541;505
206101-59;1881;1205;13;1192;541;651
206101-60;1631;1166;12;1154;630;524
206101-61;1560;1219;8;1211;512;699
206101-62;955;728;14;714;377;337
206101-63;1710;1310;10;1300;562;738
206101-64;694;475;5;470;215;255
206101-65;1356;1023;10;1013;339;674
206101-66;1023;784;7;777;352;425
206101-67;1193;905;14;891;357;534
206101-68;1416;965;15;950;404;546
206101-69;1507;1090;9;1081;482;599
206101-70;1032;693;7;686;336;350
206101-71;1322;886;5;881;416;465
206101-72;1534;1074;8;1066;514;552
206101-73;1788;1336;21;1315;512;803
206101-74;1299;914;7;907;460;447
206101-75;1387;979;13;966;443;523
206101-76;1287;891;13;878;421;457
206101-77;1032;737;11;726;340;386
206101-78;1075;742;3;739;358;381
206101-79;1161;753;2;751;374;377
206101-80;1323;852;5;847;390;457
206101-81;964;627;7;620;279;341
206101-82;1425;964;9;955;427;528
206101-83;1111;797;9;788;351;437
206101-84;1235;860;14;846;340;506
206101-85;1157;814;11;803;356;447
206101-86;1049;776;7;769;402;367
206101-87;1416;1005;8;997;442;555
206101-88;1077;783;5;778;325;453
206101-89;1173;801;6;795;341;454
206101-90;1651;1128;5;1123;503;620
206101-91;1402;986;13;973;420;553
206101-92;1193;792;6;786;393;393
206101-93;1203;834;14;820;320;500
206101-94;1073;705;6;699;369;330
206101-95;1202;875;8;867;516;351
206101-96;1587;1185;10;1175;496;679
206101-97;1209;926;9;917;343;574
206101-98;1294;936;12;924;444;480
206101-99;1108;706;4;702;436;266
206101-100;1253;881;9;872;438;434
206101-101;1387;979;19;960;488;472
206101-102;1066;700;7;693;336;357
206101-103;882;659;8;651;293;358
206101-104;1347;850;15;835;470;365
206101-105;1162;751;6;745;413;332
206101-106;1024;715;10;705;335;370
206101-107;1090;752;9;743;358;385
206101-108;2099;1465;23;1442;655;787
206101-109;1333;934;0;934;431;503
206101-110;1297;918;7;911;395;516
206101-111;1641;1148;16;1132;523;609
206101-112;1936;1359;7;1352;546;806
206101-113;1126;755;8;747;358;389
206101-114;1226;848;5;843;389;454
206101-115;1190;834;0;834;431;403
206101-116;1325;872;11;861;414;447
206101-117;1263;854;10;844;483;361
206101-118;995;704;5;699;320;379
206101-119;1023;706;5;701;339;362
206101-120;1280;836;11;825;426;399
206101-121;1331;938;16;922;414;508
206101-122;875;577;3;574;318;256
206101-123;1061;636;10;626;390;236
206101-124;1456;1000;9;991;539;452
206101-125;998;709;10;699;381;318
206101-126;594;361;4;357;189;168
206101-127;1003;502;8;494;322;172
206101-128;1208;787;8;779;420;359
206101-129;1136;638;4;634;358;276
206101-130;1071;726;4;722;358;364
206101-131;1289;824;2;822;422;400
206101-132;1074;696;4;692;362;330
206101-133;1162;685;6;679;338;341
206101-134;1092;778;5;773;430;343
206101-135;984;698;8;690;329;361
206101-136;1077;712;10;702;346;356
206101-137;1416;971;11;960;444;516
206101-138;1397;1049;5;1044;510;534
206101-139;1375;841;10;831;473;358
206101-140;1227;854;7;847;447;400
206101-141;900;733;13;720;322;398
206101-142;935;708;9;699;352;347
206101-143;1188;845;11;834;422;412
206101-144;1392;958;9;949;419;530
206101-145;1272;826;6;820;468;352
206101-146;1306;883;10;873;484;389
206101-147;1237;891;8;883;375;508
206101-148;1227;985;7;978;472;506
206101-149;1074;712;5;707;380;327
206101-150;1233;780;2;778;432;346
206101-151;787;522;2;520;292;228
206101-152;1117;750;5;745;389;356
206101-153;1187;785;8;777;396;381
206101-154;1272;851;8;843;416;427
206101-155;1315;843;7;836;431;405
206101-156;1270;806;5;801;436;365
206101-157;1265;890;6;884;447;437
206101-158;1242;880;10;870;446;424
206101-159;1337;935;3;932;447;485
206101-160;1202;847;7;840;401;439
206101-161;1118;786;8;778;364;414
206101-162;1947;1413;18;1395;714;681
206101-163;1045;714;4;710;369;341
206101-164;1661;1080;9;1071;558;513
206101-165;1323;857;13;844;409;435
206101-166;1356;993;19;974;457;517
206101-167;1157;803;12;791;391;400
206101-168;1084;721;7;714;335;379
206101-169;1283;858;11;847;411;436
206101-170;1313;891;10;881;369;512
206101-171;161;73;0;73;48;25
206101-172;95;41;1;40;27;13
206101-173;23;20;0;20;11;9
206101-174;59;6;0;6;5;1
206101-175;84;72;0;72;35;37
206101-176;102;66;1;65;39;26
206101-177;84;67;1;66;43;23
206101-178;80;56;0;56;35;21
206101-179;49;26;0;26;19;7
206101-180;79;25;0;25;13;12
206101-181;109;58;0;58;45;13
206101-182;178;112;2;110;93;17
206101-183;31;25;2;23;21;2
206101-184;259;140;3;137;64;73
206101-185;655;471;9;462;147;315
206201-1;1747;1119;14;1105;631;474
206201-2;1382;871;3;868;494;374
206201-3;1628;881;7;874;537;337
206201-4;853;433;0;433;287;146
206201-5;1325;807;7;800;473;327
206201-6;1282;706;10;696;444;252
206201-7;1282;785;6;779;487;292
206201-8;674;447;5;442;267;175
206201-9;1496;1048;8;1040;616;424
206201-10;1232;805;6;799;562;237
206201-11;2183;1480;12;1468;828;640
206201-12;1350;760;8;752;490;262
206201-13;1132;743;7;736;518;218
206201-14;1562;988;10;978;574;404
206201-15;1476;985;9;976;574;402
206201-16;1508;1016;12;1004;573;431
206201-17;1622;1010;4;1006;620;386
206201-18;1598;1019;4;1015;638;377
206201-19;1865;1109;4;1105;653;452
206201-20;1521;1004;4;1000;594;406
206201-21;1525;985;10;975;575;400
206201-22;1687;1126;10;1116;624;492
206201-23;1603;1066;7;1059;632;427
206201-24;1793;1142;4;1138;698;440
206201-25;1319;857;13;844;550;294
206201-26;1770;1147;6;1141;674;467
206201-27;1832;1203;11;1192;737;455
206201-28;1545;1005;9;996;624;372
206201-29;721;454;4;450;290;160
206201-30;1177;761;8;753;478;275
206201-31;1930;1361;7;1354;785;569
206201-32;137;94;0;94;71;23
206301-1;2060;1322;9;1313;708;605
206301-2;1911;1215;10;1205;580;625
206301-3;1525;1058;8;1050;501;549
206301-4;2166;1530;15;1515;779;736
206301-5;1252;825;9;816;442;374
206301-6;1204;792;5;787;386;401
206301-7;2360;1410;16;1394;756;638
206301-8;616;352;1;351;176;175
206301-9;1062;586;1;585;367;218
206301-10;1325;857;7;850;486;364
206301-11;748;459;4;455;260;195
206301-12;1549;903;4;899;483;416
206301-13;1134;697;1;696;380;316
206301-14;1728;1130;5;1125;515;610
206301-15;1145;775;8;767;405;362
206301-16;1188;792;11;781;361;420
206301-17;1639;1003;12;991;578;413
206301-18;1996;1335;12;1323;743;580
206301-19;1951;1306;9;1297;714;583
206301-20;2171;1491;11;1480;687;793
206301-21;1357;884;3;881;515;366
206301-22;2089;1427;5;1422;777;645
206301-23;163;111;2;109;79;30
206301-24;1715;1049;3;1046;530;516
206301-25;1374;895;9;886;505;381
206301-26;1896;1119;20;1099;635;464
206301-27;1729;1070;11;1059;635;424
206301-28;1285;796;4;792;394;398
206301-29;1695;1054;8;1046;564;482
206301-30;1336;803;7;796;422;374
206301-31;1462;904;4;900;469;431
206301-32;1419;890;12;878;475;403
206301-33;1821;1111;11;1100;597;503
206301-34;1252;849;5;844;425;419
206301-35;596;409;5;404;197;207
206301-36;174;66;1;65;39;26
206301-37;173;47;0;47;28;19
206301-38;50;33;1;32;22;10
220101-1;1562;981;11;970;517;453
220101-2;465;280;5;275;133;142
220101-3;436;279;6;273;141;132
220102-1;1502;1074;6;1068;530;538
220102-2;1339;824;9;815;355;460
220102-3;923;542;4;538;221;317
220102-4;1360;842;7;835;388;447
220102-5;1311;836;11;825;391;434
220102-6;1172;790;7;783;288;495
220102-7;994;726;5;721;266;455
220102-8;1487;937;3;934;458;476
220102-9;1224;859;6;853;378;475
220102-10;1138;790;6;784;363;421
220102-11;782;467;4;463;295;168
220102-12;925;636;8;628;346;282
220102-13;936;722;8;714;205;509
220102-14;644;453;3;450;192;258
220102-15;296;200;0;200;124;76
220102-16;580;367;2;365;144;221
220102-17;782;504;7;497;245;252
220102-18;770;492;3;489;289;200
220102-19;561;350;4;346;176;170
220102-20;73;48;1;47;31;16
220103-1;1550;959;7;952;524;428
220103-2;547;409;2;407;162;245
220103-3;572;351;1;350;204;146
220103-4;1132;781;4;777;583;194
220103-5;923;595;6;589;345;244
220104-1;978;625;9;616;287;329
220104-2;1389;727;10;717;449;268
220104-3;367;197;2;195;107;88
220104-4;673;388;0;388;181;207
220105-1;789;582;3;579;307;272
220105-2;1002;683;2;681;475;206
220105-3;916;632;1;631;372;259
220105-4;1039;732;5;727;483;244
220105-5;768;592;12;580;399;181
220106-1;905;577;4;573;272;301
220106-2;888;538;4;534;244;290
220106-3;1063;646;4;642;285;357
220106-4;1011;603;4;599;256;343
220106-5;827;465;2;463;212;251
220106-6;1057;670;7;663;306;357
220106-7;933;568;5;563;213;350
220106-8;1232;764;6;758;316;442
220106-9;1015;567;4;563;241;322
220106-10;931;429;1;428;196;232
220106-11;962;481;6;475;235;240
220106-12;798;389;5;384;215;169
220106-13;911;449;3;446;267;179
220106-14;909;497;1;496;199;297
220106-15;1229;713;9;704;187;517
220106-16;148;53;0;53;34;19
220107-1;1566;1224;13;1211;700;511
220107-2;774;588;6;582;369;213
220107-3;256;167;0;167;141;26
220107-4;396;288;3;285;191;94
220108-1;1624;1155;5;1150;510;640
220108-2;697;488;1;487;320;167
220108-3;903;628;6;622;279;343
220109-1;1270;715;10;705;355;350
220109-2;1553;825;5;820;385;435
220110-1;1097;679;6;673;333;340
220110-2;1038;612;4;608;362;246
220110-3;679;416;4;412;246;166
220110-4;501;275;2;273;152;121
220201-1;1578;1147;13;1134;482;652
220201-2;1224;725;9;716;325;391
220201-3;1347;943;6;937;431;506
220201-4;798;539;11;528;264;264
220201-5;1641;1035;6;1029;507;522
220201-6;1853;1100;7;1093;489;604
220201-7;1633;1186;11;1175;491;684
220201-8;1193;722;5;717;340;377
220201-9;1159;719;6;713;345;368
220201-10;923;603;2;601;284;317
220201-11;1024;728;5;723;306;417
220201-12;1395;844;3;841;385;456
220201-13;1635;1085;6;1079;455;624
220201-14;1465;1019;7;1012;484;528
220201-15;1565;1064;11;1053;447;606
220201-16;1511;1042;7;1035;369;666
220201-17;1488;1076;6;1070;477;593
220201-18;1700;1130;7;1123;444;679
220201-19;1249;823;3;820;356;464
220201-20;1459;1042;7;1035;384;651
220201-21;1446;1049;9;1040;479;561
220201-22;226;74;0;74;44;30
220201-23;63;45;0;45;39;6
220201-24;138;111;1;110;45;65
220202-1;879;651;7;644;382;262
220202-2;809;602;10;592;335;257
220202-3;636;482;5;477;286;191
220202-4;764;586;10;576;324;252
220202-5;686;494;4;490;273;217
220202-6;1361;912;9;903;654;249
220202-7;1595;1167;10;1157;839;318
220202-8;1012;705;12;693;546;147
220202-9;468;311;1;310;253;57
220202-10;922;659;10;649;501;148
220202-11;790;621;5;616;277;339
220202-12;570;381;1;380;272;108
220202-13;657;447;7;440;304;136
220203-1;1892;1480;12;1468;530;938
220203-2;2051;1562;8;1554;382;1172
220203-3;920;724;5;719;251;468
220203-4;891;640;6;634;361;273
220203-5;1106;753;5;748;355;393
220203-6;1167;724;5;719;531;188
220203-7;1187;805;7;798;497;301
220203-8;1183;767;10;757;464;293
220203-9;742;416;1;415;232;183
220203-10;1125;667;4;663;339;324
220203-11;623;394;3;391;262;129
220203-12;889;547;10;537;336;201
220203-13;613;311;1;310;197;113
220203-14;1143;705;7;698;401;297
220204-1;1587;1057;6;1051;609;442
220204-2;1834;1229;10;1219;774;445
220204-3;1858;1255;11;1244;745;499
220204-4;2181;1341;6;1335;844;491
220204-5;909;547;7;540;393;147
220204-6;354;227;1;226;155;71
220204-7;499;299;2;297;226;71
220204-8;1651;1092;8;1084;602;482
220204-9;487;321;0;321;185;136
220204-10;331;203;0;203;145;58
220204-11;678;458;0;458;307;151
220204-12;490;312;3;309;242;67
220204-13;658;436;1;435;283;152
220204-14;1871;1165;8;1157;709;448
220204-15;706;453;3;450;306;144
220204-16;357;243;0;243;178;65
220205-1;1787;1177;17;1160;655;505
220301-1;1186;772;4;768;273;495
220301-2;1287;866;2;864;297;567
220301-3;1129;701;8;693;253;440
220301-4;741;465;0;465;223;242
220301-5;1575;1031;3;1028;402;626
220301-6;1532;1018;12;1006;352;654
220301-7;1465;971;6;965;346;619
220301-8;1608;1089;13;1076;363;713
220301-9;148;14;0;14;9;5
220302-1;1460;887;1;886;347;539
220302-2;1455;833;4;829;358;471
220302-3;1269;828;4;824;334;490
220302-4;258;142;2;140;87;53
220302-5;633;366;3;363;184;179
220302-6;517;292;2;290;158;132
220302-7;447;220;0;220;130;90
220302-8;554;289;0;289;146;143
220302-9;918;553;6;547;171;376
220302-10;96;62;1;61;20;41
220303-1;1413;825;12;813;398;415
220303-2;1351;848;12;836;418;418
220303-3;1967;1092;6;1086;625;461
220303-4;816;437;2;435;245;190
220303-5;1174;779;10;769;354;415
220303-6;813;385;5;380;241;139
220303-7;712;403;5;398;208;190
220304-1;844;503;2;501;224;277
220304-2;1032;561;6;555;242;313
220304-3;1158;659;6;653;263;390
220304-4;845;544;7;537;189;348
220304-5;364;155;3;152;68;84
220304-6;512;264;5;259;171;88
220304-7;483;254;1;253;155;98
220304-8;449;240;0;240;153;87
220304-9;353;209;1;208;128;80
220304-10;375;169;3;166;98;68
220304-11;508;226;1;225;117;108
220305-1;461;252;4;248;148;100
220305-2;760;456;3;453;173;280
220305-3;979;565;7;558;211;347
220305-4;454;278;2;276;93;183
220305-5;43;31;0;31;21;10
220306-1;368;179;0;179;93;86
220306-2;634;387;2;385;214;171
220306-3;559;340;5;335;202;133
220306-4;1056;698;8;690;316;374
220306-5;900;589;4;585;221;364
220306-6;932;641;2;639;246;393
220306-7;258;153;2;151;87;64
220306-8;252;125;1;124;77;47
220306-9;179;106;1;105;59;46
220307-1;658;406;4;402;212;190
220307-2;807;507;5;502;252;250
220307-3;392;221;1;220;129;91
220307-4;392;228;4;224;111;113
220307-5;437;267;0;267;143;124
220307-6;253;154;0;154;98;56
220401-1;1626;1270;9;1261;322;939
220401-2;1094;784;9;775;290;485
220401-3;2044;1471;3;1468;486;982
220401-4;837;544;8;536;211;325
220401-5;1874;1341;9;1332;430;902
220401-6;1135;781;10;771;267;504
220401-7;1763;1266;15;1251;437;814
220401-8;813;511;6;505;233;272
220401-9;759;574;2;572;128;444
220401-10;1074;769;8;761;235;526
220401-11;2037;1462;12;1450;457;993
220401-12;1203;848;5;843;275;568
220401-13;928;689;6;683;188;495
220401-14;2444;1927;14;1913;505;1408
220401-15;1263;979;7;972;324;648
220401-16;1262;910;17;893;278;615
220402-1;1449;849;9;840;394;446
220402-2;1822;1119;5;1114;511;603
220402-3;1265;819;5;814;361;453
220402-4;625;415;6;409;156;253
220403-1;2293;1703;18;1685;669;1016
220403-2;1950;1479;8;1471;530;941
220403-3;2410;1642;13;1629;579;1050
220403-4;2347;1787;5;1782;482;1300
220403-5;2590;1949;21;1928;446;1482
220403-6;836;644;4;640;154;486
220403-7;867;597;5;592;219;373
220404-1;982;697;4;693;268;425
220404-2;743;401;4;397;191;206
220404-3;1922;1407;7;1400;401;999
220404-4;2044;1570;15;1555;413;1142
220404-5;2647;2095;18;2077;647;1430
220404-6;1548;1245;14;1231;267;964
220404-7;2515;1903;15;1888;548;1340
220404-8;1666;1139;8;1131;444;687
220404-9;1587;1080;7;1073;380;693
220404-10;1948;1346;12;1334;501;833
220404-11;889;673;11;662;247;415
220404-12;1037;692;7;685;287;398
220404-13;1288;812;5;807;334;473
220404-14;1511;1149;12;1137;278;859
220405-1;1175;796;12;784;339;445
220405-2;2260;1484;14;1470;663;807
220405-3;1179;778;8;770;440;330
220406-1;1257;806;4;802;331;471
220406-2;1283;848;14;834;353;481
220406-3;1315;836;19;817;333;484
220406-4;645;364;3;361;204;157
220406-5;1381;953;9;944;387;557
220406-6;1008;704;6;698;241;457
220406-7;486;327;2;325;132;193
220407-1;1112;716;6;710;328;382
220407-2;1276;706;6;700;358;342
220407-3;828;495;3;492;197;295
220408-1;1523;915;17;898;364;534
220408-2;1510;801;10;791;468;323
220408-3;1724;956;7;949;447;502
220408-4;2401;1361;14;1347;651;696
220408-5;1291;895;8;887;397;490
220501-1;2513;1875;18;1857;889;968
220501-2;1810;1242;13;1229;801;428
220501-3;726;493;2;491;345;146
220501-4;1173;813;8;805;471;334
220502-1;2305;1768;10;1758;738;1020
220502-2;2142;1427;20;1407;535;872
220502-3;1534;1042;6;1036;421;615
220502-4;1494;1125;13;1112;503;609
220502-5;1178;817;4;813;346;467
220502-6;1027;757;9;748;373;375
220502-7;1056;772;7;765;344;421
220502-8;1043;722;7;715;547;168
220502-9;1061;707;10;697;533;164
220502-10;1026;718;7;711;506;205
220502-11;1242;873;3;870;531;339
220502-12;1223;970;8;962;526;436
220502-13;1809;1361;19;1342;666;676
220502-14;941;676;5;671;287;384
220502-15;1507;1047;7;1040;489;551
220502-16;1440;971;6;965;558;407
220502-17;917;680;9;671;359;312
220502-18;1717;1251;6;1245;743;502
220502-19;29;4;0;4;1;3
220502-20;73;32;1;31;22;9
220503-1;1570;1140;5;1135;688;447
220503-2;942;679;9;670;311;359
220503-3;1438;1027;17;1010;475;535
220503-4;1654;1193;15;1178;802;376
220503-5;1469;1073;19;1054;662;392
220504-1;1412;1111;8;1103;789;314
220504-2;2205;1691;23;1668;1074;594
220504-3;1794;1366;11;1355;981;374
220504-4;1077;812;6;806;475;331
220504-5;1227;960;7;953;749;204
220504-6;1800;1378;14;1364;1006;358
220504-7;880;616;3;613;437;176
220504-8;964;690;5;685;485;200
220504-9;944;647;6;641;515;126
220504-10;895;680;3;677;564;113
220504-11;986;783;10;773;541;232
220505-1;1535;937;12;925;640;285
220505-2;2388;1625;7;1618;928;690
220505-3;2312;1622;12;1610;904;706
220505-4;1419;860;3;857;506;351
220505-5;407;286;2;284;200;84
220506-1;1524;1128;11;1117;549;568
220506-2;1524;1167;9;1158;684;474
220506-3;1346;981;10;971;654;317
220506-4;1113;830;4;826;629;197
220506-5;677;511;5;506;303;203
220506-6;1171;899;6;893;475;418
220506-7;1286;953;2;951;460;491
220507-1;1729;1363;15;1348;615;733
220507-2;947;714;3;711;532;179
220507-3;716;555;4;551;385;166
220507-4;1445;1098;1;1097;624;473
220508-1;1494;1155;12;1143;442;701
220508-2;1444;1162;12;1150;418;732
220508-3;1041;762;5;757;224;533
220508-4;1104;859;7;852;317;535
220508-5;529;417;9;408;163;245
220508-6;1876;1484;23;1461;539;922
220508-7;2497;1951;17;1934;578;1356
220508-8;2516;1975;15;1960;511;1449
220508-9;2015;1482;8;1474;531;943
220508-10;1692;1265;11;1254;556;698
220508-11;1694;1234;12;1222;612;610
220508-12;1887;1343;17;1326;640;686
220508-13;1250;794;11;783;418;365
220508-14;1456;1048;9;1039;518;521
220508-15;1057;795;10;785;315;470
220508-16;1940;1371;13;1358;610;748
220508-17;1282;967;16;951;481;470
220508-18;1234;878;11;867;390;477
220508-19;1596;1217;14;1203;474;729
220601-1;1803;1266;14;1252;554;698
220601-2;1358;952;5;947;424;523
220601-3;1627;1131;3;1128;523;605
220601-4;1695;1254;10;1244;518;726
220601-5;1367;989;7;982;389;593
220601-6;1555;1132;11;1121;472;649
220601-7;1885;1286;9;1277;521;756
220601-8;1434;929;7;922;428;494
220601-9;1532;948;7;941;399;542
220601-10;1551;1124;11;1113;559;554
220601-11;1609;1095;11;1084;518;566
220601-12;461;127;2;125;78;47
220602-1;1565;1155;10;1145;664;481
220602-2;846;593;0;593;372;221
220602-3;1300;960;5;955;528;427
220603-1;2094;1426;10;1416;845;571
220603-2;2944;2338;17;2321;1010;1311
220603-3;640;413;4;409;305;104
220603-4;66;42;3;39;35;4
220604-1;1685;1158;15;1143;732;411
220604-2;693;522;2;520;356;164
220604-3;978;695;2;693;393;300
220604-4;711;504;1;503;251;252
220604-5;1816;1362;11;1351;640;711
220604-6;1208;879;5;874;550;324
220604-7;1388;1111;7;1104;488;616
220604-8;797;530;3;527;275;252
220604-9;832;745;0;745;270;475
220604-10;779;574;6;568;323;245
220604-11;856;614;7;607;353;254
220604-12;859;640;6;634;425;209
220605-1;1536;1064;8;1056;582;474
220605-2;873;567;2;565;398;167
220605-3;487;325;5;320;230;90
220605-4;754;461;5;456;262;194
220606-1;1068;798;13;785;454;331
220606-2;930;711;7;704;441;263
220606-3;997;747;16;731;445;286
220607-1;1065;760;6;754;410;344
220607-2;1141;729;6;723;426;297
220607-3;775;503;9;494;257;237
220607-4;1067;749;3;746;483;263
220607-5;1236;809;5;804;527;277
220608-1;1312;947;7;940;450;490
220608-2;628;454;4;450;327;123
220608-3;700;476;3;473;329;144
220608-4;1115;777;4;773;486;287
220608-5;1749;1137;10;1127;584;543
220701-1;1197;794;3;791;279;512
220701-2;1638;1127;6;1121;460;661
220701-3;1381;935;8;927;349;578
220701-4;1375;912;7;905;363;542
220701-5;1171;795;7;788;389;399
220701-6;1310;846;5;841;346;495
220701-7;969;657;2;655;247;408
220701-8;1178;790;7;783;331;452
220701-9;1404;943;5;938;364;574
220701-10;1399;962;9;953;387;566
220701-11;1265;851;9;842;376;466
220701-12;1386;898;8;890;364;526
220701-13;1261;862;8;854;317;537
220701-14;1251;847;12;835;357;478
220701-15;1236;656;5;651;303;348
220701-16;1051;634;6;628;272;356
220701-17;1334;753;6;747;328;419
220701-18;1209;614;5;609;243;366
220701-19;1426;948;9;939;393;546
220701-20;1081;636;5;631;232;399
220701-21;1555;1128;7;1121;421;700
220701-22;39;4;0;4;2;2
220701-23;91;53;7;46;42;4
220701-24;503;367;2;365;111;254
220702-1;1736;966;8;958;605;353
220702-2;1206;670;4;666;472;194
220702-3;794;446;5;441;260;181
220702-4;648;316;5;311;218;93
220702-5;770;397;3;394;225;169
220702-6;728;411;7;404;239;165
220702-7;432;233;5;228;155;73
220703-1;656;330;3;327;208;119
220703-2;577;322;2;320;210;110
220703-3;522;320;3;317;146;171
220703-4;905;553;2;551;294;257
220703-5;1201;738;6;732;332;400
220703-6;485;334;2;332;145;187
220703-7;1508;909;10;899;408;491
220703-8;621;321;1;320;210;110
220703-9;676;398;4;394;229;165
220703-10;1262;752;5;747;420;327
220704-1;608;313;8;305;162;143
220704-2;786;487;7;480;222;258
220704-3;693;369;9;360;194;166
220704-4;579;351;2;349;159;190
220704-5;650;361;4;357;188;169
220704-6;654;425;1;424;184;240
220704-7;436;275;0;275;137;138
220704-8;840;429;5;424;224;200
220704-9;845;505;11;494;193;301
220704-10;895;544;2;542;264;278
220704-11;802;444;2;442;323;119
220704-12;570;356;9;347;221;126
220704-13;568;337;5;332;211;121
220704-14;470;230;2;228;168;60
220704-15;473;228;5;223;165;58
220704-16;105;42;1;41;22;19
220704-17;72;46;1;45;26;19
220704-18;58;13;2;11;9;2
220705-1;855;479;3;476;243;233
220705-2;1481;855;6;849;389;460
220705-3;909;521;3;518;231;287
220705-4;981;464;4;460;257;203
220705-5;46;31;0;31;23;8
220706-1;1557;906;11;895;577;318
220706-2;1347;806;7;799;497;302
220706-3;1530;887;9;878;502;376
220801-1;1360;963;8;955;396;559
220801-2;1056;726;7;719;290;429
220801-3;1043;714;4;710;308;402
220801-4;972;684;8;676;232;444
220801-5;1856;1277;8;1269;427;842
220801-6;863;659;4;655;224;431
220801-7;1934;1359;12;1347;542;805
220801-8;882;646;4;642;248;394
220801-9;1002;608;6;602;296;306
220801-10;1053;619;8;611;262;349
220801-11;1348;829;12;817;363;454
220801-12;2030;1401;13;1388;485;903
220801-13;1486;988;13;975;381;594
220801-14;1118;707;6;701;289;412
220801-15;1075;733;4;729;300;429
220801-16;1145;778;8;770;269;501
220801-17;1213;764;0;764;321;443
220801-18;1110;817;10;807;290;517
220801-19;1283;773;5;768;326;442
220801-20;1543;1081;7;1074;450;624
220801-21;113;53;0;53;30;23
220801-22;50;37;2;35;17;18
220801-23;45;24;7;17;15;2
220802-1;3536;3134;16;3118;1129;1989
220802-2;2350;1955;9;1946;648;1298
220802-3;2216;1859;12;1847;692;1155
220803-1;1745;1160;5;1155;537;618
220803-2;878;510;3;507;277;230
220803-3;1058;738;2;736;419;317
220803-4;1554;984;3;981;631;350
220804-1;2213;1577;22;1555;694;861
220804-2;1333;972;9;963;344;619
220804-3;502;339;4;335;147;188
220804-4;738;399;5;394;180;214
220804-5;443;277;2;275;177;98
220804-6;479;274;1;273;119;154
220804-7;496;251;2;249;173;76
220804-8;486;310;8;302;149;153
220804-9;968;575;7;568;274;294
220804-10;464;283;1;282;157;125
220804-11;898;535;1;534;253;281
220804-12;580;309;2;307;181;126
220804-13;566;334;4;330;171;159
220805-1;2243;1315;14;1301;525;776
220805-2;2035;1358;10;1348;493;855
220805-3;801;412;0;412;238;174
220901-1;1949;1421;11;1410;484;926
220901-2;1617;1139;7;1132;351;781
220901-3;1367;780;2;778;288;490
220901-4;1298;836;3;833;307;526
220901-5;2036;1396;5;1391;530;861
220901-6;1149;673;2;671;256;415
220901-7;1637;1153;11;1142;343;799
220901-8;1959;1306;4;1302;594;708
220901-9;1518;1052;2;1050;422;628
220901-10;1373;967;10;957;319;638
220901-11;1746;1154;5;1149;432;717
220901-12;1759;1030;12;1018;368;650
220901-13;1596;999;8;991;421;570
220901-14;1789;1122;5;1117;423;694
220901-15;1752;1105;9;1096;440;656
220901-16;1233;806;8;798;317;481
220901-17;1212;824;5;819;318;501
220901-18;1317;874;3;871;320;551
220901-19;67;33;1;32;27;5
220901-20;224;165;4;161;87;74
220901-21;52;17;0;17;9;8
220903-1;1372;803;6;797;402;395
220903-2;1323;653;6;647;307;340
220903-3;775;427;6;421;229;192
220904-1;1246;739;4;735;270;465
220904-2;724;390;7;383;184;199
220904-3;1023;684;6;678;228;450
220904-4;684;395;4;391;189;202
220906-1;1633;947;7;940;488;452
220906-2;1010;644;8;636;358;278
220907-1;1681;956;7;949;466;483
220907-2;1456;821;7;814;345;469
220907-3;1529;893;9;884;405;479
220907-4;956;447;3;444;223;221
220908-1;1266;707;5;702;318;384
220908-2;1057;664;2;662;251;411
220908-3;1267;663;5;658;301;357
221001-1;4692;4154;26;4128;1450;2678
221002-1;1141;666;2;664;265;399
221002-2;986;651;6;645;220;425
221002-3;1346;943;11;932;307;625
221002-4;1246;793;9;784;307;477
221002-5;1009;637;5;632;232;400
221002-6;775;510;2;508;173;335
221002-7;907;633;2;631;234;397
221002-8;819;472;4;468;267;201
221002-9;652;357;2;355;172;183
221002-10;728;395;3;392;195;197
221002-11;849;468;3;465;270;195
221002-12;1037;645;4;641;275;366
221002-13;739;404;3;401;168;233
221002-14;1106;560;6;554;283;271
221002-15;75;2;0;2;0;2
221003-1;1115;652;3;649;314;335
221003-2;669;385;1;384;186;198
221003-3;656;418;8;410;207;203
221004-1;3167;2509;12;2497;925;1572
221004-2;599;415;1;414;187;227
221004-3;978;523;4;519;259;260
221004-4;484;250;0;250;122;128
221004-5;425;240;1;239;124;115
221004-6;2981;2444;18;2426;879;1547
221004-7;1284;1017;8;1009;324;685
221004-8;1503;972;12;960;425;535
221004-9;134;44;0;44;22;22
221005-1;3224;2262;17;2245;836;1409
221005-2;1588;1369;13;1356;406;950
221101-1;2503;1968;16;1952;580;1372
221101-2;2093;1603;12;1591;514;1077
221102-1;6185;5147;31;5116;1682;3434
221102-2;2019;1865;10;1855;462;1393
221102-3;2566;2406;7;2399;584;1815
221103-1;1488;1077;10;1067;391;676
221103-2;1831;1274;6;1268;450;818
221103-3;1825;1224;8;1216;425;791
221103-4;1746;1200;10;1190;427;763
221103-5;1985;1445;9;1436;575;861
221103-6;75;34;0;34;26;8
221103-7;57;10;0;10;4;6
221104-1;2518;2016;12;2004;721;1283
221104-2;2098;1672;10;1662;564;1098
221104-3;2481;1945;13;1932;676;1256
221104-4;2911;2357;18;2339;758;1581
221104-5;2562;1975;8;1967;804;1163
221104-6;3178;2960;7;2953;378;2575
221104-7;2544;2205;19;2186;937;1249
221104-8;982;849;9;840;346;494
221104-9;709;641;5;636;180;456
221104-10;3072;2542;9;2533;869;1664
221104-11;1968;1745;6;1739;665;1074
221104-12;3009;2505;6;2499;957;1542
221105-1;2786;2214;20;2194;706;1488
221105-2;1274;1036;8;1028;387;641
221105-3;932;752;13;739;231;508
221105-4;1502;1213;8;1205;341;864
221105-5;1847;1367;14;1353;485;868
221105-6;3125;2454;27;2427;683;1744
221105-7;1155;1004;11;993;219;774
221106-1;3851;2882;20;2862;1086;1776
221106-2;4051;3489;30;3459;1144;2315
221106-3;3374;2627;14;2613;1130;1483
221106-4;2717;1980;8;1972;968;1004
221106-5;867;616;7;609;381;228
221106-6;56;34;0;34;17;17
221107-1;2856;1953;20;1933;1074;859
221107-2;1953;1358;19;1339;648;691
221107-3;1104;777;12;765;330;435
221107-4;1102;819;11;808;362;446
221107-5;2028;1354;15;1339;833;506
221107-6;924;664;4;660;450;210
221107-7;998;782;5;777;372;405
221107-8;2133;1632;18;1614;740;874
221107-9;948;660;4;656;279;377
221107-10;982;648;5;643;415;228
221107-11;1551;1051;11;1040;584;456
221107-12;969;702;5;697;454;243
221107-13;757;456;6;450;206;244
221107-14;722;478;3;475;245;230
221107-15;687;457;9;448;282;166
221107-16;979;750;9;741;376;365
221201-1;1810;1301;6;1295;481;814
221201-2;1733;1275;12;1263;395;868
221201-3;1932;1385;9;1376;570;806
221201-4;1837;1227;8;1219;511;708
221201-5;1890;1360;4;1356;515;841
221201-6;2589;1897;9;1888;808;1080
221201-7;3107;2282;16;2266;847;1419
221201-8;46;40;0;40;12;28
221201-9;28;7;0;7;0;7
221202-1;1411;929;6;923;457;466
221202-2;1714;851;11;840;446;394
221202-3;1418;817;7;810;470;340
221203-1;1085;649;3;646;312;334
221203-2;1444;896;8;888;351;537
221203-3;1163;728;4;724;329;395
221203-4;1164;570;4;566;312;254
221203-5;675;364;2;362;202;160
221203-6;523;222;1;221;134;87
221203-7;1189;647;3;644;386;258
221204-1;480;282;0;282;132;150
221204-2;471;281;1;280;126;154
221204-3;483;284;2;282;123;159
221204-4;473;219;2;217;143;74
221204-5;356;182;0;182;98;84
221204-6;457;230;4;226;111;115
221204-7;448;204;2;202;89;113
221204-8;595;309;1;308;177;131
221204-9;370;186;3;183;93;90
221204-10;579;325;3;322;131;191
221204-11;512;215;2;213;115;98
221204-12;450;232;1;231;116;115
221204-13;390;207;3;204;120;84
221204-14;366;172;1;171;111;60
221204-15;344;174;2;172;107;65
221205-1;603;361;0;361;121;240
221205-2;473;260;5;255;134;121
221205-3;349;179;2;177;73;104
221205-4;342;166;3;163;77;86
221205-5;652;383;5;378;129;249
221205-6;666;320;4;316;131;185
221205-7;412;259;0;259;101;158
221205-8;520;277;1;276;90;186
221205-9;366;168;2;166;77;89
221205-10;483;303;1;302;138;164
221205-11;479;295;2;293;116;177
221205-12;240;129;0;129;59;70
221205-13;309;154;2;152;74;78
221205-14;324;161;0;161;79;82
221205-15;564;276;1;275;160;115
221206-1;1006;507;1;506;277;229
221206-2;1720;1205;10;1195;374;821
221206-3;1252;755;8;747;343;404
221206-4;1120;613;6;607;270;337
221206-5;1111;602;5;597;314;283
221206-6;1551;1147;7;1140;361;779
221206-7;1477;1139;14;1125;363;762
221207-1;1327;735;7;728;349;379
221207-2;1642;977;7;970;411;559
221207-3;711;384;4;380;208;172
221207-4;806;350;5;345;210;135
221207-5;650;348;0;348;215;133
221208-1;1928;1092;8;1084;555;529
221208-2;1018;588;6;582;237;345
221208-3;932;581;0;581;205;376
221208-4;1391;863;3;860;289;571
221208-5;2243;1604;12;1592;564;1028
221208-6;1072;705;5;700;336;364
221208-7;692;385;5;380;225;155
221208-8;1279;773;7;766;294;472
221208-9;2336;1703;12;1691;491;1200
221208-10;46;45;0;45;18;27
221209-1;1617;1201;10;1191;451;740
221209-2;1048;721;15;706;335;371
221209-3;580;375;7;368;208;160
221210-1;217;217;1;216;85;131
221210-2;723;495;3;492;278;214
221210-3;1135;885;4;881;300;581
221210-4;1430;1089;5;1084;414;670
221210-5;436;253;3;250;116;134
221210-6;1297;1077;10;1067;333;734
221210-7;491;347;5;342;129;213
221210-8;170;138;0;138;100;38
221210-9;171;130;2;128;84;44
221210-10;264;154;5;149;90;59
221210-11;488;326;4;322;107;215
221210-12;427;269;0;269;106;163
221210-13;407;250;2;248;137;111
221210-14;3200;3200;12;3188;1145;2043
221301-1;1379;887;10;877;496;381
221301-2;839;607;10;597;323;274
221301-3;345;232;3;229;163;66
221302-1;1387;931;5;926;531;395
221302-2;1246;827;6;821;493;328
221303-1;1818;1077;6;1071;553;518
221303-2;2158;1487;10;1477;753;724
221303-3;1417;952;4;948;437;511
221303-4;2002;1309;9;1300;637;663
221303-5;1649;1010;11;999;536;463
221303-6;1508;991;4;987;533;454
221303-7;1536;708;8;700;392;308
221303-8;1564;896;5;891;473;418
221303-9;1576;900;6;894;477;417
221303-10;1085;734;2;732;389;343
221303-11;1999;1334;10;1324;678;646
221303-12;1304;852;5;847;436;411
221303-13;1378;890;7;883;469;414
221303-14;1297;872;2;870;392;478
221303-15;2180;1471;17;1454;724;730
221303-16;1641;1168;9;1159;600;559
221303-17;1780;1249;6;1243;611;632
221303-18;1682;1233;7;1226;554;672
221303-19;2057;1254;10;1244;562;682
221303-20;1118;827;9;818;391;427
221303-21;1398;982;10;972;436;536
221303-22;196;78;2;76;43;33
221303-23;680;313;6;307;236;71
221303-24;315;204;5;199;77;122
221304-1;1149;727;6;721;474;247
221304-2;374;251;2;249;183;66
221304-3;435;264;3;261;202;59
221304-4;368;214;3;211;144;67
221305-1;1825;1121;6;1115;592;523
221305-2;1106;689;5;684;433;251
221305-3;1374;838;2;836;475;361
221306-1;1667;1048;3;1045;559;486
221306-2;1346;864;8;856;483;373
221306-3;700;448;2;446;287;159
221306-4;581;421;8;413;235;178
221306-5;812;615;2;613;256;357
221306-6;428;247;5;242;166;76
221307-1;1310;878;10;868;552;316
221307-2;1012;688;4;684;504;180
221308-1;302;177;1;176;120;56
221308-2;666;489;4;485;214;271
221308-3;956;694;8;686;340;346
221308-4;377;239;0;239;129;110
221309-1;2256;1372;11;1361;774;587
221309-2;1880;1231;11;1220;654;566
221309-3;1637;950;9;941;538;403
221309-4;799;470;5;465;302;163
221309-5;618;443;5;438;311;127
221309-6;1320;841;7;834;542;292
221309-7;1116;636;4;632;281;351
221309-8;499;332;5;327;218;109
221309-9;647;389;5;384;193;191
221310-1;713;480;3;477;341;136
221310-2;1044;633;8;625;458;167
221310-3;925;566;1;565;427;138
221310-4;814;493;3;490;328;162
221311-1;1247;818;9;809;433;376
221311-2;570;320;1;319;236;83
221311-3;680;375;5;370;259;111
221311-4;405;245;0;245;166;79
221311-5;476;280;1;279;180;99
221311-6;595;357;3;354;241;113
221312-1;704;496;4;492;266;226
221312-2;654;406;3;403;255;148
221312-3;900;616;2;614;323;291
221312-4;704;497;1;496;256;240
221312-5;362;266;4;262;142;120
221312-6;311;190;2;188;136;52
221312-7;780;498;8;490;252;238
221312-8;468;284;0;284;181;103
221312-9;304;208;3;205;124;81
221312-10;740;481;8;473;263;210
221312-11;1374;982;6;976;357;619
221312-12;313;207;2;205;141;64
221312-13;910;651;3;648;337;311
221312-14;760;552;4;548;218;330
221312-15;959;705;5;700;376;324
221312-16;447;302;2;300;212;88
221312-17;518;340;5;335;245;90
221312-18;686;490;8;482;262;220
221312-19;90;50;0;50;32;18
221312-20;83;52;1;51;41;10
221313-1;1368;886;7;879;605;274
221313-2;1315;871;5;866;507;359
221313-3;1252;794;6;788;419;369
221313-4;1518;984;5;979;566;413
221313-5;1725;1151;8;1143;660;483
221313-6;713;422;4;418;256;162
221313-7;1095;699;11;688;469;219
221401-1;2043;1250;13;1237;581;656
221401-2;1608;921;8;913;507;406
221401-3;1771;1067;8;1059;525;534
221401-4;1689;962;9;953;475;478
221401-5;1360;891;12;879;381;498
221401-6;1474;1012;13;999;390;609
221401-7;1731;1224;10;1214;465;749
221401-8;2073;1336;15;1321;631;690
221401-9;1872;1167;11;1156;569;587
221401-10;2065;1529;14;1515;564;951
221401-11;1416;953;11;942;408;534
221401-12;2195;1347;16;1331;637;694
221401-13;1873;1242;12;1230;571;659
221401-14;2129;1423;5;1418;657;761
221401-15;2064;1374;20;1354;647;707
221401-16;1779;1198;6;1192;557;635
221401-17;1413;948;13;935;418;517
221401-18;1176;865;8;857;384;473
221401-19;1780;1220;5;1215;582;633
221401-20;1967;1453;7;1446;579;867
221401-21;1505;1002;9;993;456;537
221401-22;1985;1340;4;1336;631;705
221401-23;1425;1018;7;1011;387;624
221401-24;1116;865;9;856;253;603
221401-25;1467;1109;7;1102;360;742
221401-26;56;26;0;26;16;10
221401-27;36;10;0;10;8;2
221401-28;50;37;0;37;15;22
221402-1;716;464;4;460;181;279
221402-2;752;450;5;445;223;222
221402-3;710;377;2;375;182;193
221402-4;1058;595;9;586;320;266
221402-5;801;539;4;535;290;245
221402-6;838;535;1;534;263;271
221402-7;426;242;1;241;161;80
221402-8;832;442;3;439;289;150
221402-9;916;493;4;489;341;148
221402-10;821;484;6;478;309;169
221402-11;1180;688;9;679;340;339
221402-12;1048;565;6;559;354;205
221402-13;529;255;1;254;162;92
221402-14;554;333;3;330;166;164
221402-15;435;319;2;317;180;137
221402-16;93;43;0;43;42;1
221403-1;1219;711;2;709;389;320
221403-2;701;397;3;394;270;124
221403-3;837;402;8;394;281;113
221404-1;1617;1019;11;1008;529;479
221404-2;1423;825;6;819;442;377
221404-3;753;399;2;397;227;170
221404-4;1947;1184;14;1170;591;579
221404-5;1137;744;8;736;364;372
221404-6;945;591;2;589;395;194
221404-7;923;574;3;571;357;214
221404-8;769;471;4;467;263;204
221404-9;564;324;0;324;222;102
221404-10;1182;670;3;667;410;257
221404-11;685;452;2;450;255;195
221404-12;138;81;8;73;61;12
221405-1;1114;782;13;769;362;407
221405-2;1043;575;4;571;320;251
221405-3;1155;687;16;671;360;311
221405-4;835;534;3;531;311;220
221406-1;679;480;1;479;205;274
221406-2;641;495;7;488;231;257
221406-3;688;468;4;464;224;240
221406-4;1246;710;3;707;405;302
221406-5;570;366;4;362;202;160
221406-6;1195;717;3;714;371;343
221406-7;687;430;3;427;218;209
221406-8;776;529;2;527;207;320
221406-9;911;693;4;689;244;445
221406-10;1699;1204;18;1186;457;729
221406-11;1731;1044;11;1033;536;497
221406-12;76;44;0;44;37;7
221501-1;2023;1452;13;1439;556;883
221501-2;2336;1716;12;1704;631;1073
221501-3;2549;1940;22;1918;512;1406
221501-4;1081;682;5;677;245;432
221501-5;2071;1431;12;1419;418;1001
221501-6;2311;1710;18;1692;596;1096
221501-7;2214;1548;15;1533;642;891
221501-8;2572;1860;17;1843;647;1196
221501-9;1882;1328;22;1306;473;833
221502-1;1863;1445;13;1432;464;968
221502-2;1560;1038;13;1025;358;667
221502-3;1744;1180;14;1166;482;684
221502-4;1832;1416;32;1384;431;953
221502-5;1529;1097;10;1087;459;628
221502-6;1585;1228;12;1216;400;816
221502-7;1701;1254;13;1241;469;772
221502-8;1793;1337;11;1326;455;871
221502-9;1854;1415;19;1396;454;942
221502-10;1821;1362;19;1343;471;872
221502-11;1761;1297;12;1285;459;826
221502-12;1854;1458;17;1441;456;985
221502-13;1710;1264;8;1256;437;819
221502-14;1550;1174;15;1159;350;809
221502-15;1525;1032;15;1017;440;577
221502-16;1729;1315;7;1308;443;865
221502-17;1482;1063;8;1055;437;618
221502-18;1437;1010;8;1002;445;557
221502-19;1842;1315;13;1302;550;752
221502-20;1820;1369;17;1352;423;929
221502-21;2433;1858;17;1841;589;1252
221503-1;2129;1421;26;1395;579;816
221503-2;2131;1541;17;1524;619;905
221503-3;2098;1571;9;1562;637;925
221503-4;2120;1529;12;1517;584;933
221503-5;2107;1432;17;1415;720;695
221503-6;2310;1634;7;1627;758;869
221503-7;2113;1478;15;1463;584;879
221503-8;2067;1410;7;1403;561;842
221503-9;1879;1235;13;1222;423;799
221503-10;2172;1483;6;1477;530;947
221503-11;2230;1596;13;1583;672;911
221503-12;1893;1173;9;1164;543;621
221503-13;1687;1105;4;1101;433;668
221503-14;1707;1059;9;1050;501;549
221503-15;2242;1499;15;1484;604;880
221503-16;2124;1461;13;1448;579;869
221503-17;1540;1157;12;1145;451;694
221503-18;302;244;4;240;76;164
221503-19;242;99;3;96;47;49
221503-20;77;62;0;62;56;6
221503-21;55;31;1;30;24;6
221504-1;1721;1399;12;1387;421;966
221504-2;2701;2067;19;2048;622;1426
221504-3;508;289;2;287;146;141
221504-4;584;329;1;328;192;136
221504-5;855;587;9;578;237;341
221504-6;1137;967;3;964;277;687
221504-7;19;19;0;19;2;17
221505-1;1751;1102;10;1092;537;555
221505-2;837;498;3;495;228;267
221505-3;1752;967;5;962;524;438
221505-4;747;543;10;533;201;332
221505-5;608;351;1;350;217;133
221505-6;103;53;6;47;36;11
221506-1;1414;967;10;957;584;373
221506-2;914;635;7;628;476;152
221506-3;1906;1330;10;1320;926;394
221506-4;554;413;1;412;331;81
221507-1;1682;1222;13;1209;775;434
221507-2;1699;1196;22;1174;713;461
221507-3;2395;1773;19;1754;995;759
221507-4;1088;687;7;680;486;194
221507-5;1764;1172;7;1165;851;314
221507-6;1594;1073;15;1058;538;520
221507-7;1483;1001;5;996;568;428
221508-1;916;562;4;558;320;238
221508-2;1067;691;4;687;353;334
221508-3;832;483;3;480;288;192
221508-4;755;499;11;488;293;195
221508-5;1476;947;17;930;502;428
221508-6;876;604;5;599;375;224
221508-7;488;325;3;322;226;96
221508-8;1266;831;10;821;482;339
221508-9;1102;750;13;737;409;328
221509-1;2236;1567;18;1549;868;681
221509-2;2299;1668;15;1653;861;792
221509-3;1675;1074;9;1065;803;262
221509-4;2498;1979;21;1958;682;1276
221509-5;1063;802;5;797;260;537
221509-6;2242;1538;9;1529;983;546
221509-7;1335;983;4;979;278;701
221510-1;1349;971;8;963;423;540
221510-2;1675;1085;7;1078;524;554
221510-3;1544;1108;10;1098;505;593
221510-4;1651;1209;12;1197;540;657
221510-5;1532;1057;13;1044;569;475
221510-6;1572;1048;11;1037;601;436
221510-7;1425;916;4;912;491;421
221510-8;1452;1072;10;1062;480;582
221510-9;1292;878;5;873;478;395
221510-10;1060;771;9;762;321;441
221510-11;1202;812;8;804;368;436
221510-12;1689;1253;13;1240;564;676
221510-13;543;357;4;353;221;132
221510-14;918;729;8;721;192;529
221601-1;1442;837;7;830;378;452
221601-2;1331;783;6;777;341;436
221601-3;225;134;0;134;79;55
221601-4;315;197;3;194;120;74
221601-5;451;227;3;224;141;83
221601-6;345;206;2;204;116;88
221601-7;383;190;0;190;101;89
221601-8;284;135;2;133;73;60
221601-9;376;204;1;203;108;95
221601-10;190;83;1;82;47;35
221601-11;271;160;1;159;79;80
221601-12;1533;878;7;871;433;438
221602-1;1182;718;7;711;396;315
221602-2;536;302;0;302;210;92
221602-3;425;235;3;232;153;79
221602-4;569;256;2;254;175;79
221603-1;517;248;0;248;161;87
221603-2;665;367;4;363;183;180
221603-3;830;436;2;434;294;140
221603-4;511;244;3;241;152;89
221603-5;596;348;0;348;151;197
221604-1;913;488;5;483;260;223
221604-2;955;440;3;437;267;170
221604-3;800;421;0;421;256;165
221604-4;971;463;6;457;208;249
221604-5;742;346;2;344;189;155
221604-6;386;213;3;210;122;88
221605-1;398;230;0;230;109;121
221605-2;1314;780;10;770;349;421
221605-3;1561;845;9;836;385;451
221605-4;704;402;4;398;229;169
221605-5;509;252;2;250;125;125
221605-6;1322;853;6;847;349;498
221605-7;2069;1234;11;1223;508;715
221605-8;963;575;4;571;240;331
221605-9;676;473;5;468;167;301
221605-10;1559;1003;11;992;325;667
221605-11;1312;810;6;804;352;452
221605-12;1101;706;7;699;288;411
221605-13;247;92;0;92;57;35
221605-14;933;607;13;594;145;449
226101-1;1765;1351;11;1340;489;851
226101-2;1621;1177;10;1167;365;802
226101-3;3434;2464;16;2448;883;1565
226101-4;1911;1456;10;1446;470;976
226101-5;1676;1234;7;1227;464;763
226101-6;2054;1520;13;1507;568;939
226101-7;2587;1708;11;1697;596;1101
226101-8;2707;1656;15;1641;578;1063
226101-9;1407;967;14;953;329;624
226101-10;1793;1191;6;1185;479;706
226101-11;1751;1099;9;1090;487;603
226101-12;1779;1134;11;1123;459;664
226101-13;1635;1077;3;1074;468;606
226101-14;1667;1143;15;1128;504;624
226101-15;1585;1021;4;1017;393;624
226101-16;1674;1144;6;1138;486;652
226101-17;1541;973;4;969;432;537
226101-18;1729;1379;5;1374;396;978
226101-19;1903;1408;8;1400;468;932
226101-20;858;556;4;552;226;326
226101-21;587;361;4;357;129;228
226101-22;1795;1148;14;1134;438;696
226101-23;2002;1351;9;1342;543;799
226101-24;1992;1252;11;1241;428;813
226101-25;1214;731;4;727;363;364
226101-26;1310;770;7;763;286;477
226101-27;2809;1874;13;1861;746;1115
226101-28;824;546;5;541;183;358
226101-29;663;497;8;489;175;314
226101-30;2101;1539;9;1530;425;1105
226101-31;1104;861;8;853;279;574
226101-32;1834;1351;4;1347;427;920
226101-33;2639;1936;12;1924;553;1371
226101-34;1694;1273;9;1264;369;895
226101-35;2621;1932;13;1919;494;1425
226101-36;2877;1770;8;1762;584;1178
226101-37;1702;1149;17;1132;391;741
226101-38;3168;2238;23;2215;648;1567
226101-39;1162;838;12;826;308;518
226101-40;710;483;2;481;170;311
226101-41;1483;910;6;904;369;535
226101-42;1798;1423;11;1412;298;1114
226101-43;2195;1657;17;1640;389;1251
226101-44;2214;1728;11;1717;434;1283
226101-45;2923;2149;11;2138;594;1544
226101-46;1927;1479;14;1465;310;1155
226101-47;2565;1929;14;1915;508;1407
226101-48;2615;2117;16;2101;606;1495
226101-49;1041;818;6;812;241;571
226101-50;1662;1398;15;1383;249;1134
226101-51;2015;1628;25;1603;336;1267
226101-52;2505;1711;16;1695;493;1202
226101-53;2995;2304;21;2283;517;1766
226101-54;2430;1865;10;1855;409;1446
226101-55;2293;1798;8;1790;574;1216
226101-56;2583;2064;17;2047;610;1437
226101-57;2659;2115;20;2095;549;1546
226101-58;2802;2282;23;2259;499;1760
226101-59;2067;1744;17;1727;337;1390
226101-60;2230;1703;11;1692;450;1242
226101-61;3113;2254;21;2233;687;1546
226101-62;1675;1274;13;1261;488;773
226101-63;2496;1923;15;1908;646;1262
226101-64;2601;2087;13;2074;580;1494
226101-65;2073;1548;6;1542;586;956
226101-66;1995;1564;14;1550;569;981
226101-67;2174;1702;13;1689;628;1061
226101-68;2083;1638;14;1624;547;1077
226101-69;1793;1489;11;1478;268;1210
226101-70;1824;1514;12;1502;299;1203
226101-71;2349;1848;21;1827;455;1372
226101-72;2053;1631;17;1614;389;1225
226101-73;2603;2075;19;2056;391;1665
226101-74;2562;1932;12;1920;471;1449
226101-75;2398;1808;13;1795;396;1399
226101-76;1995;1628;15;1613;469;1144
226101-77;1802;1327;14;1313;409;904
226101-78;1625;1161;8;1153;364;789
226101-79;1653;1233;10;1223;360;863
226101-80;2634;1936;15;1921;621;1300
226101-81;2776;1984;14;1970;591;1379
226101-82;1350;1005;7;998;346;652
226101-83;2745;2115;9;2106;709;1397
226101-84;2351;1741;14;1727;588;1139
226101-85;2217;1687;14;1673;541;1132
226101-86;2461;1939;13;1926;600;1326
226101-87;3279;2665;21;2644;609;2035
226101-88;2563;2052;16;2036;495;1541
226101-89;2254;1880;13;1867;304;1563
226101-90;2565;2058;18;2040;424;1616
226101-91;2574;2054;19;2035;585;1450
226101-92;2583;1959;24;1935;577;1358
226101-93;2298;1815;16;1799;495;1304
226101-94;1787;1390;8;1382;453;929
226101-95;1854;1511;13;1498;352;1146
226101-96;1887;1360;11;1349;372;977
226101-97;2289;1560;10;1550;601;949
226101-98;2175;1720;8;1712;531;1181
226101-99;2049;1575;14;1561;514;1047
226101-100;1860;1500;17;1483;377;1106
226101-101;1808;1398;11;1387;423;964
226101-102;2155;1512;11;1501;397;1104
226101-103;2372;1778;22;1756;436;1320
226101-104;1530;1213;13;1200;321;879
226101-105;1934;1434;11;1423;378;1045
226101-106;1415;1035;6;1029;291;738
226101-107;1479;1033;8;1025;273;752
226101-108;1602;1202;9;1193;348;845
226101-109;1238;888;8;880;183;697
226101-110;694;542;4;538;144;394
226101-111;1103;795;12;783;248;535
226101-112;1439;1058;15;1043;304;739
226101-113;2398;1802;23;1779;496;1283
226101-114;1463;1042;8;1034;345;689
226101-115;1769;1318;12;1306;484;822
226101-116;2254;1697;24;1673;536;1137
226101-117;1689;1260;15;1245;436;809
226101-118;1550;1175;7;1168;316;852
226101-119;1786;1326;13;1313;400;913
226101-120;1725;1186;12;1174;401;773
226101-121;1645;1188;17;1171;394;777
226101-122;1830;1363;19;1344;352;992
226101-123;1458;1003;10;993;306;687
226101-124;2000;1547;17;1530;416;1114
226101-125;1324;1053;10;1043;229;814
226101-126;1158;933;3;930;226;704
226101-127;2476;1988;8;1980;630;1350
226101-128;2864;2223;17;2206;678;1528
226101-129;1915;1457;13;1444;452;992
226101-130;1826;1391;7;1384;490;894
226101-131;1902;1616;10;1606;369;1237
226101-132;1720;1319;10;1309;402;907
226101-133;2004;1558;13;1545;479;1066
226101-134;1617;1266;9;1257;371;886
226101-135;1442;1160;12;1148;358;790
226101-136;2256;1798;20;1778;544;1234
226101-137;2215;1795;19;1776;532;1244
226101-138;1730;1294;18;1276;471;805
226101-139;1714;1258;8;1250;466;784
226101-140;1669;1306;14;1292;425;867
226101-141;1814;1320;9;1311;465;846
226101-142;2357;1780;14;1766;467;1299
226101-143;1927;1371;21;1350;499;851
226101-144;2266;1730;31;1699;546;1153
226101-145;1929;1503;8;1495;390;1105
226101-146;1482;1141;10;1131;380;751
226101-147;1978;1366;10;1356;452;904
226101-148;2018;1501;18;1483;458;1025
226101-149;1819;1349;9;1340;450;890
226101-150;1580;1124;6;1118;409;709
226101-151;2109;1590;13;1577;420;1157
226101-152;2104;1616;13;1603;408;1195
226101-153;2868;2326;28;2298;515;1783
226101-154;2489;1905;14;1891;591;1300
226101-155;2100;1645;14;1631;436;1195
226101-156;2077;1560;10;1550;474;1076
226101-157;2423;1910;21;1889;540;1349
226101-158;2303;1781;8;1773;463;1310
226101-159;2360;1981;16;1965;494;1471
226101-160;2119;1832;13;1819;451;1368
226101-161;2718;1977;11;1966;776;1190
226101-162;1922;1448;7;1441;414;1027
226101-163;2281;1684;8;1676;506;1170
226101-164;3555;2575;16;2559;814;1745
226101-165;1751;1344;17;1327;458;869
226101-166;1820;1418;13;1405;427;978
226101-167;1887;1482;10;1472;458;1014
226101-168;1776;1404;11;1393;479;914
226101-169;1578;1158;18;1140;355;785
226101-170;1733;1308;7;1301;373;928
226101-171;1830;1304;10;1294;430;864
226101-172;1700;1232;11;1221;317;904
226101-173;1332;937;15;922;282;640
226101-174;1378;1029;13;1016;278;738
226101-175;1697;1326;9;1317;365;952
226101-176;1172;898;3;895;217;678
226101-177;597;458;6;452;115;337
226101-178;2904;2248;20;2228;628;1600
226101-179;2435;2014;15;1999;553;1446
226101-180;2298;1851;21;1830;478;1352
226101-181;2447;2036;14;2022;508;1514
226101-182;2422;2034;15;2019;417;1602
226101-183;2552;2120;15;2105;454;1651
226101-184;50;43;0;43;33;10
226101-185;474;337;1;336;92;244
226101-186;1047;819;9;810;162;648
226101-187;316;84;0;84;19;65
226101-188;41;34;0;34;15;19
226101-189;85;13;1;12;4;8
226101-190;1147;263;4;259;93;166
226101-191;48;24;0;24;10;14
226101-192;312;93;2;91;44;47
226101-193;77;24;0;24;7;17
226101-194;471;141;2;139;52;87
226101-195;67;30;0;30;24;6
226101-196;107;49;2;47;36;11
226101-197;61;33;0;33;27;6
226101-198;51;27;0;27;12;15
226101-199;116;33;1;32;9;23
226201-1;1507;1111;9;1102;444;658
226201-2;1497;1139;20;1119;423;696
226201-3;1515;1142;10;1132;407;725
226201-4;1329;909;15;894;356;538
226201-5;1743;1282;11;1271;462;809
226201-6;1794;1350;11;1339;406;933
226201-7;2151;1620;19;1601;577;1024
226201-8;1413;1073;22;1051;344;707
226201-9;1701;1331;14;1317;485;832
226201-10;1190;916;12;904;285;619
226201-11;1631;1129;8;1121;402;719
226201-12;1857;1301;20;1281;436;845
226201-13;1736;1257;8;1249;440;809
226201-14;1417;1014;3;1011;353;658
226201-15;1676;1104;10;1094;438;656
226201-16;1732;1232;10;1222;459;763
226201-17;1939;1355;12;1343;510;833
226201-18;1274;864;5;859;343;516
226201-19;1533;1106;7;1099;434;665
226201-20;1812;1147;11;1136;458;678
226201-21;1603;972;5;967;433;534
226201-22;1389;961;11;950;317;633
226201-23;999;685;3;682;235;447
226201-24;1857;1296;13;1283;407;876
226201-25;1939;1450;11;1439;407;1032
226201-26;2029;1353;8;1345;472;873
226201-27;904;693;4;689;173;516
226201-28;2039;1456;10;1446;370;1076
226201-29;2183;1606;9;1597;454;1143
226201-30;1419;1110;13;1097;307;790
226201-31;983;706;5;701;196;505
226201-32;1688;1248;12;1236;343;893
226201-33;949;775;11;764;205;559
226201-34;1415;1076;12;1064;321;743
226201-35;2030;1550;14;1536;487;1049
226201-36;1586;1136;20;1116;327;789
226201-37;1538;932;7;925;384;541
226201-38;1528;1073;16;1057;386;671
226201-39;1024;707;1;706;295;411
226201-40;2100;1615;19;1596;521;1075
226201-41;1782;1335;21;1314;395;919
226201-42;1590;1266;4;1262;331;931
226201-43;987;768;6;762;226;536
226201-44;1310;1015;8;1007;257;750
226201-45;2270;1853;18;1835;443;1392
226201-46;1286;968;15;953;262;691
226201-47;2655;2167;18;2149;370;1779
226201-48;1837;1502;12;1490;351;1139
226201-49;1717;1362;11;1351;308;1043
226201-50;1963;1631;9;1622;386;1236
226201-51;2018;1622;9;1613;378;1235
226201-52;1538;1268;12;1256;305;951
226201-53;1943;1475;15;1460;382;1078
226201-54;1673;1238;4;1234;287;947
226201-55;2317;1852;13;1839;323;1516
226201-56;2234;1813;17;1796;314;1482
226201-57;2210;1756;14;1742;435;1307
226201-58;1621;1324;15;1309;288;1021
226201-59;2382;1870;13;1857;620;1237
226201-60;2238;1721;13;1708;515;1193
226201-61;1784;1361;11;1350;326;1024
226201-62;1938;1526;12;1514;461;1053
226201-63;2535;2096;13;2083;316;1767
226201-64;2704;2062;13;2049;442;1607
226201-65;2239;1626;15;1611;573;1038
226201-66;1014;855;7;848;254;594
226201-67;1659;1284;10;1274;298;976
226201-68;1357;1099;14;1085;290;795
226201-69;1989;1645;8;1637;386;1251
226201-70;2203;1728;11;1717;437;1280
226201-71;2414;2014;15;1999;379;1620
226201-72;2073;1489;12;1477;436;1041
226201-73;1433;1091;6;1085;269;816
226201-74;1412;946;11;935;274;661
226201-75;1487;1045;9;1036;278;758
226201-76;1176;860;8;852;250;602
226201-77;1064;808;7;801;219;582
226201-78;1255;952;9;943;257;686
226201-79;1415;1051;3;1048;282;766
226201-80;833;632;11;621;160;461
226201-81;1291;980;10;970;272;698
226201-82;1219;983;2;981;231;750
226201-83;1193;874;8;866;238;628
226201-84;1658;1173;15;1158;307;851
226201-85;949;682;11;671;199;472
226201-86;1333;988;8;980;272;708
226201-87;942;746;10;736;192;544
226201-88;790;590;5;585;165;420
226201-89;1195;901;2;899;266;633
226201-90;980;768;7;761;207;554
226201-91;1800;1350;10;1340;372;968
226201-92;1074;622;6;616;241;375
226201-93;1766;1449;15;1434;460;974
226201-94;1700;1203;14;1189;368;821
226201-95;2071;1621;11;1610;430;1180
226201-96;1131;834;10;824;246;578
226201-97;2074;1459;15;1444;413;1031
226201-98;1519;1096;11;1085;384;701
226201-99;1593;1216;12;1204;320;884
226201-100;1187;882;4;878;337;541
226201-101;974;723;6;717;237;480
226201-102;1708;1284;8;1276;424;852
226201-103;2119;1644;10;1634;581;1053
226201-104;1964;1458;4;1454;474;980
226201-105;2211;1653;8;1645;604;1041
226201-106;1070;818;8;810;304;506
226201-107;1458;1112;7;1105;386;719
226201-108;2007;1533;18;1515;568;947
226201-109;1578;1169;17;1152;433;719
226201-110;1968;1555;22;1533;477;1056
226201-111;1301;997;8;989;380;609
226201-112;1816;1355;12;1343;462;881
226201-113;1700;1184;8;1176;490;686
226201-114;1590;1062;12;1050;433;617
226201-115;93;57;3;54;26;28
226201-116;191;127;1;126;57;69
226201-117;31;14;0;14;3;11
226201-118;67;50;6;44;15;29
226301-1;1069;835;7;828;300;528
226301-2;1683;1201;10;1191;459;732
226301-3;1793;1276;15;1261;478;783
226301-4;1993;1417;6;1411;523;888
226301-5;1889;1382;6;1376;501;875
226301-6;1543;1169;10;1159;435;724
226301-7;1672;1231;11;1220;428;792
226301-8;1908;1400;9;1391;515;876
226301-9;1706;1185;7;1178;474;704
226301-10;1139;779;7;772;307;465
226301-11;1936;1309;11;1298;507;791
226301-12;1548;1003;7;996;405;591
226301-13;1880;1274;9;1265;478;787
226301-14;1020;616;4;612;280;332
226301-15;1403;925;5;920;360;560
226301-16;1108;734;8;726;256;470
226301-17;1008;660;6;654;266;388
226301-18;1762;1291;6;1285;431;854
226301-19;1380;999;9;990;319;671
226301-20;1311;889;12;877;367;510
226301-21;1633;1039;7;1032;399;633
226301-22;1739;1271;9;1262;486;776
226301-23;1658;938;4;934;406;528
226301-24;1550;859;11;848;360;488
226301-25;1539;880;11;869;389;480
226301-26;1554;927;11;916;404;512
226301-27;1430;835;15;820;360;460
226301-28;987;642;7;635;249;386
226301-29;1053;586;5;581;239;342
226301-30;1214;701;3;698;300;398
226301-31;1386;838;7;831;319;512
226301-32;1696;1076;11;1065;392;673
226301-33;1824;1178;10;1168;453;715
226301-34;1235;732;9;723;308;415
226301-35;1577;939;8;931;388;543
226301-36;636;422;1;421;158;263
226301-37;1650;1096;7;1089;412;677
226301-38;2065;1406;10;1396;499;897
226301-39;2104;1373;10;1363;501;862
226301-40;1834;1317;11;1306;383;923
226301-41;1388;973;4;969;316;653
226301-42;1984;1520;4;1516;485;1031
226301-43;2078;1500;7;1493;444;1049
226301-44;260;78;0;78;40;38
226301-45;183;140;3;137;42;95
226301-46;59;26;0;26;21;5
226301-47;87;33;0;33;13;20
226401-1;1220;971;7;964;269;695
226401-2;1228;1013;13;1000;261;739
226401-3;1175;929;3;926;259;667
226401-4;1241;923;8;915;236;679
226401-5;1146;901;12;889;287;602
226401-6;1859;1455;13;1442;380;1062
226401-7;1785;1440;8;1432;336;1096
226401-8;1734;1384;12;1372;330;1042
226401-9;2454;1932;15;1917;459;1458
226401-10;1667;1267;11;1256;366;890
226401-11;1386;1083;10;1073;287;786
226401-12;1158;912;7;905;258;647
226401-13;1852;1333;11;1322;374;948
226401-14;1507;1124;6;1118;254;864
226401-15;1751;1349;16;1333;434;899
226401-16;1330;973;10;963;316;647
226401-17;1669;1308;11;1297;374;923
226401-18;963;685;7;678;223;455
226401-19;1459;1177;5;1172;352;820
226401-20;1425;1142;9;1133;320;813
226401-21;1467;1152;8;1144;348;796
226401-22;82;39;0;39;21;18
226401-23;30;21;1;20;6;14
226401-24;69;51;1;50;31;19
240101-1;1136;716;5;711;279;432
240101-2;1714;1076;10;1066;473;593
240101-3;1557;1042;7;1035;442;593
240101-4;1487;1035;2;1033;432;601
240101-5;1473;1062;12;1050;406;644
240101-6;1531;1022;8;1014;405;609
240101-7;1415;962;5;957;466;491
240101-8;1664;1211;13;1198;347;851
240101-9;1388;999;6;993;356;637
240101-10;1696;1033;6;1027;443;584
240101-11;1462;803;8;795;360;435
240101-12;1091;693;3;690;296;394
240101-13;1060;588;1;587;301;286
240101-14;632;379;1;378;148;230
240101-15;837;557;6;551;225;326
240101-16;2060;1443;11;1432;628;804
240101-17;2115;1284;12;1272;537;735
240101-18;1717;1166;6;1160;381;779
240101-19;2379;1538;12;1526;608;918
240101-20;658;511;3;508;154;354
240101-21;2487;1652;23;1629;625;1004
240101-22;804;579;10;569;190;379
240101-23;2218;1641;10;1631;541;1090
240101-24;2205;1581;13;1568;576;992
240101-25;2073;1285;9;1276;496;780
240101-26;750;561;2;559;192;367
240101-27;2227;1493;7;1486;665;821
240101-28;51;31;2;29;24;5
240101-29;88;28;0;28;12;16
240102-1;1107;741;10;731;282;449
240102-2;1196;835;13;822;343;479
240102-3;1176;791;8;783;341;442
240102-4;1230;692;4;688;279;409
240102-5;1001;601;5;596;233;363
240102-6;1385;908;11;897;375;522
240102-7;1220;958;4;954;297;657
240102-8;1472;984;6;978;331;647
240102-9;1064;788;5;783;298;485
240102-10;1050;790;9;781;310;471
240102-11;954;593;8;585;241;344
240102-12;1067;708;8;700;310;390
240102-13;954;706;8;698;284;414
240102-14;1010;734;11;723;240;483
240102-15;1145;751;4;747;288;459
240102-16;1209;784;14;770;319;451
240102-17;1129;692;6;686;269;417
240102-18;1377;980;5;975;334;641
240102-19;1064;694;5;689;230;459
240102-20;997;746;7;739;301;438
240102-21;1066;741;4;737;266;471
240102-22;217;47;0;47;31;16
240102-23;36;16;0;16;11;5
240103-1;1365;928;7;921;284;637
240103-2;991;554;3;551;235;316
240103-3;1685;1107;4;1103;431;672
240103-4;1103;773;7;766;298;468
240103-5;1842;1327;9;1318;517;801
240103-6;557;397;6;391;143;248
240103-7;406;323;5;318;86;232
240104-1;1360;942;4;938;344;594
240104-2;1161;731;16;715;373;342
240104-3;1555;1039;10;1029;450;579
240104-4;385;284;1;283;146;137
240104-5;1273;894;6;888;329;559
240104-6;1186;839;4;835;319;516
240104-7;1140;778;10;768;385;383
240104-8;774;572;5;567;262;305
240104-9;353;240;3;237;117;120
240104-10;562;390;7;383;142;241
240105-1;953;651;3;648;306;342
240105-2;1200;782;4;778;376;402
240105-3;775;532;6;526;253;273
240105-4;801;548;12;536;301;235
240105-5;768;534;1;533;279;254
240105-6;485;352;4;348;171;177
240105-7;582;409;1;408;114;294
240105-8;530;360;1;359;206;153
240106-1;879;637;2;635;265;370
240106-2;563;359;2;357;173;184
240106-3;826;616;6;610;218;392
240106-4;810;574;8;566;174;392
240106-5;620;471;2;469;164;305
240106-6;743;541;2;539;187;352
240106-7;2221;1494;8;1486;609;877
240106-8;1549;1088;12;1076;433;643
240106-9;1533;1091;10;1081;413;668
240107-1;2469;1643;16;1627;737;890
240107-2;2003;1485;12;1473;659;814
240107-3;969;626;9;617;384;233
240107-4;555;387;2;385;251;134
240107-5;2196;1570;19;1551;857;694
240107-6;1459;1043;6;1037;656;381
240107-7;304;209;0;209;136;73
240107-8;22;6;0;6;5;1
240108-1;1096;765;8;757;384;373
240108-2;1011;690;5;685;349;336
240108-3;1076;763;10;753;421;332
240108-4;1148;806;4;802;407;395
240108-5;1102;772;5;767;324;443
240201-1;1758;1277;9;1268;638;630
240201-2;1693;1289;5;1284;711;573
240201-3;750;580;6;574;326;248
240201-4;1234;879;8;871;518;353
240202-1;1852;1327;14;1313;710;603
240202-2;1904;1467;14;1453;741;712
240202-3;1301;935;8;927;469;458
240202-4;1411;1032;10;1022;542;480
240202-5;1317;878;10;868;400;468
240202-6;1319;945;12;933;450;483
240203-1;1767;1283;10;1273;659;614
240203-2;1670;1196;11;1185;593;592
240203-3;1151;872;6;866;565;301
240203-4;1534;1034;5;1029;614;415
240203-5;1838;1297;10;1287;742;545
240203-6;729;538;3;535;361;174
240204-1;1827;1322;12;1310;549;761
240204-2;1555;1099;12;1087;511;576
240204-3;1737;1102;20;1082;520;562
240204-4;1751;1323;11;1312;558;754
240204-5;1682;1188;9;1179;529;650
240204-6;1700;1229;17;1212;485;727
240204-7;940;658;6;652;288;364
240204-8;1917;1328;13;1315;597;718
240204-9;1823;1332;16;1316;619;697
240204-10;1787;1179;16;1163;543;620
240204-11;1597;1032;12;1020;466;554
240204-12;1422;993;5;988;459;529
240204-13;1368;987;7;980;501;479
240204-14;1336;1002;12;990;511;479
240204-15;1990;1489;14;1475;638;837
240204-16;2098;1564;18;1546;783;763
240204-17;1357;965;13;952;491;461
240204-18;1270;917;4;913;465;448
240204-19;1790;1294;23;1271;651;620
240204-20;835;600;5;595;364;231
240204-21;1193;847;8;839;484;355
240204-22;850;644;5;639;450;189
240204-23;22;17;0;17;14;3
240205-1;886;599;6;593;319;274
240205-2;1050;827;11;816;421;395
240205-3;985;723;5;718;264;454
240205-4;792;559;11;548;356;192
240205-5;1706;1206;10;1196;450;746
240205-6;1743;1251;14;1237;491;746
240205-7;694;511;7;504;184;320
240205-8;478;331;0;331;227;104
240205-9;1415;1074;11;1063;748;315
240205-10;904;644;10;634;384;250
240205-11;715;539;5;534;340;194
240205-12;1080;856;11;845;424;421
240205-13;860;636;10;626;299;327
240205-14;923;705;7;698;324;374
240205-15;934;681;2;679;361;318
240205-16;875;617;14;603;303;300
240205-17;1147;831;8;823;492;331
240205-18;581;412;1;411;233;178
240205-19;492;348;5;343;170;173
240206-1;1758;1327;12;1315;481;834
240206-2;1615;1218;10;1208;465;743
240206-3;2291;1759;10;1749;525;1224
240206-4;92;66;0;66;31;35
240207-1;2108;1598;21;1577;799;778
240207-2;1666;1298;18;1280;648;632
240207-3;1783;1297;24;1273;679;594
240207-4;2218;1692;14;1678;875;803
240207-5;2132;1535;17;1518;682;836
240208-1;1741;1261;11;1250;747;503
240208-2;1328;957;9;948;607;341
240208-3;1560;1083;15;1068;600;468
240208-4;1641;1185;15;1170;698;472
240208-5;1748;1211;14;1197;678;519
240208-6;935;680;12;668;410;258
240208-7;1605;1159;11;1148;651;497
240208-8;1682;1160;8;1152;692;460
240209-1;2360;1754;16;1738;1157;581
240209-2;2202;1501;12;1489;840;649
240209-3;1934;1453;12;1441;940;501
240209-4;1939;1488;11;1477;735;742
240209-5;1749;1234;14;1220;647;573
240209-6;851;610;7;603;385;218
240209-7;1628;1225;6;1219;853;366
240209-8;732;540;5;535;297;238
240210-1;1426;1036;14;1022;485;537
240210-2;1282;898;10;888;434;454
240210-3;1352;1027;12;1015;486;529
240210-4;1272;932;12;920;400;520
240210-5;1242;913;11;902;338;564
240210-6;2096;1575;12;1563;642;921
240210-7;1748;1206;10;1196;599;597
240210-8;156;39;0;39;23;16
240210-9;144;64;0;64;37;27
240210-10;53;53;3;50;26;24
240301-1;726;467;8;459;188;271
240301-2;677;478;4;474;239;235
240301-3;1089;730;5;725;268;457
240301-4;1828;1343;12;1331;533;798
240301-5;913;649;5;644;230;414
240301-6;2074;1449;16;1433;498;935
240301-7;909;652;6;646;256;390
240301-8;1516;1017;9;1008;399;609
240301-9;856;587;1;586;265;321
240301-10;1195;795;2;793;307;486
240301-11;1557;1094;12;1082;436;646
240301-12;1023;640;6;634;238;396
240301-13;706;463;6;457;151;306
240301-14;1627;1063;14;1049;392;657
240301-15;1340;863;8;855;353;502
240301-16;1653;1111;11;1100;406;694
240301-17;1506;937;5;932;390;542
240301-18;1752;1272;4;1268;477;791
240301-19;1044;741;8;733;276;457
240301-20;1665;1270;4;1266;444;822
240301-21;222;24;0;24;14;10
240301-22;57;31;0;31;29;2
240301-23;139;55;0;55;48;7
240301-24;57;28;0;28;25;3
240301-25;374;239;2;237;70;167
240302-1;1312;925;7;918;301;617
240302-2;802;549;5;544;135;409
240302-3;2227;1625;8;1617;587;1030
240302-4;1415;1042;5;1037;332;705
240302-5;2066;1447;9;1438;488;950
240302-6;2129;1470;18;1452;498;954
240302-7;1269;854;8;846;441;405
240302-8;1203;840;11;829;325;504
240302-9;1328;1001;8;993;410;583
240302-10;997;607;1;606;335;271
240302-11;174;89;0;89;57;32
240302-12;178;119;1;118;67;51
240302-13;37;37;2;35;10;25
240303-1;662;454;5;449;140;309
240303-2;1395;989;4;985;254;731
240303-3;1202;843;6;837;234;603
240303-4;1246;896;13;883;206;677
240303-5;2076;1291;4;1287;373;914
240303-6;1447;822;12;810;197;613
240303-7;653;391;8;383;95;288
240303-8;1124;764;4;760;192;568
240304-1;1260;865;7;858;461;397
240304-2;1403;974;8;966;477;489
240304-3;1350;965;7;958;455;503
240304-4;912;670;10;660;373;287
240304-5;1113;811;8;803;434;369
240304-6;1196;792;6;786;469;317
240304-7;1222;872;4;868;482;386
240304-8;1228;886;4;882;497;385
240305-1;1732;1242;16;1226;714;512
240305-2;1504;1012;6;1006;673;333
240305-3;1440;960;10;950;563;387
240305-4;1889;1372;15;1357;840;517
240305-5;843;556;4;552;361;191
240306-1;1463;1018;12;1006;521;485
240306-2;416;290;2;288;131;157
240306-3;807;555;7;548;228;320
240306-4;509;357;4;353;178;175
240306-5;1266;839;4;835;365;470
240307-1;1358;972;10;962;304;658
240307-2;1294;809;9;800;213;587
240307-3;839;588;7;581;195;386
240307-4;960;652;6;646;196;450
240307-5;581;410;7;403;151;252
240307-6;580;382;3;379;179;200
240307-7;490;305;4;301;92;209
240307-8;1082;747;18;729;227;502
240307-9;1336;903;5;898;386;512
240307-10;1420;960;14;946;238;708
240307-11;438;295;3;292;140;152
240307-12;92;77;0;77;23;54
240308-1;544;345;3;342;201;141
240308-2;1890;1392;7;1385;715;670
240308-3;1439;985;13;972;576;396
240308-4;1696;1192;16;1176;598;578
240308-5;1005;632;5;627;296;331
240308-6;383;283;4;279;199;80
240308-7;1102;742;11;731;266;465
240309-1;2211;1653;13;1640;1205;435
240309-2;1979;1417;16;1401;864;537
240309-3;1288;990;4;986;846;140
240309-4;1224;861;3;858;702;156
240309-5;1714;1210;4;1206;894;312
240309-6;1161;751;6;745;573;172
240310-1;2207;1379;12;1367;623;744
240310-2;2079;1482;10;1472;714;758
240310-3;843;502;3;499;244;255
240310-4;646;456;4;452;196;256
240310-5;1632;939;10;929;482;447
240310-6;1764;1240;16;1224;650;574
240310-7;1458;1014;11;1003;422;581
240310-8;869;576;6;570;377;193
240310-9;1640;1128;8;1120;602;518
240310-10;1528;1091;13;1078;581;497
240310-11;586;425;3;422;264;158
240310-12;702;470;3;467;199;268
240310-13;723;481;2;479;201;278
240310-14;521;370;1;369;219;150
240310-15;1323;928;10;918;348;570
240310-16;1470;988;3;985;579;406
240310-17;33;9;0;9;8;1
240310-18;55;42;0;42;38;4
240310-19;13;10;1;9;3;6
240311-1;1417;984;11;973;643;330
240311-2;1283;926;9;917;518;399
240311-3;706;487;4;483;248;235
240311-4;1233;884;8;876;511;365
240311-5;1751;1133;7;1126;527;599
240311-6;1416;1034;14;1020;626;394
240311-7;1125;806;4;802;550;252
240311-8;1141;848;7;841;543;298
240312-1;853;605;4;601;382;219
240312-2;1475;998;13;985;550;435
240312-3;1346;898;8;890;433;457
240312-4;1395;987;8;979;552;427
240312-5;1353;954;12;942;534;408
240312-6;1247;907;17;890;528;362
240312-7;1210;823;11;812;459;353
240312-8;1137;728;4;724;423;301
240401-1;2070;1398;15;1383;617;766
240401-2;2033;1304;10;1294;583;711
240401-3;1997;1251;17;1234;559;675
240401-4;1342;937;8;929;415;514
240401-5;2196;1378;17;1361;691;670
240401-6;574;353;4;349;153;196
240401-7;54;17;1;16;9;7
240401-8;125;57;0;57;41;16
240402-1;1180;793;9;784;488;296
240402-2;1064;659;2;657;452;205
240402-3;368;227;1;226;139;87
240402-4;702;467;5;462;358;104
240403-1;678;474;5;469;327;142
240403-2;314;237;1;236;171;65
240403-3;737;502;8;494;360;134
240403-4;690;453;4;449;372;77
240403-5;465;305;1;304;200;104
240403-6;1260;863;10;853;458;395
240403-7;926;669;7;662;398;264
240404-1;1399;956;5;951;426;525
240404-2;1166;832;6;826;392;434
240404-3;776;536;2;534;247;287
240404-4;656;425;1;424;206;218
240404-5;465;333;4;329;202;127
240405-1;2237;1583;16;1567;843;724
240405-2;670;421;2;419;264;155
240405-3;993;677;6;671;369;302
240405-4;458;290;3;287;179;108
240405-5;491;326;1;325;215;110
240405-6;1033;642;8;634;459;175
240405-7;543;350;3;347;224;123
240405-8;1557;1048;4;1044;641;403
240405-9;1232;783;9;774;484;290
240405-10;847;587;4;583;421;162
240405-11;476;342;8;334;220;114
240405-12;387;277;4;273;183;90
240406-1;846;557;4;553;336;217
240406-2;2086;1412;14;1398;960;438
240406-3;812;501;1;500;388;112
240406-4;725;433;3;430;343;87
240406-5;474;313;0;313;282;31
240406-6;297;191;1;190;151;39
240406-7;2612;1609;17;1592;946;646
240407-1;773;482;8;474;221;253
240407-2;678;471;4;467;217;250
240407-3;439;304;5;299;168;131
240407-4;540;358;1;357;176;181
240407-5;793;508;6;502;281;221
240407-6;525;345;2;343;219;124
240407-7;1159;756;9;747;328;419
240407-8;1266;892;5;887;381;506
240407-9;467;288;3;285;166;119
240407-10;788;500;2;498;280;218
240407-11;759;493;2;491;297;194
240407-12;431;303;2;301;140;161
240408-1;1316;888;9;879;569;310
240408-2;933;621;7;614;408;206
240408-3;938;632;9;623;406;217
240408-4;720;491;1;490;329;161
240409-1;449;322;3;319;191;128
240409-2;413;301;3;298;236;62
240409-3;1272;882;7;875;553;322
240409-4;445;272;6;266;186;80
240409-5;644;430;6;424;351;73
240409-6;826;609;7;602;509;93
240409-7;63;54;0;54;50;4
240410-1;810;601;5;596;306;290
240410-2;1502;1120;10;1110;618;492
240410-3;763;496;6;490;297;193
240410-4;737;464;8;456;325;131
240410-5;524;350;2;348;264;84
240410-6;595;390;4;386;256;130
240410-7;726;531;6;525;373;152
240410-8;1391;1004;10;994;563;431
240410-9;749;505;3;502;341;161
240410-10;438;325;0;325;227;98
240410-11;399;261;6;255;181;74
240411-1;1004;741;14;727;511;216
240411-2;1511;1086;15;1071;627;444
240411-3;1480;1064;18;1046;668;378
240411-4;883;583;11;572;371;201
240411-5;1465;1028;8;1020;688;332
240411-6;849;641;5;636;372;264
240411-7;1027;726;10;716;505;211
240411-8;1178;812;8;804;543;261
240411-9;1089;873;5;868;308;560
240411-10;622;500;8;492;341;151
240411-11;643;474;6;468;322;146
240412-1;793;533;6;527;289;238
240412-2;971;647;11;636;364;272
240412-3;2368;1750;16;1734;778;956
240412-4;673;482;6;476;294;182
240412-5;1006;647;7;640;428;212
240412-6;671;496;3;493;289;204
240412-7;47;35;4;31;24;7
240413-1;1438;1052;8;1044;454;590
240413-2;1252;848;3;845;524;321
240413-3;1128;820;10;810;380;430
240413-4;1787;1142;12;1130;572;558
240413-5;979;709;6;703;335;368
240413-6;1569;1104;10;1094;504;590
240413-7;536;410;3;407;244;163
240413-8;468;340;2;338;192;146
240413-9;914;606;5;601;271;330
240414-1;343;220;3;217;134;83
240414-2;1085;693;12;681;410;271
240414-3;491;311;0;311;278;33
240414-4;308;208;1;207;133;74
240414-5;503;332;1;331;231;100
240414-6;349;236;2;234;174;60
240415-1;1955;1395;6;1389;720;669
240415-2;1806;1207;12;1195;622;573
240415-3;466;271;2;269;152;117
240415-4;1243;822;8;814;457;357
240415-5;1589;1043;7;1036;737;299
240415-6;735;486;7;479;261;218
240416-1;568;410;4;406;209;197
240416-2;557;407;2;405;242;163
240416-3;730;521;5;516;275;241
240416-4;430;325;7;318;203;115
240501-1;1436;1054;7;1047;502;545
240501-2;899;633;7;626;317;309
240501-3;1821;1331;16;1315;568;747
240501-4;931;641;4;637;319;318
240501-5;932;621;3;618;339;279
240501-6;929;626;8;618;327;291
240501-7;1060;701;5;696;380;316
240501-8;1292;808;6;802;438;364
240501-9;1530;948;15;933;516;417
240501-10;1372;899;11;888;436;452
240501-11;2095;1487;9;1478;700;778
240501-12;1902;1217;9;1208;648;560
240501-13;1105;751;5;746;337;409
240501-14;1337;879;10;869;428;441
240501-15;1565;934;6;928;546;382
240501-16;1068;671;9;662;373;289
240501-17;1228;902;11;891;392;499
240501-18;1304;922;11;911;458;453
240501-19;1609;987;7;980;623;357
240501-20;1043;649;5;644;404;240
240501-21;1068;626;6;620;389;231
240501-22;34;21;0;21;9;12
240502-1;1865;1138;9;1129;478;651
240502-2;916;576;5;571;243;328
240502-3;1879;1139;4;1135;506;629
240502-4;1563;984;12;972;451;521
240502-5;1700;987;11;976;443;533
240502-6;1587;867;16;851;398;453
240502-7;1725;935;12;923;448;475
240502-8;1946;1285;12;1273;531;742
240502-9;76;35;0;35;23;12
240503-1;1895;1275;23;1252;671;581
240503-2;1198;816;6;810;367;443
240503-3;1347;951;6;945;491;454
240503-4;1331;935;11;924;477;447
240503-5;2237;1676;10;1666;953;713
240503-6;1299;939;7;932;526;406
240504-1;887;636;4;632;281;351
240504-2;318;222;3;219;82;137
240504-3;2480;1583;13;1570;676;894
240504-4;1224;740;4;736;418;318
240504-5;1596;1078;7;1071;645;426
240504-6;2315;1574;11;1563;727;836
240504-7;337;241;3;238;131;107
240504-8;67;43;2;41;25;16
240505-1;1223;736;10;726;395;331
240505-2;1138;704;6;698;323;375
240505-3;881;528;4;524;277;247
240505-4;737;533;4;529;194;335
240505-5;683;408;2;406;196;210
240505-6;710;378;3;375;216;159
240505-7;412;250;5;245;113;132
240505-8;691;396;6;390;181;209
240505-9;1323;759;12;747;473;274
240505-10;730;360;1;359;212;147
240506-1;734;443;5;438;190;248
240506-2;636;335;6;329;156;173
240506-3;901;560;6;554;301;253
240506-4;843;501;4;497;263;234
240506-5;585;325;1;324;179;145
240506-6;1044;758;14;744;248;496
240506-7;573;335;11;324;171;153
240506-8;579;324;2;322;126;196
240506-9;877;542;8;534;179;355
240507-1;1476;991;10;981;506;475
240507-2;1291;752;9;743;364;379
240507-3;976;527;5;522;325;197
240507-4;949;552;12;540;360;180
240507-5;1099;594;10;584;343;241
240507-6;920;456;9;447;274;173
240507-7;583;359;5;354;192;162
240507-8;362;115;8;107;70;37
240508-1;2159;1152;10;1142;627;515
240508-2;1873;987;9;978;672;306
240508-3;603;343;3;340;193;147
240508-4;92;48;1;47;39;8
240601-1;2457;1715;17;1698;734;964
240601-2;1321;928;9;919;350;569
240601-3;1660;1167;10;1157;477;680
240601-4;971;605;3;602;300;302
240601-5;1781;1254;7;1247;563;684
240601-6;1658;1053;13;1040;528;512
240601-7;730;522;6;516;301;215
240601-8;569;381;4;377;227;150
240601-9;1993;1390;9;1381;802;579
240601-10;1203;865;13;852;460;392
240601-11;1435;936;3;933;540;393
240601-12;577;347;2;345;185;160
240601-13;16;13;0;13;7;6
240602-1;1027;737;7;730;374;356
240602-2;1357;994;4;990;559;431
240602-3;313;218;3;215;152;63
240602-4;952;646;2;644;392;252
240602-5;538;367;5;362;232;130
240602-6;1308;885;7;878;522;356
240602-7;674;462;3;459;317;142
240602-8;1038;689;4;685;441;244
240602-9;8;3;0;3;3;0
240603-1;1787;1192;10;1182;705;477
240603-2;1572;1035;11;1024;696;328
240603-3;825;518;6;512;376;136
240603-4;544;386;6;380;293;87
240603-5;416;274;5;269;186;83
240604-1;974;691;5;686;452;234
240604-2;1019;707;10;697;458;239
240604-3;938;609;7;602;464;138
240604-4;843;625;8;617;462;155
240604-5;972;704;9;695;526;169
240604-6;619;421;9;412;268;144
240604-7;404;278;5;273;200;73
240604-8;291;199;0;199;131;68
240605-1;957;663;5;658;376;282
240605-2;448;274;1;273;169;104
240605-3;762;485;2;483;340;143
240605-4;929;655;10;645;353;292
240605-5;849;536;6;530;266;264
240605-6;984;656;14;642;391;251
240605-7;500;328;1;327;232;95
240606-1;965;711;4;707;351;356
240606-2;1223;833;11;822;449;373
240606-3;736;489;5;484;278;206
240606-4;1119;738;9;729;491;238
240607-1;1302;879;3;876;481;395
240607-2;661;429;4;425;283;142
240607-3;1193;750;6;744;508;236
240607-4;734;438;9;429;323;106
240607-5;988;680;3;677;356;321
240607-6;54;49;0;49;21;28
240608-1;1835;1243;7;1236;640;596
240608-2;1551;921;3;918;585;333
240608-3;813;490;6;484;324;160
240608-4;629;440;5;435;263;172
240609-1;2754;1911;19;1892;847;1045
240609-2;927;663;4;659;344;315
240609-3;1836;1134;14;1120;687;433
240609-4;2380;1586;14;1572;846;726
240609-5;1881;1222;18;1204;719;485
240609-6;1192;732;9;723;393;330
240609-7;496;320;3;317;215;102
240609-8;2742;1695;14;1681;976;705
240701-1;1554;1023;6;1017;470;547
240701-2;1049;674;17;657;307;350
240701-3;301;235;3;232;128;104
240701-4;1622;1069;4;1065;578;487
240701-5;810;508;1;507;177;330
240701-6;871;507;4;503;221;282
240701-7;1686;967;10;957;469;488
240701-8;1369;946;5;941;389;552
240701-9;2444;1677;23;1654;769;885
240701-10;1934;1260;17;1243;598;645
240701-11;1146;750;12;738;366;372
240701-12;843;575;8;567;258;309
240701-13;1773;1272;15;1257;596;661
240701-14;178;74;4;70;61;9
240701-15;194;168;3;165;36;129
240701-16;22;10;0;10;9;1
240701-17;161;154;0;154;124;30
240701-18;156;62;5;57;51;6
240701-19;27;24;1;23;6;17
240702-1;1350;864;10;854;480;374
240702-2;1397;875;7;868;555;313
240703-1;2209;1085;6;1079;582;497
240703-2;767;442;5;437;261;176
240703-3;1774;890;8;882;511;371
240703-4;501;206;4;202;142;60
240703-5;857;408;1;407;258;149
240703-6;514;310;2;308;111;197
240704-1;1804;1202;14;1188;549;639
240704-2;923;608;7;601;370;231
240704-3;1961;1209;7;1202;684;518
240704-4;543;359;4;355;196;159
240704-5;367;297;2;295;74;221
240705-1;520;292;4;288;165;123
240705-2;453;268;3;265;159;106
240705-3;1664;986;9;977;620;357
240705-4;1785;989;6;983;635;348
240705-5;640;379;2;377;209;168
240705-6;474;273;2;271;200;71
240706-1;1854;1231;8;1223;758;465
240706-2;2018;1415;13;1402;733;669
240706-3;1569;1031;6;1025;635;390
240706-4;1155;670;6;664;417;247
240706-5;1461;877;9;868;542;326
240706-6;1310;877;5;872;625;247
240707-1;1195;652;3;649;395;254
240707-2;502;269;0;269;157;112
240707-3;1335;791;11;780;532;248
240707-4;760;468;4;464;272;192
240707-5;911;451;3;448;297;151
240707-6;539;243;4;239;122;117
240708-1;1187;769;4;765;466;299
240708-2;1232;778;5;773;466;307
240708-3;703;460;4;456;317;139
240708-4;1044;682;7;675;371;304
240708-5;668;440;3;437;315;122
240708-6;769;477;2;475;322;153
240708-7;253;178;4;174;111;63
240708-8;513;347;2;345;234;111
240708-9;380;256;1;255;133;122
240708-10;890;542;2;540;366;174
240801-1;835;549;12;537;292;245
240801-2;673;488;5;483;262;221
240801-3;881;569;1;568;291;277
240801-4;1226;849;8;841;366;475
240801-5;911;614;7;607;332;275
240801-6;694;456;3;453;230;223
240801-7;1469;957;12;945;491;454
240801-8;1400;949;7;942;435;507
240801-9;1496;970;12;958;539;419
240801-10;1491;999;11;988;462;526
240801-11;1011;619;4;615;341;274
240801-12;854;593;1;592;260;332
240801-13;959;703;6;697;317;380
240801-14;757;494;4;490;261;229
240801-15;653;451;4;447;212;235
240801-16;928;737;10;727;288;439
240802-1;1022;616;7;609;305;304
240802-2;1187;846;5;841;357;484
240802-3;1030;784;6;778;330;448
240802-4;849;523;5;518;237;281
240802-5;1119;776;5;771;344;427
240802-6;1492;1006;10;996;461;535
240802-7;1861;1400;15;1385;474;911
240802-8;1923;1335;7;1328;529;799
240802-9;2056;1494;14;1480;540;940
240802-10;1599;1100;12;1088;467;621
240802-11;1386;844;1;843;408;435
240802-12;1139;791;5;786;249;537
240802-13;991;656;4;652;294;358
240802-14;1033;752;3;749;267;482
240802-15;2245;1770;11;1759;585;1174
240802-16;1948;1455;24;1431;494;937
240802-17;1799;1287;9;1278;523;755
240802-18;932;702;8;694;321;373
240802-19;1346;986;9;977;509;468
240802-20;1918;1431;10;1421;728;693
240802-21;1599;1152;5;1147;730;417
240802-22;130;94;2;92;74;18
240803-1;943;670;8;662;304;358
240803-2;940;620;13;607;290;317
240803-3;802;560;11;549;294;255
240803-4;908;644;4;640;338;302
240803-5;746;483;8;475;251;224
240803-6;862;601;10;591;305;286
240803-7;1029;695;4;691;439;252
240803-8;932;616;3;613;358;255
240803-9;1614;1112;19;1093;705;388
240803-10;1579;1097;10;1087;658;429
240803-11;1554;1072;6;1066;553;513
240803-12;807;626;8;618;387;231
240803-13;1289;900;9;891;514;377
240803-14;911;661;5;656;348;308
240803-15;963;743;7;736;420;316
240803-16;79;26;0;26;19;7
240804-1;1516;1129;20;1109;740;369
240804-2;1494;1008;9;999;601;398
240804-3;1550;1061;7;1054;621;433
240805-1;1140;833;20;813;310;503
240805-2;735;523;5;518;266;252
240805-3;1159;915;18;897;438;459
240805-4;1373;1061;16;1045;585;460
240805-5;795;563;7;556;290;266
240805-6;1039;796;18;778;385;393
240901-1;947;627;8;619;330;289
240901-2;1304;908;10;898;490;408
240901-3;1076;682;9;673;343;330
240901-4;1069;681;8;673;332;341
240901-5;774;494;6;488;257;231
240901-6;1290;812;10;802;416;386
240901-7;1452;988;8;980;564;416
240901-8;732;499;3;496;305;191
240901-9;1365;913;6;907;476;431
240901-10;1091;755;2;753;348;405
240901-11;1254;787;8;779;398;381
240901-12;1581;1065;9;1056;545;511
240901-13;1418;849;7;842;497;345
240901-14;1110;749;4;745;368;377
240901-15;697;470;5;465;257;208
240901-16;928;654;1;653;327;326
240901-17;863;579;2;577;272;305
240901-18;1483;923;11;912;553;359
240901-19;1085;805;12;793;411;382
240901-20;1319;889;13;876;400;476
240901-21;1448;943;8;935;530;405
240901-22;147;42;0;42;25;17
240901-23;96;64;1;63;20;43
240902-1;956;600;9;591;428;163
240902-2;729;468;5;463;322;141
240902-3;1315;867;6;861;435;426
240902-4;703;503;2;501;259;242
240902-5;730;462;4;458;278;180
240902-6;904;599;6;593;429;164
240902-7;2054;1375;5;1370;860;510
240902-8;1768;1176;13;1163;737;426
240902-9;644;419;4;415;298;117
240902-10;860;571;5;566;328;238
240902-11;1078;681;2;679;419;260
240903-1;1226;900;12;888;617;271
240903-2;1053;770;5;765;618;147
240903-3;820;572;3;569;428;141
240903-4;687;530;3;527;453;74
240903-5;352;261;1;260;234;26
240903-6;436;329;5;324;276;48
240904-1;1699;1126;9;1117;497;620
240904-2;1847;1218;15;1203;581;622
240904-3;1094;667;4;663;391;272
240904-4;1065;726;7;719;358;361
240904-5;599;395;3;392;211;181
240904-6;568;412;3;409;154;255
240904-7;2211;1637;13;1624;671;953
240905-1;1214;821;14;807;441;366
240905-2;641;457;7;450;277;173
240905-3;1263;877;6;871;611;260
240905-4;512;346;2;344;186;158
240905-5;647;425;3;422;264;158
240905-6;966;628;9;619;341;278
240905-7;748;478;1;477;325;152
240905-8;492;314;4;310;196;114
240905-9;410;274;2;272;177;95
241001-1;1192;820;7;813;403;410
241001-2;1068;771;6;765;410;355
241001-3;1038;720;10;710;358;352
241001-4;1456;1067;3;1064;538;526
241001-5;435;324;7;317;173;144
241001-6;111;64;1;63;38;25
241001-7;112;101;0;101;57;44
241002-1;1001;694;5;689;409;280
241002-2;1481;1066;11;1055;628;427
241002-3;1352;1048;12;1036;596;440
241003-1;487;345;4;341;217;124
241003-2;1187;908;10;898;681;217
241003-3;967;731;8;723;530;193
241003-4;1227;924;8;916;607;309
241003-5;1528;1231;16;1215;1004;211
241003-6;1577;1006;13;993;606;387
241003-7;910;561;3;558;342;216
241003-8;832;537;4;533;292;241
241003-9;808;524;2;522;321;201
241003-10;846;619;2;617;467;150
241003-11;1455;1035;12;1023;727;296
241004-1;1004;773;15;758;530;228
241004-2;1085;843;6;837;497;340
241004-3;939;670;4;666;446;220
241004-4;895;608;5;603;400;203
241004-5;976;610;4;606;436;170
241004-6;918;610;6;604;420;184
241004-7;961;646;10;636;414;222
241004-8;409;278;5;273;191;82
241004-9;1115;800;8;792;562;230
241004-10;1003;757;8;749;484;265
241004-11;857;629;8;621;440;181
241004-12;722;525;1;524;325;199
241004-13;1099;776;7;769;510;259
241004-14;743;525;3;522;399;123
241004-15;513;362;3;359;233;126
241005-1;919;629;8;621;317;304
241005-2;1608;1195;7;1188;442;746
241005-3;1737;1316;12;1304;559;745
241005-4;1486;1044;9;1035;520;515
241005-5;1524;1086;8;1078;487;591
241005-6;1560;1124;9;1115;661;454
241005-7;1776;1316;9;1307;698;609
241005-8;1345;929;9;920;399;521
241005-9;829;593;11;582;262;320
241005-10;921;621;4;617;300;317
241005-11;1344;977;9;968;458;510
241005-12;1328;1030;12;1018;447;571
241005-13;1436;1075;15;1060;489;571
241005-14;1378;987;9;978;412;566
241005-15;1698;1216;6;1210;805;405
241005-16;1431;1025;6;1019;591;428
241005-17;1259;962;11;951;541;410
241005-18;1167;848;10;838;556;282
241005-19;1139;853;9;844;505;339
241005-20;1528;1087;9;1078;704;374
241005-21;1585;1186;17;1169;598;571
241005-22;701;524;5;519;276;243
241005-23;897;662;8;654;366;288
241005-24;834;597;6;591;422;169
241005-25;862;635;3;632;430;202
241005-26;1159;848;6;842;519;323
241005-27;1256;938;13;925;479;446
241005-28;1804;1317;10;1307;917;390
241005-29;1035;736;8;728;546;182
241005-30;1820;1288;12;1276;849;427
241005-31;131;44;0;44;26;18
241006-1;1100;778;9;769;522;247
241006-2;1083;822;8;814;549;265
241006-3;1148;836;8;828;603;225
241006-4;1330;948;10;938;612;326
241006-5;1101;810;9;801;479;322
241006-6;1639;1179;15;1164;690;474
241006-7;1705;1144;16;1128;762;366
241101-1;2069;1331;11;1320;766;554
241101-2;2088;1320;10;1310;560;750
241101-3;1807;991;12;979;545;434
241101-4;460;264;1;263;149;114
241101-5;1886;1109;14;1095;506;589
241101-6;2420;1398;8;1390;610;780
241101-7;1544;899;9;890;435;455
241101-8;1139;711;7;704;324;380
241101-9;1959;1158;6;1152;556;596
241101-10;1761;1232;11;1221;502;719
241101-11;1195;802;8;794;367;427
241101-12;1595;1100;12;1088;516;572
241101-13;1491;994;9;985;458;527
241101-14;1687;1049;10;1039;488;551
241101-15;1921;1184;11;1173;531;642
241101-16;1478;880;8;872;411;461
241101-17;1553;925;11;914;389;525
241101-18;1654;958;6;952;426;526
241101-19;2069;1092;10;1082;574;508
241101-20;1610;1061;5;1056;449;607
241101-21;1877;1234;8;1226;492;734
241101-22;1487;822;11;811;439;372
241101-23;1495;934;3;931;397;534
241101-24;1559;972;15;957;490;467
241101-25;813;517;12;505;190;315
241102-1;896;590;3;587;393;194
241102-2;715;415;6;409;268;141
241102-3;482;335;1;334;210;124
241102-4;1056;725;6;719;494;225
241102-5;850;550;1;549;348;201
241103-1;585;263;0;263;153;110
241103-2;925;417;6;411;242;169
241103-3;1210;590;4;586;290;296
241103-4;822;394;0;394;175;219
241103-5;313;174;1;173;96;77
241103-6;695;374;8;366;186;180
241104-1;2158;1022;15;1007;468;539
241104-2;1924;1136;9;1127;605;522
241104-3;682;332;0;332;145;187
241104-4;1321;714;1;713;384;329
241104-5;855;438;5;433;235;198
241104-6;609;324;0;324;167;157
241104-7;1348;772;1;771;364;407
241105-1;1189;612;7;605;270;335
241105-2;1192;601;9;592;247;345
241105-3;1513;767;9;758;349;409
241105-4;1962;949;9;940;450;490
241105-5;2263;1243;15;1228;584;644
241105-6;858;489;6;483;308;175
241106-1;649;398;7;391;230;161
241106-2;805;519;3;516;254;262
241106-3;966;451;3;448;243;205
241106-4;902;467;2;465;249;216
241106-5;765;365;1;364;191;173
241106-6;243;175;1;174;100;74
241106-7;980;577;7;570;309;261
241106-8;340;161;0;161;98;63
241107-1;2119;1201;11;1190;614;576
241107-2;876;495;8;487;282;205
241107-3;812;398;3;395;234;161
241107-4;511;255;1;254;151;103
241107-5;575;292;2;290;156;134
241107-6;497;270;1;269;154;115
241108-1;1108;586;5;581;317;264
241108-2;353;225;2;223;172;51
241108-3;852;424;3;421;247;174
241108-4;1252;631;1;630;391;239
241108-5;500;218;1;217;143;74
241201-1;1375;842;9;833;469;364
241201-2;1377;844;13;831;502;329
241201-3;1428;832;5;827;513;314
241201-4;1440;906;10;896;494;402
241201-5;1282;833;7;826;498;328
241201-6;1836;1316;15;1301;777;524
241201-7;1713;926;10;916;594;322
241201-8;1693;1044;7;1037;641;396
241201-9;1398;919;5;914;530;384
241201-10;1138;744;2;742;409;333
241201-11;1306;886;10;876;492;384
241201-12;1670;1118;9;1109;694;415
241201-13;1456;1003;5;998;610;388
241201-14;1656;1139;7;1132;741;391
241201-15;1220;738;4;734;467;267
241201-16;1500;1004;8;996;610;386
241201-17;2123;1476;12;1464;878;586
241201-18;1146;751;14;737;500;237
241201-19;1327;944;4;940;604;336
241201-20;1932;1374;11;1363;753;610
241201-21;1371;930;5;925;573;352
241202-1;1473;985;11;974;568;406
241202-2;908;656;9;647;385;262
241202-3;807;563;3;560;309;251
241202-4;1053;661;6;655;360;295
241202-5;881;598;3;595;326;269
241202-6;1756;1110;9;1101;633;468
241202-7;554;386;5;381;251;130
241203-1;981;674;5;669;420;249
241203-2;1058;763;10;753;502;251
241203-3;1100;797;4;793;477;316
241204-1;734;479;4;475;320;155
241204-2;648;440;3;437;234;203
241204-3;404;274;3;271;168;103
241204-4;1413;977;8;969;511;458
241204-5;351;261;6;255;144;111
241204-6;792;544;5;539;327;212
241204-7;859;503;1;502;253;249
241204-8;765;518;6;512;248;264
241204-9;1142;776;5;771;440;331
241204-10;484;319;1;318;196;122
241204-11;91;60;1;59;48;11
241205-1;1902;1416;12;1404;932;472
241205-2;1429;1043;12;1031;724;307
241205-3;1705;1181;16;1165;842;323
241205-4;1124;814;4;810;609;201
241205-5;1817;1214;11;1203;751;452
241205-6;1355;996;5;991;610;381
241301-1;1763;996;8;988;547;441
241301-2;658;351;5;346;155;191
241301-3;2183;1381;18;1363;782;581
241301-4;586;381;3;378;197;181
241301-5;1763;1128;12;1116;604;512
241302-1;1459;951;10;941;529;412
241302-2;1158;750;5;745;432;313
241302-3;1108;649;6;643;436;207
241302-4;1393;944;6;938;574;364
241302-5;412;298;2;296;217;79
241303-1;1487;909;4;905;546;359
241303-2;1740;1275;15;1260;512;748
241303-3;860;506;3;503;295;208
241303-4;1699;1125;6;1119;629;490
241303-5;1598;1150;14;1136;526;610
241303-6;1778;1246;10;1236;711;525
241303-7;2033;1489;8;1481;897;584
241303-8;1497;1006;4;1002;529;473
241304-1;1028;658;4;654;392;262
241304-2;1654;1103;9;1094;520;574
241304-3;1212;833;4;829;448;381
241304-4;1212;800;6;794;383;411
241304-5;1313;821;11;810;448;362
241304-6;1780;1154;9;1145;483;662
241304-7;1969;1385;7;1378;635;743
241304-8;1779;1268;9;1259;510;749
241304-9;1884;1323;11;1312;551;761
241304-10;1651;1100;7;1093;531;562
241304-11;1661;1185;9;1176;565;611
241304-12;2094;1518;9;1509;586;923
241304-13;2121;1528;13;1515;669;846
241304-14;1060;821;7;814;360;454
241304-15;2262;1606;13;1593;595;998
241304-16;2224;1654;18;1636;597;1039
241304-17;1626;1173;10;1163;466;697
241304-18;1634;1165;15;1150;499;651
241304-19;1816;1346;9;1337;570;767
241304-20;1833;1264;17;1247;530;717
241304-21;2008;1429;8;1421;491;930
241304-22;2424;1681;12;1669;619;1050
241304-23;1957;1104;6;1098;489;609
241304-24;1729;968;10;958;429;529
241304-25;2063;1433;21;1412;631;781
241304-26;1861;1141;9;1132;526;606
241304-27;48;24;3;21;16;5
241304-29;468;258;3;255;99;156
241304-30;119;58;0;58;49;9
241304-31;258;79;1;78;46;32
241304-32;378;197;1;196;116;80
241305-1;707;508;10;498;250;248
241305-2;540;383;10;373;160;213
241305-3;529;298;9;289;200;89
241305-4;804;539;3;536;251;285
241306-1;663;482;11;471;215;256
241306-2;961;661;8;653;446;207
241306-3;1371;1030;16;1014;539;475
241306-4;1641;1227;14;1213;566;647
241307-1;1143;733;1;732;333;399
241307-2;1975;1298;14;1284;608;676
241307-3;1451;1023;2;1021;437;584
241307-4;1727;1216;11;1205;658;547
241307-5;2034;1481;14;1467;697;770
241307-6;1304;887;11;876;411;465
241308-1;959;595;14;581;310;271
241308-2;1075;623;5;618;336;282
241308-3;679;413;3;410;234;176
241308-4;693;464;7;457;236;221
241308-5;1312;858;4;854;434;420
241308-6;439;288;4;284;141;143
241308-7;429;275;4;271;131;140
241308-8;585;366;4;362;256;106
241308-9;344;204;0;204;153;51
241309-1;2084;1361;15;1346;515;831
241309-2;474;282;4;278;137;141
241309-3;1521;855;4;851;439;412
241309-4;1064;603;7;596;272;324
241309-5;1318;723;2;721;421;300
241309-6;616;384;6;378;185;193
241309-7;1439;867;8;859;367;492
241309-8;725;398;3;395;206;189
241309-9;1936;1107;13;1094;539;555
241309-10;949;677;9;668;238;430
241309-11;59;18;0;18;17;1
241309-12;22;22;0;22;5;17
241309-13;39;30;1;29;28;1
241401-1;1314;862;3;859;512;347
241401-2;1130;758;8;750;472;278
241401-3;911;499;3;496;346;150
241401-4;799;510;5;505;331;174
241401-5;1182;846;5;841;498;343
241401-6;1191;837;13;824;551;273
241401-7;1079;794;6;788;514;274
241401-8;895;586;7;579;329;250
241401-9;982;666;6;660;370;290
241401-10;983;710;9;701;383;318
241401-11;843;557;1;556;334;222
241401-12;840;549;6;543;260;283
241401-13;929;688;9;679;426;253
241401-14;777;548;3;545;346;199
241401-15;881;602;7;595;362;233
241402-1;1807;1287;18;1269;694;575
241402-2;1851;1314;10;1304;633;671
241402-3;1595;1132;18;1114;595;519
241402-4;1711;1222;11;1211;732;479
241403-1;1435;909;12;897;561;336
241403-2;815;566;4;562;330;232
241403-3;1439;984;11;973;682;291
241403-4;1303;793;5;788;554;234
241403-5;1083;677;5;672;441;231
241403-6;1541;1062;11;1051;699;352
241403-7;1052;776;4;772;532;240
241403-8;1089;790;11;779;487;292
241403-9;1559;1005;11;994;684;310
241403-10;385;296;3;293;220;73
241403-11;853;601;5;596;434;162
241404-1;929;690;6;684;460;224
241404-2;810;603;4;599;436;163
241404-3;817;599;5;594;361;233
241404-4;765;539;10;529;394;135
241404-5;724;511;3;508;335;173
241404-6;407;288;3;285;197;88
241404-7;647;506;3;503;387;116
241404-8;1120;825;12;813;460;353
241405-1;1520;1066;10;1056;635;421
241405-2;2355;1639;21;1618;957;661
241405-3;1082;741;5;736;480;256
241501-1;2198;1500;10;1490;809;681
241501-2;1856;1050;9;1041;675;366
241501-3;2343;1590;21;1569;919;650
241501-4;2031;1213;14;1199;802;397
241501-5;2137;1418;10;1408;879;529
241502-1;1847;1212;7;1205;777;428
241502-2;1689;1194;5;1189;698;491
241502-3;909;598;3;595;313;282
241502-4;1929;1323;17;1306;632;674
241502-5;1644;1076;9;1067;531;536
241502-6;851;597;3;594;273;321
241502-7;1761;1107;12;1095;537;558
241502-8;1755;1003;12;991;593;398
241502-9;853;503;5;498;239;259
241502-10;23;17;1;16;11;5
241503-1;1796;1221;13;1208;677;531
241503-2;1391;912;5;907;574;333
241503-3;1047;688;3;685;393;292
241503-4;1011;615;8;607;415;192
241503-5;789;514;5;509;321;188
241503-6;2231;1347;10;1337;749;588
241503-7;908;620;7;613;300;313
241503-8;1476;939;13;926;457;469
241503-9;960;621;0;621;311;310
241503-10;1154;757;10;747;407;340
241503-11;1572;983;7;976;532;444
241503-12;1577;977;17;960;525;435
241503-13;90;22;1;21;14;7
241504-1;1380;881;11;870;409;461
241504-2;1511;1066;5;1061;475;586
241504-3;1474;1089;10;1079;526;553
241504-4;1869;1092;6;1086;589;497
241504-5;1831;1081;4;1077;640;437
241504-6;1457;943;6;937;497;440
241504-7;1973;1211;5;1206;671;535
241504-8;1633;1029;11;1018;525;493
241504-9;1443;1043;12;1031;462;569
241504-10;1791;1260;8;1252;599;653
241504-11;1257;858;10;848;406;442
241504-12;1632;1109;7;1102;539;563
241504-13;1131;641;9;632;374;258
241504-14;1212;891;7;884;429;455
241504-15;1124;833;10;823;480;343
241504-16;1524;1069;14;1055;597;458
241504-17;1413;986;13;973;672;301
241504-18;1770;1090;6;1084;689;395
241504-19;1892;1283;10;1273;727;546
241504-20;1993;1289;8;1281;866;415
241504-21;1669;1133;8;1125;617;508
241504-22;1493;1039;8;1031;584;447
241504-23;1231;877;5;872;539;333
241504-24;33;10;0;10;5;5
241504-25;71;19;0;19;11;8
241505-1;740;500;4;496;291;205
241505-2;761;505;1;504;320;184
241505-3;752;501;2;499;310;189
241505-4;714;527;4;523;317;206
241505-5;884;620;6;614;420;194
241505-6;802;557;6;551;358;193
241505-7;473;309;1;308;218;90
241505-8;503;342;6;336;230;106
241505-9;713;515;1;514;330;184
241505-10;665;484;1;483;252;231
241505-11;757;540;13;527;296;231
241505-12;769;535;2;533;349;184
241505-13;725;513;2;511;297;214
241505-14;733;491;7;484;305;179
241505-15;674;483;3;480;404;76
241505-16;30;26;0;26;21;5
241506-1;903;629;2;627;414;213
241506-2;762;490;3;487;310;177
241506-3;1315;906;9;897;522;375
241506-4;1382;942;8;934;493;441
241506-5;2095;1364;12;1352;689;663
241506-6;527;382;2;380;275;105
241506-7;1300;809;7;802;551;251
241506-8;833;519;6;513;339;174
241506-9;296;191;1;190;129;61
241506-10;1271;784;9;775;440;335
241506-11;1302;826;4;822;568;254
241506-12;1184;761;4;757;469;288
241506-13;1404;942;12;930;561;369
241506-14;1371;972;12;960;537;423
241506-15;195;102;2;100;72;28
241506-16;94;42;0;42;35;7
241507-1;1604;985;4;981;691;290
241507-2;1259;745;11;734;526;208
241507-3;265;184;1;183;149;34
241507-4;1090;711;5;706;429;277
241507-5;1340;871;10;861;531;330
241507-6;310;188;3;185;136;49
241507-7;249;136;1;135;84;51
241508-1;986;678;3;675;439;236
241508-2;923;624;4;620;399;221
241508-3;996;639;5;634;455;179
241508-4;1298;886;6;880;551;329
241509-1;1588;1127;6;1121;806;315
241509-2;1400;1032;14;1018;745;273
241509-3;2035;1558;11;1547;1215;332
241509-4;821;612;9;603;431;172
241601-1;717;447;2;445;201;244
241601-2;1154;717;4;713;314;399
241601-3;1287;816;3;813;352;461
241601-4;1095;704;8;696;264;432
241601-5;1229;840;12;828;363;465
241601-6;849;567;3;564;258;306
241601-7;617;435;5;430;264;166
241601-8;178;132;3;129;64;65
241602-1;1026;735;7;728;357;371
241602-2;877;624;0;624;261;363
241602-3;1011;706;4;702;307;395
241602-4;1065;751;5;746;332;414
241602-5;1434;878;7;871;410;461
241602-6;724;503;2;501;218;283
241602-7;1013;721;5;716;300;416
241602-8;992;686;2;684;334;350
241602-9;1436;911;8;903;457;446
241602-10;755;521;5;516;269;247
241602-11;705;494;5;489;270;219
241602-12;1004;700;5;695;371;324
241602-13;1090;708;4;704;392;312
241602-14;869;624;6;618;253;365
241602-15;878;664;6;658;253;405
241602-16;934;589;2;587;291;296
241602-17;902;595;7;588;273;315
241602-18;856;512;1;511;268;243
241602-19;1046;694;5;689;339;350
241602-20;1073;665;6;659;326;333
241602-21;1020;680;4;676;306;370
241602-22;1232;850;8;842;542;300
241602-23;831;572;6;566;263;303
241602-24;925;658;6;652;278;374
241602-25;974;671;4;667;294;373
241602-26;798;431;3;428;194;234
241602-27;794;471;3;468;220;248
241602-28;1160;776;1;775;368;407
241602-29;546;402;1;401;262;139
241602-30;867;630;5;625;296;329
241602-31;945;658;5;653;298;355
241602-32;1309;887;5;882;484;398
241602-33;973;646;6;640;302;338
241602-34;1176;587;5;582;323;259
241602-35;1246;801;6;795;390;405
241602-36;976;660;3;657;337;320
241602-37;813;560;4;556;265;291
241602-38;863;559;7;552;244;308
241602-39;1061;747;13;734;323;411
241602-40;122;76;7;69;57;12
241602-41;188;40;0;40;30;10
241602-42;31;15;0;15;6;9
241603-1;837;630;13;617;472;145
241603-2;607;447;9;438;279;159
241603-3;457;371;3;368;334;34
241603-4;355;297;8;289;210;79
241604-1;1726;1316;12;1304;619;685
241604-2;539;358;3;355;291;64
241604-3;1233;873;11;862;636;226
241604-4;792;568;6;562;335;227
241604-5;1137;756;3;753;415;338
241605-1;1591;1115;10;1105;472;633
241605-2;1510;1077;7;1070;467;603
241605-3;835;564;4;560;272;288
241605-4;1338;880;7;873;458;415
241605-5;624;422;4;418;257;161
241605-6;1992;1356;8;1348;746;602
241605-7;1012;678;0;678;331;347
241605-8;873;615;10;605;271;334
241605-9;1147;674;1;673;400;273
241605-10;1614;1100;15;1085;560;525
241606-1;1512;1085;8;1077;468;609
241606-2;1486;1020;6;1014;506;508
241606-3;1155;748;6;742;391;351
241606-4;1155;809;0;809;521;288
241606-5;818;575;8;567;311;256
241606-6;1403;965;7;958;586;372
241607-1;628;475;1;474;374;100
241607-2;599;445;0;445;343;102
241607-3;1918;1370;7;1363;799;564
241607-4;899;646;3;643;489;154
241607-5;925;623;3;620;505;115
241607-6;1026;692;6;686;524;162
241607-7;1083;761;5;756;576;180
241608-1;762;496;7;489;278;211
241608-2;561;354;0;354;222;132
241608-3;815;560;7;553;346;207
241608-4;837;596;4;592;349;243
241608-5;405;285;1;284;218;66
241608-6;358;237;3;234;181;53
241608-7;310;243;0;243;136;107
241608-8;308;205;2;203;142;61
241608-9;626;444;1;443;368;75
241608-10;685;477;2;475;378;97
241608-11;350;249;0;249;216;33
241608-12;482;299;1;298;229;69
241608-13;32;26;0;26;25;1
241608-14;45;40;4;36;25;11
241609-1;458;307;1;306;185;121
241609-2;1401;894;7;887;508;379
241609-3;1394;978;7;971;546;425
241609-4;702;440;4;436;298;138
241609-5;493;367;3;364;225;139
241610-1;858;595;3;592;443;149
241610-2;798;559;3;556;410;146
241610-3;403;273;3;270;209;61
241610-4;501;376;4;372;335;37
241610-5;240;158;2;156;128;28
241610-6;641;466;1;465;352;113
241610-7;321;236;6;230;201;29
241701-1;2318;1551;17;1534;749;785
241701-2;1645;1170;12;1158;492;666
241701-3;1314;903;11;892;407;485
241701-4;2313;1581;15;1566;727;839
241701-5;1073;732;8;724;535;189
241701-6;1243;867;7;860;564;296
241701-7;1364;973;14;959;456;503
241701-8;1108;792;6;786;323;463
241701-9;1124;774;4;770;461;309
241701-10;1471;991;9;982;481;501
241701-11;1568;1053;14;1039;520;519
241701-12;729;499;6;493;227;266
241701-13;1000;668;7;661;411;250
241701-14;1641;1197;17;1180;533;647
241701-15;808;565;2;563;310;253
241701-16;1590;1140;13;1127;572;555
241701-17;631;479;12;467;286;181
241701-18;1033;687;9;678;300;378
241701-19;111;58;0;58;36;22
241701-20;78;66;0;66;57;9
241702-1;1485;1074;7;1067;758;309
241702-2;1346;998;7;991;598;393
241702-3;1757;1323;7;1316;705;611
241702-4;980;704;6;698;402;296
241702-5;62;42;2;40;38;2
241703-1;1349;924;13;911;532;379
241703-2;1644;1172;15;1157;897;260
241703-3;1935;1388;14;1374;893;481
241704-1;1120;797;6;791;522;269
241704-2;960;678;5;673;434;239
241704-3;1575;1087;6;1081;657;424
241704-4;1695;1225;17;1208;722;486
241704-5;1392;942;10;932;692;240
241704-6;1003;727;14;713;532;181
241704-7;1203;923;10;913;711;202
241704-8;216;151;3;148;120;28
241704-9;371;256;0;256;213;43
241704-10;1368;956;7;949;775;174
241704-11;93;63;0;63;46;17
241705-1;666;486;5;481;349;132
241705-2;670;502;13;489;407;82
241705-3;564;423;4;419;292;127
241705-4;169;129;1;128;98;30
241706-1;2294;1577;10;1567;778;789
241706-2;1526;1036;10;1026;696;330
241706-3;1731;1154;13;1141;657;484
241706-4;1146;817;8;809;499;310
241706-5;756;535;6;529;282;247
241706-6;626;468;7;461;301;160
241706-7;369;252;6;246;145;101
241707-1;1794;1282;15;1267;924;343
241707-2;836;615;7;608;374;234
241707-3;250;158;1;157;94;63
241707-4;723;512;6;506;381;125
241708-1;2229;1661;22;1639;1011;628
241708-2;1517;1166;22;1144;669;475
241708-3;2075;1518;18;1500;881;619
241708-4;866;673;7;666;350;316
241708-5;1107;866;17;849;537;312
241708-6;1631;1145;12;1133;665;468
241708-7;1939;1435;15;1420;822;598
241709-1;2025;1421;12;1409;941;468
241709-2;1574;1140;9;1131;667;464
241709-3;1121;778;1;777;630;147
241709-4;1163;842;2;840;686;154
241709-5;617;392;5;387;299;88
241709-6;781;496;2;494;326;168
241709-7;846;567;5;562;390;172
241710-1;905;614;8;606;446;160
241710-2;755;546;1;545;415;130
241710-3;1377;977;9;968;826;142
241710-4;784;543;6;537;371;166
241710-5;1426;972;6;966;689;277
241710-6;2050;1404;7;1397;975;422
241710-7;1367;941;5;936;703;233
241710-8;1546;1021;7;1014;713;301
241711-1;371;253;2;251;186;65
241711-2;1711;1084;17;1067;666;401
241711-3;704;511;5;506;273;233
241711-4;1133;796;10;786;526;260
241711-5;1234;819;8;811;614;197
241711-6;1016;704;5;699;515;184
241711-7;392;296;2;294;190;104
241711-8;813;540;6;534;325;209
241712-1;1692;1422;40;1382;1003;379
241712-2;582;548;9;539;368;171
241712-3;667;556;16;540;429;111
241713-1;1595;1097;16;1081;632;449
241713-2;1241;928;10;918;507;411
241713-3;1240;903;10;893;677;216
241713-4;1358;943;6;937;606;331
241713-5;670;460;4;456;313;143
241713-6;340;234;5;229;146;83
241714-1;621;412;3;409;300;109
241714-2;721;502;2;500;346;154
241714-3;599;439;3;436;276;160
241714-4;989;648;3;645;452;193
241714-5;926;654;2;652;377;275
241715-1;1259;885;8;877;643;234
241715-2;1343;978;12;966;730;236
241715-3;1799;1206;7;1199;578;621
241715-4;1602;1129;7;1122;668;454
241715-5;913;610;4;606;442;164
241715-6;1551;1047;13;1034;807;227
241715-7;1765;1248;12;1236;852;384
241715-8;1620;1077;11;1066;819;247
246101-1;1929;1405;14;1391;640;751
246101-2;2385;1688;13;1675;892;783
246101-3;2018;1438;20;1418;716;702
246101-4;2032;1518;18;1500;696;804
246101-5;2319;1740;12;1728;842;886
246101-6;2315;1679;15;1664;834;830
246101-7;2135;1496;7;1489;755;734
246101-8;2112;1504;7;1497;707;790
246101-9;1693;1064;8;1056;449;607
246101-10;1560;1062;8;1054;466;588
246101-11;2497;1774;25;1749;732;1017
246101-12;2382;1578;23;1555;700;855
246101-13;2107;1360;13;1347;688;659
246101-14;2158;1518;13;1505;694;811
246101-15;2045;1501;19;1482;678;804
246101-16;2326;1734;12;1722;602;1120
246101-17;2397;1780;15;1765;801;964
246101-18;1780;1279;12;1267;568;699
246101-19;1968;1449;9;1440;728;712
246101-20;1731;1167;15;1152;513;639
246101-21;1968;1427;18;1409;635;774
246101-22;1730;1193;9;1184;561;623
246101-23;1171;826;7;819;306;513
246101-24;1747;1335;5;1330;544;786
246101-25;1766;1304;11;1293;568;725
246101-26;1566;1172;16;1156;504;652
246101-27;2447;1426;20;1406;668;738
246101-28;1761;1237;9;1228;452;776
246101-29;1736;1149;8;1141;440;701
246101-30;1657;1075;3;1072;505;567
246101-31;1774;1038;15;1023;456;567
246101-32;1516;1058;18;1040;399;641
246101-33;1987;1531;10;1521;616;905
246101-34;1591;1120;10;1110;444;666
246101-35;1615;1099;14;1085;491;594
246101-36;1612;1196;14;1182;526;656
246101-37;1585;1104;3;1101;461;640
246101-38;1482;949;3;946;375;571
246101-39;1843;1217;8;1209;490;719
246101-40;1739;1105;16;1089;474;615
246101-41;1604;1105;12;1093;494;599
246101-42;1428;984;8;976;461;515
246101-43;1432;1016;3;1013;504;509
246101-44;1579;1162;8;1154;537;617
246101-45;1543;1093;10;1083;577;506
246101-46;1420;954;7;947;447;500
246101-47;2309;1710;11;1699;668;1031
246101-48;2462;1839;21;1818;809;1009
246101-49;2348;1809;22;1787;734;1053
246101-50;1374;956;8;948;390;558
246101-51;1623;1199;12;1187;520;667
246101-52;1668;1224;12;1212;523;689
246101-53;2238;1630;16;1614;722;892
246101-54;2693;2080;12;2068;915;1153
246101-55;1416;1050;13;1037;380;657
246101-56;1983;1467;17;1450;620;830
246101-57;1800;1304;10;1294;602;692
246101-58;1956;1362;11;1351;650;701
246101-59;2323;1684;11;1673;730;943
246101-60;2232;1636;14;1622;752;870
246101-61;2654;2004;14;1990;837;1153
246101-62;1612;1256;13;1243;397;846
246101-63;1772;1345;12;1333;472;861
246101-64;1567;1254;9;1245;389;856
246101-65;2012;1460;12;1448;527;921
246101-66;2045;1484;21;1463;508;955
246101-67;1804;1312;13;1299;552;747
246101-68;49;34;0;34;29;5
246101-69;255;174;5;169;62;107
246101-70;266;75;1;74;42;32
246101-71;172;56;0;56;27;29
246101-72;63;16;0;16;11;5
246101-73;525;168;6;162;89;73
246101-74;85;74;0;74;42;32
246101-75;51;39;2;37;28;9
246101-76;47;17;1;16;7;9
246201-1;1927;1169;12;1157;543;614
246201-2;2003;1155;7;1148;603;545
246201-3;1718;867;15;852;429;423
246201-4;1967;1336;9;1327;496;831
246201-5;2061;1354;17;1337;612;725
246201-6;1843;1261;14;1247;508;739
246201-7;1793;1157;7;1150;505;645
246201-8;1859;1339;12;1327;565;762
246201-9;1502;1063;10;1053;466;587
246201-10;1106;487;6;481;312;169
246201-11;1732;1022;12;1010;620;390
246201-12;1486;906;15;891;551;340
246201-13;1340;654;7;647;351;296
246201-14;1529;473;6;467;309;158
246201-15;1756;980;2;978;482;496
246201-16;1886;1161;15;1146;512;634
246201-17;1793;1139;7;1132;490;642
246201-18;1659;904;2;902;457;445
246201-19;1900;1221;8;1213;556;657
246201-20;1620;992;9;983;439;544
246201-21;1701;1121;10;1111;487;624
246201-22;1845;1259;15;1244;571;673
246201-23;2093;1354;10;1344;561;783
246201-24;2005;1145;10;1135;548;587
246201-25;1914;1018;12;1006;486;520
246201-26;1979;1316;14;1302;576;726
246201-27;785;473;2;471;191;280
246201-28;1275;777;3;774;351;423
246201-29;1522;941;9;932;340;592
246201-30;1345;902;15;887;474;413
246201-31;1178;807;7;800;399;401
246201-32;1809;1194;10;1184;579;605
246201-33;1747;1016;9;1007;523;484
246201-34;1766;1025;7;1018;544;474
246201-35;1734;1054;7;1047;552;495
246201-36;1863;1128;10;1118;527;591
246201-37;1881;1303;17;1286;577;709
246201-38;1706;1196;9;1187;509;678
246201-39;1567;1065;10;1055;492;563
246201-40;1446;831;4;827;434;393
246201-41;1963;1142;11;1131;420;711
246201-42;1947;1188;8;1180;462;718
246201-43;1695;1039;15;1024;384;640
246201-44;1652;998;7;991;426;565
246201-45;1667;930;8;922;372;550
246201-46;1172;647;6;641;222;419
246201-47;1606;954;6;948;409;539
246201-48;1608;834;4;830;450;380
246201-49;1420;775;7;768;394;374
246201-50;1420;719;8;711;336;375
246201-51;1220;617;6;611;309;302
246201-52;1274;706;8;698;310;388
246201-53;1573;1026;13;1013;465;548
246201-54;1682;1013;7;1006;442;564
246201-55;1579;1030;14;1016;440;576
246201-56;1887;1263;13;1250;560;690
246201-57;1864;1273;10;1263;573;690
246201-58;1985;1267;8;1259;634;625
246201-59;1727;1044;10;1034;447;587
246201-60;1583;904;12;892;384;508
246201-61;1739;1130;18;1112;395;717
246201-62;1539;917;13;904;374;530
246201-63;1681;824;6;818;328;490
246201-64;1449;870;17;853;339;514
246201-65;1483;847;10;837;321;516
246201-66;1610;1017;11;1006;394;612
246201-67;1612;896;9;887;415;472
246201-68;859;501;3;498;217;281
246201-69;1291;747;3;744;348;396
246201-70;68;44;1;43;23;20
246201-71;94;32;3;29;24;5
246201-72;70;33;0;33;30;3
246201-73;139;50;0;50;29;21
246201-74;69;2;0;2;2;0
246201-75;209;83;2;81;44;37
246201-76;284;81;1;80;46;34
246201-77;273;173;8;165;65;100
246201-78;103;52;0;52;46;6
246201-79;67;47;2;45;41;4
246201-80;56;31;0;31;27;4
246201-81;112;75;2;73;51;22
246301-1;1665;1054;11;1043;483;560
246301-2;886;571;7;564;230;334
246301-3;2137;1424;15;1409;520;889
246301-4;1588;1051;8;1043;337;706
246301-5;1281;710;6;704;315;389
246301-6;1448;992;12;980;357;623
246301-7;1455;891;6;885;362;523
246301-8;1279;621;10;611;270;341
246301-9;1412;1007;2;1005;411;594
246301-10;1385;931;5;926;362;564
246301-11;1620;847;7;840;377;463
246301-12;1460;711;9;702;337;365
246301-13;1693;1014;12;1002;468;534
246301-14;1717;1108;8;1100;446;654
246301-15;1920;1197;14;1183;488;695
246301-16;1697;1125;6;1119;475;644
246301-17;1829;1278;11;1267;503;764
246301-18;1788;1012;12;1000;463;537
246301-19;1780;1097;14;1083;458;625
246301-20;1323;849;6;843;344;499
246301-21;854;404;4;400;166;234
246301-22;1278;899;9;890;318;572
246301-23;1144;595;9;586;231;355
246301-24;955;540;11;529;181;348
246301-25;1010;626;2;624;205;419
246301-26;1446;953;9;944;323;621
246301-27;1673;1169;8;1161;398;763
246301-28;1658;1021;6;1015;404;611
246301-29;1621;1024;10;1014;370;644
246301-30;1457;970;7;963;330;633
246301-31;1513;1107;7;1100;380;720
246301-32;1368;1031;12;1019;368;651
246301-33;1264;864;2;862;317;545
246301-34;1436;983;5;978;376;602
246301-35;1620;950;8;942;379;563
246301-36;1604;946;5;941;360;581
246301-37;1308;860;10;850;336;514
246301-38;1070;591;2;589;268;321
246301-39;1307;760;6;754;321;433
246301-40;1284;621;7;614;299;315
246301-41;1492;1051;12;1039;419;620
246301-42;1427;810;2;808;325;483
246301-43;1124;610;10;600;262;338
246301-44;1235;826;7;819;386;433
246301-45;1447;981;6;975;361;614
246301-46;1168;787;5;782;305;477
246301-47;1141;713;6;707;285;422
246301-48;1368;924;9;915;380;535
246301-49;1213;799;12;787;263;524
246301-50;1686;1201;10;1191;480;711
246301-51;1664;1110;6;1104;397;707
246301-52;1549;903;10;893;325;568
246301-53;1543;989;15;974;359;615
246301-54;144;79;1;78;58;20
246301-55;66;29;0;29;28;1
246301-56;61;58;7;51;21;30
246301-57;59;6;0;6;4;2
246301-58;183;77;1;76;39;37
246301-59;92;22;0;22;13;9
246301-60;58;18;1;17;8;9
246301-61;49;49;3;46;24;22
246301-62;30;18;0;18;14;4
246301-63;87;23;2;21;11;10
246401-1;989;495;2;493;227;266
246401-2;975;544;7;537;240;297
246401-3;430;256;0;256;134;122
246401-4;840;490;1;489;244;245
246401-5;975;544;5;539;262;277
246401-6;1156;596;7;589;311;278
246401-7;1222;610;8;602;282;320
246401-8;810;422;4;418;225;193
246401-9;1031;668;3;665;271;394
246401-10;1191;837;4;833;359;474
246401-11;897;629;7;622;264;358
246401-12;840;602;9;593;257;336
246401-13;652;460;3;457;188;269
246401-14;1016;640;2;638;281;357
246401-15;1248;816;7;809;325;484
246401-16;1213;847;7;840;359;481
246401-17;1448;970;12;958;366;592
246401-18;988;703;6;697;305;392
246401-19;1407;923;6;917;377;540
246401-20;1751;1214;9;1205;534;671
246401-21;1334;907;4;903;418;485
246401-22;1437;934;7;927;446;481
246401-23;1726;1183;8;1175;492;683
246401-24;768;528;4;524;259;265
246401-25;1882;1331;9;1322;780;542
246401-26;657;488;6;482;215;267
246401-27;1246;871;8;863;366;497
246401-28;1036;757;5;752;296;456
246401-29;1020;695;2;693;309;384
246401-30;1413;992;6;986;452;534
246401-31;1076;703;0;703;333;370
246401-32;911;606;1;605;314;291
246401-33;1280;868;8;860;414;446
246401-34;1266;918;9;909;420;489
246401-35;582;413;1;412;185;227
246401-36;1645;1236;7;1229;466;763
246401-37;1599;1214;15;1199;362;837
246401-38;1482;1042;6;1036;465;571
246401-39;1615;1171;8;1163;503;660
246401-40;1828;1370;14;1356;625;731
246401-41;2053;1545;13;1532;566;966
246401-42;1498;1123;8;1115;536;579
246401-43;848;638;1;637;273;364
246401-44;1911;1472;11;1461;571;890
246401-45;1932;1558;10;1548;377;1171
246401-46;1607;1196;6;1190;535;655
246401-47;1581;1139;7;1132;635;497
246401-48;1814;1334;13;1321;567;754
246401-49;1591;1152;5;1147;487;660
246401-50;1721;1263;14;1249;478;771
246401-51;1622;1178;10;1168;488;680
246401-52;1535;1080;9;1071;494;577
246401-53;889;640;3;637;265;372
246401-54;1556;1108;7;1101;509;592
246401-55;390;307;0;307;97;210
246401-56;1619;1178;18;1160;548;612
246401-57;1493;1077;9;1068;442;626
246401-58;1857;1482;5;1477;494;983
246401-59;1415;1023;8;1015;434;581
246401-60;1373;970;7;963;429;534
246401-61;1229;879;6;873;389;484
246401-62;969;707;6;701;335;366
246401-63;971;652;3;649;334;315
246401-64;746;467;5;462;205;257
246401-65;1183;836;5;831;416;415
246401-66;1190;867;5;862;327;535
246401-67;1162;839;8;831;285;546
246401-68;1333;946;11;935;396;539
246401-69;256;192;3;189;91;98
246401-70;1040;660;5;655;309;346
246401-71;1281;831;8;823;373;450
246401-72;1201;780;10;770;367;403
246401-73;1244;829;9;820;403;417
246401-74;1879;1265;10;1255;526;729
246401-75;1866;1352;4;1348;743;605
246401-76;1299;683;8;675;304;371
246401-77;1516;947;10;937;419;518
246401-78;1814;1247;11;1236;629;607
246401-79;1391;897;9;888;402;486
246401-80;900;600;2;598;293;305
246401-81;1829;1099;15;1084;556;528
246401-82;1362;944;5;939;409;530
246401-83;1051;633;5;628;306;322
246401-84;1795;1212;8;1204;552;652
246401-85;917;452;4;448;210;238
246401-86;1381;931;5;926;459;467
246401-87;1008;646;4;642;304;338
246401-88;1588;1074;1;1073;495;578
246401-89;1193;816;4;812;354;458
246401-90;1524;1042;15;1027;429;598
246401-91;1079;750;10;740;314;426
246401-92;1918;1192;6;1186;586;600
246401-93;1991;1367;13;1354;562;792
246401-94;1737;1247;16;1231;528;703
246401-95;1481;1059;8;1051;455;596
246401-96;1878;1323;9;1314;568;746
246401-97;1789;1272;12;1260;568;692
246401-98;1425;1044;8;1036;485;551
246401-99;1222;845;7;838;448;390
246401-100;656;510;2;508;202;306
246401-101;1548;1104;8;1096;482;614
246401-102;1712;1124;5;1119;492;627
246401-103;1831;1247;13;1234;547;687
246401-104;1802;1305;14;1291;582;709
246401-105;738;533;10;523;223;300
246401-106;750;525;5;520;286;234
246401-107;828;575;7;568;327;241
246401-108;1471;939;8;931;438;493
246401-109;1586;935;12;923;465;458
246401-110;527;350;3;347;151;196
246401-111;1065;745;10;735;313;422
246401-112;1218;885;4;881;415;466
246401-113;1657;1144;12;1132;503;629
246401-114;1660;1126;11;1115;479;636
246401-115;1316;963;12;951;442;509
246401-116;1340;984;7;977;356;621
246401-117;1022;725;10;715;328;387
246401-118;1361;904;7;897;408;489
246401-119;1646;1131;13;1118;471;647
246401-120;1058;721;3;718;328;390
246401-121;1995;1415;25;1390;649;741
246401-122;2038;1506;14;1492;748;744
246401-123;1646;1249;18;1231;459;772
246401-124;1742;1419;11;1408;495;913
246401-125;1905;1432;5;1427;665;762
246401-126;1754;1368;14;1354;517;837
246401-127;62;41;0;41;23;18
246401-128;47;17;0;17;16;1
246401-129;115;73;2;71;43;28
246401-130;105;59;0;59;37;22
246401-131;126;91;0;91;83;8
246401-132;92;65;3;62;44;18
246401-133;217;179;2;177;40;137
246401-134;115;64;1;63;56;7
246401-135;37;19;0;19;12;7
246501-1;1378;1015;5;1010;325;685
246501-2;546;356;2;354;156;198
246501-3;1416;996;9;987;426;561
246501-4;1543;1074;5;1069;451;618
246501-5;1730;1253;9;1244;467;777
246501-6;1771;1240;14;1226;577;649
246501-7;1288;902;3;899;367;532
246501-8;1085;744;7;737;286;451
246501-9;1641;1166;10;1156;534;622
246501-10;1655;1095;6;1089;461;628
246501-11;1129;752;2;750;302;448
246501-12;1367;848;10;838;361;477
246501-13;986;609;4;605;239;366
246501-14;1548;1072;4;1068;360;708
246501-15;1705;1148;12;1136;449;687
246501-16;1250;831;6;825;323;502
246501-17;963;683;8;675;244;431
246501-18;1590;1088;11;1077;459;618
246501-19;1804;1284;15;1269;455;814
246501-20;822;597;7;590;215;375
246501-21;1439;958;7;951;373;578
246501-22;1750;1261;9;1252;546;706
246501-23;1453;1030;8;1022;335;687
246501-24;1502;1077;7;1070;331;739
246501-25;538;378;2;376;122;254
246501-26;1411;1051;6;1045;407;638
246501-27;1317;863;5;858;330;528
246501-28;2042;1373;7;1366;513;853
246501-29;1693;1151;10;1141;466;675
246501-30;1548;1077;7;1070;432;638
246501-31;1092;794;8;786;296;490
246501-32;1693;1224;9;1215;488;727
246501-33;984;717;8;709;321;388
246501-34;942;667;5;662;268;394
246501-35;1512;1088;6;1082;412;670
246501-36;1627;1196;6;1190;431;759
246501-37;1701;1190;7;1183;488;695
246501-38;1787;1224;9;1215;494;721
246501-39;870;605;7;598;278;320
246501-40;1579;1066;11;1055;428;627
246501-41;1075;690;3;687;290;397
246501-42;1320;798;14;784;338;446
246501-43;768;471;7;464;168;296
246501-44;1569;1107;5;1102;524;578
246501-45;1920;1179;8;1171;477;694
246501-46;2289;1376;3;1373;542;831
246501-47;1228;852;13;839;343;496
246501-48;1804;1228;10;1218;516;702
246501-49;856;594;3;591;296;295
246501-50;1324;810;4;806;330;476
246501-51;1549;1005;3;1002;406;596
246501-52;642;426;3;423;181;242
246501-53;2275;1643;14;1629;652;977
246501-54;978;599;4;595;319;276
246501-55;1356;832;10;822;451;371
246501-56;1909;1390;6;1384;626;758
246501-57;568;411;0;411;265;146
246501-58;973;695;7;688;335;353
246501-59;1454;1003;17;986;537;449
246501-60;1807;1225;8;1217;447;770
246501-61;1887;1174;12;1162;504;658
246501-62;1193;793;6;787;324;463
246501-63;1527;1005;6;999;489;510
246501-64;1035;645;8;637;296;341
246501-65;1160;766;7;759;317;442
246501-66;195;43;2;41;33;8
246501-67;102;44;0;44;29;15
246601-1;594;440;2;438;197;241
246601-2;1213;794;3;791;320;471
246601-3;1483;910;11;899;426;473
246601-4;1532;904;10;894;407;487
246601-5;1479;921;5;916;469;447
246601-6;1471;932;8;924;433;491
246601-7;1521;1079;11;1068;410;658
246601-8;1441;1072;9;1063;353;710
246601-9;1545;1064;11;1053;376;677
246601-10;1383;1008;18;990;396;594
246601-11;1482;1060;5;1055;433;622
246601-12;1422;1046;9;1037;393;644
246601-13;1210;885;7;878;348;530
246601-14;1131;817;7;810;355;455
246601-15;1293;939;5;934;394;540
246601-16;818;604;8;596;212;384
246601-17;1324;889;8;881;300;581
246601-18;1631;1067;4;1063;397;666
246601-19;1415;1022;8;1014;323;691
246601-20;1262;942;7;935;345;590
246601-21;1501;1129;13;1116;289;827
246601-22;1400;1069;16;1053;328;725
246601-23;1258;980;7;973;369;604
246601-24;1333;968;11;957;378;579
246601-25;1399;1141;6;1135;335;800
246601-26;1376;1043;15;1028;345;683
246601-27;958;684;8;676;244;432
246601-28;986;697;6;691;268;423
246601-29;977;718;2;716;201;515
246601-30;1145;632;7;625;274;351
246601-31;1240;688;8;680;263;417
246601-32;1260;733;11;722;305;417
246601-33;991;688;6;682;287;395
246601-34;1092;652;7;645;275;370
246601-35;1968;1415;16;1399;527;872
246601-36;1909;1261;8;1253;528;725
246601-37;1353;933;9;924;378;546
246601-38;1518;1001;9;992;429;563
246601-39;1382;912;7;905;352;553
246601-40;1411;962;5;957;339;618
246601-41;1330;816;9;807;349;458
246601-42;1346;903;12;891;357;534
246601-43;1159;807;9;798;314;484
246601-44;997;684;4;680;221;459
246601-45;1397;989;13;976;278;698
246601-46;1115;728;9;719;247;472
246601-47;960;640;7;633;193;440
246601-48;765;513;1;512;141;371
246601-49;1099;769;10;759;250;509
246601-50;1125;807;6;801;288;513
246601-51;1214;852;11;841;247;594
246601-52;1259;881;7;874;244;630
246601-53;792;579;7;572;114;458
246601-54;1467;917;6;911;494;417
246601-55;1521;937;8;929;520;409
246601-56;1557;1002;11;991;530;461
246601-57;1405;757;6;751;462;289
246601-58;711;388;3;385;178;207
246601-59;1036;683;3;680;345;335
246601-60;1116;675;3;672;368;304
246601-61;1410;925;8;917;433;484
246601-62;1442;992;10;982;464;518
246601-63;1203;783;1;782;389;393
246601-64;869;608;6;602;324;278
246601-65;1519;955;8;947;402;545
246601-66;1425;707;7;700;335;365
246601-67;576;343;5;338;141;197
246601-68;1070;619;6;613;247;366
246601-69;1179;681;7;674;253;421
246601-70;704;455;6;449;166;283
246601-71;655;481;9;472;148;324
246601-72;715;518;12;506;158;348
246601-73;1029;735;6;729;309;420
246601-74;1262;944;4;940;408;532
246601-75;913;630;6;624;271;353
246601-76;1134;775;6;769;386;383
246601-77;1196;771;10;761;400;361
246601-78;987;698;5;693;248;445
246601-79;946;697;4;693;305;388
246601-80;1492;1106;11;1095;354;741
246601-81;1730;1355;14;1341;407;934
246601-82;1658;1311;3;1308;323;985
246601-83;1701;1209;13;1196;394;802
246601-84;1213;931;3;928;270;658
246601-85;1208;840;9;831;270;561
246601-86;742;543;1;542;151;391
246601-87;1120;690;10;680;277;403
246601-88;1247;900;8;892;283;609
246601-89;1054;619;8;611;301;310
246601-90;1202;861;9;852;347;505
246601-91;767;532;8;524;215;309
246601-92;1186;835;9;826;350;476
246601-93;1421;905;11;894;313;581
246601-94;753;432;4;428;174;254
246601-95;987;672;3;669;273;396
246601-96;1049;717;7;710;242;468
246601-97;935;681;7;674;256;418
246601-98;1437;1004;7;997;354;643
246601-99;1088;771;9;762;242;520
246601-100;958;691;2;689;240;449
246601-101;928;598;2;596;217;379
246601-102;1139;879;15;864;341;523
246601-103;1294;933;11;922;316;606
246601-104;1578;1119;17;1102;430;672
246601-105;1763;1320;13;1307;434;873
246601-106;1794;1221;12;1209;468;741
246601-108;94;55;0;55;29;26
246601-109;39;18;0;18;8;10
246601-110;30;15;0;15;9;6
246601-111;52;14;0;14;11;3
246601-112;176;121;1;120;55;65
246601-113;49;37;0;37;32;5
246601-114;108;63;3;60;51;9
246601-115;21;7;0;7;5;2
246601-116;50;44;1;43;35;8
246601-117;361;295;7;288;107;181
246701-1;2147;1512;8;1504;1085;419
246701-2;1871;1237;20;1217;809;408
246701-3;1952;1096;16;1080;728;352
246701-4;2664;1943;24;1919;1207;712
246701-5;1588;1070;9;1061;705;356
246701-6;1519;951;4;947;620;327
246701-7;2033;1479;15;1464;934;530
246701-8;1094;746;3;743;523;220
246701-9;1428;825;8;817;535;282
246701-10;1489;830;5;825;539;286
246701-11;2619;1576;17;1559;920;639
246701-12;2289;1575;14;1561;842;719
246701-13;1766;1155;7;1148;675;473
246701-14;2742;1664;9;1655;948;707
246701-15;2397;1546;10;1536;884;652
246701-16;1881;1232;7;1225;644;581
246701-17;1783;1233;5;1228;671;557
246701-18;1704;1175;10;1165;806;359
246701-19;1567;1023;14;1009;724;285
246701-20;1453;960;3;957;550;407
246701-21;1794;1224;15;1209;713;496
246701-22;1614;1009;4;1005;629;376
246701-23;1567;1001;4;997;610;387
246701-24;2163;1385;9;1376;884;492
246701-25;2211;1423;14;1409;855;554
246701-26;1972;1297;7;1290;818;472
246701-27;2276;1458;16;1442;899;543
246701-28;2761;1810;15;1795;1035;760
246701-29;1922;1221;9;1212;688;524
246701-30;1984;1333;8;1325;750;575
246701-31;1489;1007;10;997;556;441
246701-32;1483;1035;6;1029;599;430
246701-33;1951;1337;9;1328;727;601
246701-34;1898;1330;12;1318;675;643
246701-35;743;451;5;446;154;292
246701-36;157;83;0;83;44;39
246701-37;72;22;0;22;18;4
246701-38;35;29;1;28;28;0
246801-1;1513;1094;4;1090;458;632
246801-2;1314;938;6;932;416;516
246801-3;1491;852;5;847;462;385
246801-4;1474;1012;13;999;408;591
246801-5;1304;823;4;819;446;373
246801-6;1695;1077;5;1072;477;595
246801-7;1727;1122;7;1115;564;551
246801-8;1634;1023;11;1012;469;543
246801-9;1779;1182;9;1173;577;596
246801-10;1723;1153;5;1148;468;680
246801-11;1559;1171;18;1153;571;582
246801-12;1970;1405;17;1388;649;739
246801-13;2303;1717;20;1697;880;817
246801-14;1626;1098;16;1082;531;551
246801-15;1947;1350;13;1337;571;766
246801-16;1575;1010;3;1007;455;552
246801-17;1663;907;14;893;451;442
246801-18;1375;781;4;777;371;406
246801-19;1408;915;10;905;434;471
246801-20;1361;875;4;871;366;505
246801-21;1600;1051;6;1045;403;642
246801-22;1975;1342;6;1336;580;756
246801-23;1918;1354;14;1340;503;837
246801-24;1151;859;6;853;336;517
246801-25;927;609;6;603;271;332
246801-26;922;641;3;638;262;376
246801-27;1233;763;8;755;365;390
246801-28;1822;1207;12;1195;541;654
246801-29;1379;791;4;787;402;385
246801-30;1770;1158;5;1153;584;569
246801-31;1478;1029;6;1023;516;507
246801-32;756;498;3;495;233;262
246801-33;2148;1447;15;1432;665;767
246801-34;1965;1279;8;1271;671;600
246801-35;1728;1187;5;1182;592;590
246801-36;1039;693;6;687;357;330
246801-37;1350;806;5;801;396;405
246801-38;1498;928;7;921;426;495
246801-39;1461;860;8;852;456;396
246801-40;1572;1036;9;1027;504;523
246801-41;1796;1270;14;1256;584;672
246801-42;421;209;1;208;108;100
246801-43;2160;1517;18;1499;646;853
246801-44;1697;1109;6;1103;501;602
246801-45;678;428;2;426;221;205
246801-46;94;53;1;52;47;5
246801-47;177;89;4;85;44;41
246801-48;64;48;2;46;35;11
246901-1;2189;1696;9;1687;496;1191
246901-2;1937;1491;11;1480;400;1080
246901-3;1807;1328;9;1319;522;797
246901-4;1895;1367;17;1350;485;865
246901-5;1165;930;4;926;283;643
246901-6;1701;1268;12;1256;453;803
246901-7;1906;1226;15;1211;453;758
246901-8;1822;1214;14;1200;530;670
246901-9;1824;1225;14;1211;461;750
246901-10;1579;995;8;987;373;614
246901-11;877;611;6;605;197;408
246901-12;1324;955;14;941;360;581
246901-13;1243;920;10;910;340;570
246901-14;863;596;2;594;203;391
246901-15;1535;1099;7;1092;384;708
246901-16;1287;808;6;802;357;445
246901-17;2098;1602;16;1586;608;978
246901-18;1108;794;4;790;342;448
246901-19;1970;1513;19;1494;448;1046
246901-20;1729;1211;14;1197;451;746
246901-21;1813;1381;11;1370;479;891
246901-22;1940;1405;18;1387;558;829
246901-23;1878;1385;5;1380;545;835
246901-24;1864;1398;14;1384;552;832
246901-25;1702;1247;11;1236;524;712
246901-26;2043;1623;12;1611;503;1108
246901-27;1546;1187;7;1180;323;857
246901-28;1734;1342;17;1325;444;881
246901-29;1663;1284;11;1273;464;809
246901-30;898;572;4;568;325;243
246901-31;1293;831;12;819;452;367
246901-32;2336;1796;11;1785;718;1067
246901-33;885;692;5;687;231;456
246901-34;1642;1241;12;1229;521;708
246901-35;1491;1097;6;1091;536;555
246901-36;1280;838;5;833;439;394
246901-37;1108;743;4;739;441;298
246901-38;1971;1310;15;1295;593;702
246901-39;935;563;7;556;234;322
246901-40;789;554;7;547;274;273
246901-41;1294;784;5;779;387;392
246901-42;1338;847;9;838;331;507
246901-43;1050;631;5;626;270;356
246901-44;1437;885;2;883;465;418
246901-45;1774;1032;6;1026;527;499
246901-46;1177;600;5;595;310;285
246901-47;1162;594;6;588;288;300
246901-48;1442;796;8;788;415;373
246901-49;1786;1053;14;1039;523;516
246901-50;1398;929;6;923;441;482
246901-51;1308;863;13;850;405;445
246901-52;1179;748;13;735;351;384
246901-53;1629;1118;7;1111;523;588
246901-54;1606;1043;7;1036;544;492
246901-55;1588;1055;11;1044;535;509
246901-56;1551;1119;13;1106;509;597
246901-57;1754;1171;8;1163;457;706
246901-58;1637;1124;9;1115;533;582
246901-59;1189;851;10;841;334;507
246901-60;1271;909;6;903;440;463
246901-61;1660;1109;10;1099;535;564
246901-62;1719;1406;10;1396;262;1134
246901-63;454;326;5;321;109;212
246901-64;1414;1148;8;1140;303;837
246901-65;1461;1100;4;1096;356;740
246901-66;967;621;6;615;186;429
246901-67;1052;768;3;765;262;503
246901-68;500;297;4;293;101;192
246901-69;629;370;4;366;116;250
246901-70;863;570;9;561;181;380
246901-71;1096;695;9;686;245;441
246901-72;1257;923;2;921;304;617
246901-73;1362;881;3;878;272;606
246901-74;1403;1029;12;1017;332;685
246901-75;1733;1226;11;1215;387;828
246901-76;1284;785;7;778;271;507
246901-77;1031;786;8;778;233;545
246901-78;1516;1103;5;1098;347;751
246901-79;1401;905;13;892;317;575
246901-80;1125;750;9;741;227;514
246901-81;1432;946;6;940;291;649
246901-82;1093;795;14;781;269;512
246901-83;930;498;5;493;207;286
246901-84;1641;1136;12;1124;388;736
246901-85;1454;1137;5;1132;364;768
246901-86;2091;1633;11;1622;411;1211
246901-87;1661;1227;6;1221;392;829
246901-88;2094;1519;13;1506;463;1043
246901-89;1439;1043;6;1037;324;713
246901-90;1671;1250;13;1237;409;828
246901-91;1564;1130;8;1122;349;773
246901-92;1479;880;10;870;337;533
246901-93;1083;795;7;788;289;499
246901-94;1639;1263;16;1247;379;868
246901-95;1477;1132;7;1125;330;795
246901-96;1826;1335;7;1328;431;897
246901-97;1387;1044;9;1035;352;683
246901-98;1501;1095;5;1090;460;630
246901-99;1622;1193;6;1187;425;762
246901-100;1419;784;5;779;386;393
246901-101;1713;1063;11;1052;491;561
246901-102;1350;779;7;772;409;363
246901-103;1269;729;11;718;348;370
246901-104;1146;733;5;728;343;385
246901-105;1628;1057;7;1050;475;575
246901-106;1651;1176;10;1166;391;775
246901-107;935;624;6;618;259;359
246901-108;1300;863;9;854;374;480
246901-109;1776;1307;10;1297;526;771
246901-110;1311;888;12;876;392;484
246901-111;1499;1081;5;1076;446;630
246901-112;1624;1189;14;1175;502;673
246901-113;1626;1194;8;1186;470;716
246901-114;1616;1155;14;1141;477;664
246901-115;1666;1232;8;1224;444;780
246901-116;1020;761;6;755;296;459
246901-117;1955;1496;11;1485;433;1052
246901-118;1844;1423;13;1410;371;1039
246901-119;1890;1251;10;1241;592;649
246901-120;1441;960;11;949;389;560
246901-121;1428;962;10;952;423;529
246901-122;2020;1394;16;1378;479;899
246901-123;1599;1138;7;1131;417;714
246901-124;1520;1090;8;1082;453;629
246901-125;1399;951;7;944;405;539
246901-126;1635;984;7;977;387;590
246901-127;1360;933;10;923;406;517
246901-128;1471;1086;7;1079;370;709
246901-129;1535;1041;10;1031;325;706
246901-130;1073;741;9;732;243;489
246901-131;1074;778;8;770;229;541
246901-132;1852;1214;7;1207;378;829
246901-133;1670;1063;3;1060;369;691
246901-134;1252;974;7;967;261;706
246901-135;1148;716;8;708;288;420
246901-136;1144;837;5;832;266;566
246901-137;1852;1344;17;1327;514;813
246901-138;1745;1125;13;1112;485;627
246901-139;1311;760;11;749;373;376
246901-140;1612;1129;13;1116;468;648
246901-141;1740;1327;9;1318;528;790
246901-142;1182;901;5;896;328;568
246901-143;936;703;11;692;275;417
246901-144;1210;618;1;617;275;342
246901-145;2043;1441;9;1432;555;877
246901-146;1187;694;4;690;275;415
246901-147;1078;727;5;722;307;415
246901-148;1160;855;9;846;324;522
246901-149;79;67;0;67;63;4
246901-150;92;62;6;56;48;8
246901-151;178;65;7;58;19;39
246901-152;411;355;9;346;58;288
246901-153;85;39;1;38;19;19
246901-154;307;143;2;141;77;64
246901-155;101;34;0;34;21;13
246901-156;386;87;0;87;46;41
246901-157;523;123;1;122;55;67
246901-158;236;45;0;45;24;21
246901-159;183;54;1;53;24;29
246901-160;204;94;0;94;48;46
246901-161;152;38;0;38;16;22
246901-162;18;18;0;18;13;5
246901-163;32;14;0;14;8;6
246901-164;56;19;0;19;15;4
246901-165;72;36;1;35;20;15
246901-166;60;34;4;30;14;16
246901-167;42;28;0;28;11;17
246901-168;194;62;1;61;40;21
246901-169;13;9;0;9;6;3
247001-1;1258;727;7;720;422;298
247001-2;1168;693;8;685;398;287
247001-3;1429;754;3;751;408;343
247001-4;1180;666;9;657;356;301
247001-5;1266;791;3;788;346;442
247001-6;1742;1091;10;1081;537;544
247001-7;1619;1040;6;1034;516;518
247001-8;1365;722;11;711;411;300
247001-9;888;505;6;499;270;229
247001-10;1570;1075;10;1065;540;525
247001-11;1341;998;8;990;448;542
247001-12;1780;1304;5;1299;482;817
247001-13;2205;1513;11;1502;570;932
247001-14;1848;1266;7;1259;625;634
247001-15;1633;1144;20;1124;491;633
247001-16;872;656;4;652;222;430
247001-17;1268;840;6;834;422;412
247001-18;1484;1039;2;1037;488;549
247001-19;1765;1040;2;1038;532;506
247001-20;984;736;10;726;297;429
247001-21;1899;1324;12;1312;612;700
247001-22;1420;1003;14;989;452;537
247001-23;1269;859;5;854;448;406
247001-24;1577;1120;8;1112;552;560
247001-25;2081;1360;15;1345;728;617
247001-26;1530;958;14;944;540;404
247001-27;1850;1438;16;1422;715;707
247001-28;2247;1631;26;1605;869;736
247001-29;1569;1158;8;1150;555;595
247001-30;1412;1061;11;1050;537;513
247001-31;1094;690;4;686;418;268
247001-32;1317;978;7;971;444;527
247001-33;2046;1313;16;1297;797;500
247001-34;826;596;6;590;377;213
247001-35;803;504;2;502;293;209
247001-36;894;573;6;567;386;181
247001-37;1540;1151;8;1143;419;724
247001-38;23;17;0;17;13;4
247001-39;30;8;0;8;4;4
247001-40;367;287;3;284;73;211
247101-1;1308;912;8;904;469;435
247101-2;1121;817;7;810;382;428
247101-3;1643;886;7;879;485;394
247101-4;2113;1408;15;1393;749;644
247101-5;1788;1133;11;1122;536;586
247101-6;1191;700;12;688;393;295
247101-7;1170;742;3;739;426;313
247101-8;1229;920;6;914;446;468
247101-9;1328;863;8;855;478;377
247101-10;1344;828;11;817;491;326
247101-11;1633;1149;15;1134;570;564
247101-12;1651;1112;6;1106;543;563
247101-13;1942;1339;12;1327;577;750
247101-14;1850;1352;7;1345;625;720
247101-15;1767;1127;14;1113;497;616
247101-16;1447;936;6;930;447;483
247101-17;1035;538;3;535;314;221
247101-18;1274;779;10;769;387;382
247101-19;1431;954;9;945;487;458
247101-20;1352;906;6;900;555;345
247101-21;1106;816;7;809;429;380
247101-22;1133;762;8;754;384;370
247101-23;1409;960;4;956;517;439
247101-24;1435;988;5;983;488;495
247101-25;1716;1004;10;994;610;384
247101-26;1480;840;4;836;493;343
247101-27;1367;944;9;935;548;387
247101-28;1721;1201;14;1187;670;517
247101-29;73;40;0;40;35;5
247101-30;93;74;14;60;53;7
247101-31;233;100;3;97;47;50
247101-32;79;49;0;49;32;17
247201-1;1383;671;1;670;382;288
247201-2;1018;469;7;462;262;200
247201-3;1467;933;11;922;442;480
247201-4;1079;606;4;602;325;277
247201-5;992;604;3;601;278;323
247201-6;940;567;2;565;292;273
247201-7;1526;771;10;761;373;388
247201-8;582;411;7;404;196;208
247201-9;1497;1011;13;998;427;571
247201-10;655;465;4;461;232;229
247201-11;1699;1105;11;1094;556;538
247201-12;1742;1130;13;1117;543;574
247201-13;956;665;6;659;331;328
247201-14;1082;702;8;694;335;359
247201-15;1693;785;7;778;441;337
247201-16;1385;796;11;785;397;388
247201-17;1410;1015;4;1011;459;552
247201-18;1264;860;5;855;359;496
247201-19;906;650;6;644;298;346
247201-20;1479;888;9;879;412;467
247201-21;1509;972;14;958;446;512
247201-22;1633;1099;7;1092;569;523
247201-23;1373;792;7;785;413;372
247201-24;1105;722;6;716;338;378
247201-25;636;338;2;336;209;127
247201-26;1708;786;12;774;445;329
247201-27;1125;677;9;668;374;294
247201-28;1889;1088;17;1071;581;490
247201-29;1637;894;10;884;503;381
247201-30;892;591;9;582;320;262
247201-31;964;629;2;627;345;282
247201-32;1698;1089;10;1079;592;487
247201-33;1154;725;4;721;395;326
247201-34;1278;759;11;748;401;347
247201-35;502;291;5;286;142;144
247201-36;1368;932;9;923;500;423
247201-37;1427;860;11;849;394;455
247201-38;1325;786;5;781;425;356
247201-39;1446;1009;11;998;446;552
247201-40;886;546;3;543;306;237
247201-41;1082;749;6;743;406;337
247201-42;816;379;3;376;228;148
247201-43;1078;739;2;737;276;461
247201-44;1436;879;7;872;479;393
247201-45;1784;1192;14;1178;572;606
247201-46;1408;940;8;932;503;429
247201-47;1452;936;8;928;497;431
247201-48;1560;1009;12;997;455;542
247201-49;1285;905;8;897;446;451
247201-50;1146;818;9;809;435;374
247201-51;1913;1157;15;1142;635;507
247201-52;1315;812;8;804;474;330
247201-53;901;603;4;599;336;263
247201-54;1382;939;10;929;480;449
247201-55;1269;909;4;905;483;422
247201-56;1372;959;3;956;507;449
247201-57;1302;918;6;912;461;451
247201-58;1877;1184;7;1177;623;554
247201-59;1758;1252;10;1242;477;765
247201-60;1611;1168;7;1161;532;629
247201-61;1203;833;3;830;417;413
247201-62;1283;846;11;835;418;417
247201-63;1822;1148;10;1138;619;519
247201-64;2183;1506;18;1488;710;778
247201-65;2174;1536;17;1519;672;847
247201-66;1434;897;7;890;494;396
247201-67;1704;1118;13;1105;659;446
247201-68;1961;1481;13;1468;701;767
247201-69;1658;1097;10;1087;602;485
247201-70;1694;1084;3;1081;544;537
247201-71;1607;964;10;954;530;424
247201-72;1787;1107;13;1094;591;503
247201-73;1266;908;4;904;436;468
247201-74;1467;964;4;960;509;451
247201-75;89;59;7;52;41;11
247201-76;171;80;0;80;58;22
247201-77;52;25;0;25;19;6
247201-78;40;32;2;30;9;21
247201-79;162;74;2;72;61;11
247301-1;1265;827;10;817;343;474
247301-2;1197;784;13;771;325;446
247301-3;1393;959;9;950;387;563
247301-4;1597;1094;12;1082;430;652
247301-5;1471;1017;10;1007;378;629
247301-6;1789;1236;5;1231;511;720
247301-7;1346;970;5;965;373;592
247301-8;1189;897;4;893;320;573
247301-9;1751;1208;15;1193;669;524
247301-10;1725;1198;9;1189;640;549
247301-11;1540;1098;6;1092;591;501
247301-12;1584;1207;13;1194;677;517
247301-13;1251;861;8;853;502;351
247301-14;1316;941;10;931;395;536
247301-15;1389;979;3;976;441;535
247301-16;1790;1314;25;1289;733;556
247301-17;604;398;4;394;293;101
247301-18;1443;1024;7;1017;640;377
247301-19;476;289;2;287;180;107
247301-20;1584;1155;7;1148;612;536
247301-21;1595;1047;9;1038;547;491
247301-22;1760;1155;9;1146;530;616
247301-23;1445;1050;11;1039;478;561
247301-24;1560;1146;6;1140;609;531
247301-25;1448;1023;10;1013;587;426
247301-26;1327;960;10;950;577;373
247301-27;2019;1479;11;1468;828;640
247301-28;1741;1227;16;1211;723;488
247301-29;1953;1258;15;1243;717;526
247301-30;1395;788;6;782;502;280
247301-31;1646;1083;7;1076;655;421
247301-32;1437;731;6;725;451;274
247301-33;1572;791;8;783;516;267
247301-34;1730;904;5;899;590;309
247301-35;2002;1282;15;1267;895;372
247301-36;984;689;2;687;279;408
247301-37;1014;714;4;710;330;380
247301-38;1873;1221;7;1214;751;463
247301-39;1843;1137;9;1128;664;464
247301-40;1866;1187;10;1177;717;460
247301-41;1428;981;7;974;604;370
247301-42;1240;835;10;825;426;399
247301-43;1335;882;12;870;439;431
247301-44;1509;950;7;943;566;377
247301-45;1417;830;5;825;457;368
247301-46;1332;779;6;773;500;273
247301-47;1341;863;11;852;484;368
247301-48;1886;1371;15;1356;675;681
247301-49;1709;1096;8;1088;548;540
247301-50;1656;1023;7;1016;562;454
247301-51;2027;1284;14;1270;641;629
247301-52;1931;1218;10;1208;563;645
247301-53;1799;1251;6;1245;571;674
247301-54;1322;898;2;896;406;490
247301-55;2004;1360;8;1352;585;767
247301-56;1591;1068;10;1058;485;573
247301-57;1875;1271;9;1262;597;665
247301-58;1975;1175;9;1166;563;603
247301-59;1500;1066;3;1063;428;635
247301-60;1644;1084;4;1080;498;582
247301-61;1744;1207;11;1196;479;717
247301-62;1718;1201;11;1190;483;707
247301-63;1301;959;15;944;369;575
247301-64;1522;1153;13;1140;428;712
247301-65;1365;983;11;972;517;455
247301-66;1140;822;7;815;527;288
247301-67;538;215;2;213;175;38
247301-68;136;78;6;72;65;7
247301-69;385;107;1;106;51;55
247301-70;15;14;0;14;14;0
247401-1;858;361;3;358;184;174
247401-2;947;537;7;530;265;265
247401-3;1244;717;1;716;309;407
247401-4;1406;711;7;704;355;349
247401-5;1180;587;3;584;263;321
247401-6;1055;597;8;589;277;312
247401-7;1222;958;5;953;277;676
247401-8;1178;703;5;698;305;393
247401-9;1477;833;6;827;434;393
247401-10;1422;831;10;821;390;431
247401-11;1683;920;9;911;420;491
247401-12;1731;942;9;933;430;503
247401-13;1491;907;9;898;373;525
247401-14;1039;772;10;762;315;447
247401-15;1285;777;10;767;289;478
247401-16;1243;910;11;899;350;549
247401-17;1051;786;5;781;329;452
247401-18;1322;932;11;921;366;555
247401-19;2045;1459;15;1444;571;873
247401-20;1629;1252;11;1241;436;805
247401-21;1212;924;13;911;362;549
247401-22;1620;1097;12;1085;433;652
247401-23;1237;882;13;869;382;487
247401-24;1386;1020;12;1008;370;638
247401-25;998;744;8;736;188;548
247401-26;1179;852;6;846;221;625
247401-27;861;593;3;590;246;344
247401-28;407;264;3;261;148;113
247401-29;1199;861;10;851;314;537
247401-30;789;600;6;594;247;347
247401-31;1214;917;13;904;275;629
247401-32;571;395;3;392;138;254
247401-33;1509;1021;8;1013;477;536
247401-34;1967;1395;13;1382;646;736
247401-35;1816;1256;10;1246;497;749
247401-36;1269;797;6;791;317;474
247401-37;597;355;3;352;180;172
247401-38;1168;762;2;760;387;373
247401-39;1222;894;11;883;385;498
247401-40;93;58;0;58;33;25
247401-41;34;12;0;12;8;4
247501-1;1000;696;1;695;274;421
247501-2;1608;1138;5;1133;445;688
247501-3;2039;1399;12;1387;582;805
247501-4;963;712;5;707;229;478
247501-5;1561;1030;8;1022;388;634
247501-6;1422;800;9;791;317;474
247501-7;1060;749;6;743;248;495
247501-8;970;466;4;462;219;243
247501-9;2376;1582;13;1569;532;1037
247501-10;1276;849;7;842;302;540
247501-11;1815;1169;21;1148;483;665
247501-12;1375;831;5;826;324;502
247501-13;1835;1365;9;1356;576;780
247501-14;1589;1155;6;1149;380;769
247501-15;1006;670;2;668;252;416
247501-16;2495;1811;14;1797;543;1254
247501-17;1572;1101;8;1093;478;615
247501-18;1721;1134;15;1119;423;696
247501-19;1956;1367;12;1355;528;827
247501-20;1766;1101;10;1091;455;636
247501-21;1511;980;12;968;349;619
247501-22;1644;927;11;916;350;566
247501-23;1671;1027;8;1019;361;658
247501-24;1358;881;8;873;344;529
247501-25;1822;1327;9;1318;425;893
247501-26;2567;1750;10;1740;617;1123
247501-27;1267;883;3;880;336;544
247501-28;1335;944;6;938;372;566
247501-29;1455;1070;3;1067;387;680
247501-30;1566;994;10;984;352;632
247501-31;1753;1137;9;1128;445;683
247501-32;1030;562;6;556;225;331
247501-33;773;339;2;337;142;195
247501-34;1579;1004;2;1002;428;574
247501-35;2134;1270;10;1260;509;751
247501-36;1136;845;2;843;284;559
247501-37;1787;1251;9;1242;426;816
247501-38;1127;747;7;740;222;518
247501-39;1547;1053;4;1049;411;638
247501-40;2585;1812;13;1799;665;1134
247501-41;1794;1123;7;1116;419;697
247501-42;1702;1182;8;1174;431;743
247501-43;1992;1361;9;1352;574;778
247501-44;2110;1420;8;1412;584;828
247501-45;1646;1152;4;1148;459;689
247501-46;1074;733;7;726;281;445
247501-47;2353;1668;11;1657;621;1036
247501-48;1277;937;4;933;283;650
247501-49;389;182;0;182;77;105
247501-50;832;554;3;551;267;284
247501-51;1030;679;4;675;263;412
247501-52;1850;1144;8;1136;548;588
247501-53;1812;1211;7;1204;544;660
247501-54;1788;1130;11;1119;534;585
247501-55;647;431;3;428;202;226
247501-56;1936;1208;11;1197;537;660
247501-57;1753;1093;6;1087;507;580
247501-58;1736;1080;12;1068;504;564
247501-59;1645;993;2;991;473;518
247501-60;963;656;5;651;257;394
247501-61;1423;888;4;884;363;521
247501-62;921;591;2;589;288;301
247501-63;1303;892;6;886;365;521
247501-64;1519;948;6;942;408;534
247501-65;1222;810;6;804;379;425
247501-66;2170;1565;11;1554;630;924
247501-67;1718;1105;18;1087;528;559
247501-68;2097;1414;15;1399;545;854
247501-69;1846;1074;9;1065;507;558
247501-70;1440;948;6;942;466;476
247501-71;1055;742;5;737;339;398
247501-72;1544;1099;7;1092;503;589
247501-73;1090;776;8;768;355;413
247501-74;1569;1103;8;1095;423;672
247501-75;1281;850;8;842;345;497
247501-76;1626;1170;6;1164;459;705
247501-77;914;640;2;638;261;377
247501-78;1203;829;9;820;287;533
247501-79;1406;1058;5;1053;423;630
247501-80;1743;1214;15;1199;526;673
247501-81;1885;1354;8;1346;566;780
247501-82;2159;1575;11;1564;597;967
247501-83;1872;1327;7;1320;591;729
247501-84;861;604;1;603;271;332
247501-85;1618;1042;3;1039;440;599
247501-86;1549;1012;8;1004;494;510
247501-87;2142;1325;10;1315;618;697
247501-88;730;512;7;505;223;282
247501-89;723;477;4;473;234;239
247501-90;1903;1133;10;1123;577;546
247501-91;1714;1039;9;1030;486;544
247501-92;1684;1114;13;1101;482;619
247501-93;1563;1009;8;1001;511;490
247501-94;2458;1644;13;1631;661;970
247501-95;1339;911;9;902;346;556
247501-96;1204;848;6;842;325;517
247501-97;697;475;4;471;221;250
247501-98;1314;908;4;904;423;481
247501-99;1100;742;10;732;322;410
247501-100;63;39;2;37;29;8
247501-101;207;76;3;73;42;31
247501-102;64;58;1;57;14;43
247501-103;80;21;2;19;10;9
247501-104;252;120;2;118;57;61
247501-105;65;10;1;9;9;0
247501-106;325;239;7;232;65;167
247501-107;47;25;0;25;16;9
247601-1;1805;1121;2;1119;538;581
247601-2;1682;694;4;690;416;274
247601-3;1593;1019;11;1008;432;576
247601-4;1675;1127;9;1118;534;584
247601-5;1282;854;9;845;429;416
247601-6;1265;925;4;921;297;624
247601-7;1077;423;5;418;253;165
247601-8;1249;557;9;548;295;253
247601-9;1709;835;9;826;406;420
247601-10;1813;1257;14;1243;563;680
247601-11;1574;1020;12;1008;474;534
247601-12;1748;1259;7;1252;584;668
247601-13;1435;635;8;627;301;326
247601-14;1681;1191;10;1181;525;656
247601-15;1608;929;8;921;437;484
247601-16;1338;910;3;907;397;510
247601-17;1695;1006;8;998;474;524
247601-18;1812;932;14;918;432;486
247601-19;1574;781;10;771;415;356
247601-20;1309;871;8;863;391;472
247601-21;1735;1041;9;1032;465;567
247601-22;2069;1419;13;1406;559;847
247601-23;932;536;9;527;248;279
247601-24;57;42;2;40;29;11
247601-25;179;62;0;62;39;23
247601-26;82;38;2;36;25;11
247601-27;25;17;0;17;11;6
247701-1;1823;1448;16;1432;500;932
247701-2;1653;1267;12;1255;496;759
247701-3;1575;1116;9;1107;514;593
247701-4;1970;1528;18;1510;660;850
247701-5;1837;1311;16;1295;627;668
247701-6;1594;952;5;947;435;512
247701-7;1166;725;6;719;368;351
247701-8;1210;797;11;786;329;457
247701-9;1576;993;15;978;428;550
247701-10;1816;1154;13;1141;519;622
247701-11;1197;742;13;729;330;399
247701-12;1383;1061;11;1050;327;723
247701-13;1094;838;11;827;394;433
247701-14;1738;1309;8;1301;749;552
247701-15;1321;949;8;941;556;385
247701-16;1479;917;9;908;395;513
247701-17;1712;1137;6;1131;467;664
247701-18;1833;1319;17;1302;549;753
247701-19;1692;991;9;982;483;499
247701-20;1540;999;10;989;506;483
247701-21;1035;635;4;631;300;331
247701-22;1728;1184;13;1171;533;638
247701-23;1430;940;8;932;463;469
247701-24;1188;764;10;754;340;414
247701-25;1077;714;4;710;348;362
247701-26;782;525;1;524;242;282
247701-27;1202;854;14;840;374;466
247701-28;1225;893;9;884;377;507
247701-29;1794;1291;10;1281;643;638
247701-30;1389;1119;12;1107;431;676
247701-31;1615;1205;12;1193;443;750
247701-32;1363;991;13;978;489;489
247701-33;1428;1029;6;1023;515;508
247701-34;1270;921;12;909;427;482
247701-35;1264;977;5;972;371;601
247701-36;1508;1122;8;1114;510;604
247701-37;1056;752;9;743;370;373
247701-38;1327;987;10;977;380;597
247701-39;1228;883;7;876;530;346
247701-40;1792;1122;8;1114;503;611
247701-41;1451;906;11;895;377;518
247701-42;1478;950;6;944;432;512
247701-43;1810;1197;15;1182;568;614
247701-44;1605;1125;10;1115;530;585
247701-45;1509;1078;10;1068;467;601
247701-46;1430;1049;7;1042;434;608
247701-47;1453;1022;13;1009;519;490
247701-48;1513;1103;11;1092;549;543
247701-49;1264;911;5;906;485;421
247701-50;1389;984;8;976;447;529
247701-51;1169;840;7;833;361;472
247701-52;1608;1171;12;1159;481;678
247701-53;1975;1514;11;1503;636;867
247701-54;1324;966;9;957;415;542
247701-55;1418;1084;10;1074;500;574
247701-56;1824;1416;14;1402;579;823
247701-57;1709;1169;12;1157;591;566
247701-58;1550;1130;11;1119;544;575
247701-59;1823;1313;11;1302;538;764
247701-60;1647;1123;8;1115;564;551
247701-61;1583;1176;23;1153;524;629
247701-62;1441;1046;14;1032;515;517
247701-63;1613;1064;23;1041;438;603
247701-64;30;13;0;13;8;5
247701-65;118;45;2;43;22;21
247701-66;50;36;0;36;32;4
247801-1;1316;664;6;658;310;348
247801-2;1518;806;11;795;350;445
247801-3;867;452;3;449;208;241
247801-4;1400;829;4;825;349;476
247801-5;1741;1012;12;1000;457;543
247801-6;1516;825;9;816;372;444
247801-7;1167;525;2;523;269;254
247801-8;2349;1320;8;1312;568;744
247801-9;1806;908;14;894;442;452
247801-10;1799;995;11;984;441;543
247801-11;1814;890;10;880;474;406
247801-12;1758;1136;8;1128;529;599
247801-13;1987;1137;12;1125;511;614
247801-14;1694;720;5;715;351;364
247801-15;1784;875;14;861;446;415
247801-16;1160;499;4;495;233;262
247801-17;1947;1000;10;990;440;550
247801-18;1448;877;5;872;347;525
247801-19;862;485;8;477;229;248
247801-20;1832;1284;22;1262;545;717
247801-21;1950;1309;14;1295;524;771
247801-22;881;563;3;560;241;319
247801-23;1720;1020;2;1018;402;616
247801-24;1838;1152;19;1133;415;718
247801-25;1866;1123;10;1113;439;674
247801-26;1746;1015;11;1004;422;582
247801-27;1120;577;3;574;236;338
247801-28;1951;1296;11;1285;521;764
247801-29;1172;813;6;807;304;503
247801-30;2077;1230;11;1219;511;708
247801-31;1930;1239;12;1227;509;718
247801-32;1755;1189;8;1181;498;683
247801-33;1048;638;9;629;305;324
247801-34;2197;994;10;984;526;458
247801-35;956;484;4;480;223;257
247801-36;1203;626;9;617;255;362
247801-37;2087;1234;8;1226;511;715
247801-38;1298;611;6;605;320;285
247801-39;1394;689;9;680;353;327
247801-40;1694;946;13;933;445;488
247801-41;1381;681;10;671;318;353
247801-42;1408;495;6;489;273;216
247801-43;1878;1123;5;1118;565;553
247801-44;1593;939;6;933;391;542
247801-45;1688;992;6;986;528;458
247801-46;1742;988;10;978;476;502
247801-47;1632;1047;10;1037;451;586
247801-48;1525;1021;6;1015;483;532
247801-49;1474;996;11;985;440;545
247801-50;1869;982;6;976;548;428
247801-51;1397;662;6;656;303;353
247801-52;1780;1085;4;1081;532;549
247801-53;1371;795;11;784;351;433
247801-54;1272;729;7;722;352;370
247801-55;1361;858;8;850;380;470
247801-56;1815;1220;9;1211;476;735
247801-57;1006;627;10;617;262;355
247801-58;848;539;7;532;249;283
247801-59;1670;1055;17;1038;535;503
247801-60;1801;1131;10;1121;437;684
247801-61;1692;955;11;944;465;479
247801-62;1733;817;5;812;391;421
247801-63;1790;1043;4;1039;453;586
247801-64;1075;688;4;684;254;430
247801-65;1696;1061;7;1054;388;666
247801-66;1490;869;11;858;345;513
247801-67;1644;830;3;827;325;502
247801-68;1695;1100;17;1083;391;692
247801-69;1344;628;6;622;291;331
247801-70;1438;805;10;795;346;449
247801-71;1351;673;4;669;359;310
247801-72;1760;945;7;938;388;550
247801-73;1652;1040;6;1034;492;542
247801-74;1968;1219;8;1211;507;704
247801-75;1688;1022;8;1014;382;632
247801-76;1902;1196;10;1186;447;739
247801-77;1687;799;11;788;410;378
247801-78;85;56;2;54;51;3
247801-79;63;41;0;41;29;12
247801-80;54;26;1;25;22;3
247801-81;64;53;2;51;38;13
247801-82;78;53;0;53;52;1
247801-83;53;18;2;16;13;3
247801-84;504;315;7;308;116;192
247801-85;222;97;1;96;51;45
247801-86;74;28;0;28;17;11
247801-87;285;114;2;112;59;53
247801-88;87;38;1;37;19;18
247801-89;113;46;0;46;22;24
247801-90;45;20;0;20;11;9
247901-1;1940;1284;18;1266;559;707
247901-2;2709;1865;25;1840;817;1023
247901-3;1618;1175;13;1162;599;563
247901-4;1693;1194;12;1182;661;521
247901-5;1138;848;15;833;431;402
247901-6;1721;1193;15;1178;584;594
247901-7;1575;1027;11;1016;499;517
247901-8;2305;1499;10;1489;696;793
247901-9;2365;1564;21;1543;750;793
247901-10;2565;1725;13;1712;855;857
247901-11;1931;1280;10;1270;646;624
247901-12;2054;1377;4;1373;686;687
247901-13;2359;1494;16;1478;793;685
247901-14;2127;1380;17;1363;706;657
247901-15;2169;1382;11;1371;701;670
247901-16;2189;1387;8;1379;756;623
247901-17;2171;1407;12;1395;755;640
247901-18;1466;1090;11;1079;446;633
247901-19;1625;1197;13;1184;618;566
247901-20;2048;1491;11;1480;928;552
247901-21;2250;1591;11;1580;869;711
247901-22;1644;1110;11;1099;804;295
247901-23;1688;1111;9;1102;688;414
260101-1;1241;849;4;845;399;446
260101-2;1110;742;4;738;400;338
260101-3;959;618;2;616;327;289
260101-4;1534;1069;2;1067;592;475
260101-5;1349;885;6;879;420;459
260101-6;1906;1462;10;1452;741;711
260101-7;1214;853;5;848;436;412
260101-8;1212;814;3;811;472;339
260101-9;1240;835;5;830;421;409
260101-10;1311;975;3;972;522;450
260101-11;1508;928;3;925;629;296
260101-12;1296;834;3;831;527;304
260101-13;1174;719;4;715;538;177
260101-14;1115;721;6;715;479;236
260101-15;1277;928;9;919;547;372
260101-16;890;571;5;566;363;203
260101-17;783;484;0;484;374;110
260101-18;1063;631;8;623;434;189
260101-19;880;524;3;521;368;153
260101-20;1006;680;2;678;414;264
260101-21;1075;665;4;661;473;188
260101-22;1178;774;7;767;604;163
260101-23;120;37;1;36;29;7
260101-24;267;170;0;170;91;79
260101-25;77;38;0;38;25;13
260101-26;263;169;0;169;87;82
260102-1;825;563;1;562;485;77
260102-2;1130;773;1;772;629;143
260102-3;718;452;2;450;362;88
260102-4;914;625;2;623;523;100
260102-5;59;21;1;20;18;2
260103-1;1535;914;4;910;597;313
260103-2;662;432;4;428;291;137
260103-3;667;433;4;429;313;116
260103-4;1259;757;3;754;569;185
260103-5;853;541;2;539;407;132
260104-1;1596;979;6;973;645;328
260104-2;930;589;5;584;470;114
260104-3;1237;763;11;752;609;143
260104-4;733;426;2;424;316;108
260104-5;1032;666;3;663;533;130
260104-6;477;271;2;269;206;63
260104-7;80;72;0;72;69;3
260104-8;34;30;1;29;29;0
260105-1;577;371;3;368;293;75
260105-2;720;453;9;444;309;135
260105-3;1145;954;2;952;535;417
260105-4;614;397;0;397;313;84
260105-5;482;298;0;298;247;51
260105-6;581;373;8;365;264;101
260105-7;50;40;0;40;39;1
260105-8;47;38;2;36;34;2
260106-1;1836;1223;6;1217;795;422
260106-2;1835;1138;5;1133;912;221
260106-3;1894;1191;7;1184;944;240
260106-4;690;435;5;430;322;108
260107-1;420;276;1;275;223;52
260107-2;1541;993;14;979;728;251
260107-3;1081;668;4;664;544;120
260108-1;1167;767;5;762;498;264
260108-2;994;564;7;557;400;157
260108-3;1024;598;6;592;460;132
260108-4;652;412;3;409;320;89
260108-5;735;460;1;459;387;72
260201-1;1591;1114;10;1104;853;251
260201-2;1055;711;9;702;532;170
260201-3;573;359;0;359;291;68
260201-4;443;280;1;279;225;54
260202-1;1083;743;4;739;439;300
260202-2;854;639;5;634;337;297
260202-3;1316;870;7;863;510;353
260202-4;795;488;1;487;273;214
260202-5;1269;872;11;861;462;399
260202-6;1067;701;6;695;361;334
260202-7;818;562;4;558;317;241
260202-8;854;644;4;640;371;269
260202-9;719;484;4;480;288;192
260202-10;1311;841;4;837;502;335
260202-11;1020;688;6;682;367;315
260202-12;754;532;5;527;272;255
260202-13;1439;971;14;957;645;312
260202-14;796;531;3;528;422;106
260202-15;1540;1058;8;1050;700;350
260202-16;1467;947;6;941;629;312
260202-17;927;649;4;645;455;190
260202-18;902;601;4;597;476;121
260202-19;670;446;5;441;365;76
260202-20;1100;749;5;744;572;172
260202-21;1247;812;1;811;654;157
260202-22;125;16;0;16;12;4
260202-23;22;12;0;12;10;2
260203-1;1434;992;8;984;668;316
260203-2;1464;1004;7;997;704;293
260203-3;1314;870;6;864;731;133
260203-4;1513;1052;2;1050;904;146
260203-5;1212;883;11;872;759;113
260203-6;908;618;3;615;470;145
260203-7;1331;898;7;891;657;234
260204-1;980;627;7;620;459;161
260204-2;262;159;4;155;126;29
260204-3;796;565;6;559;432;127
260204-4;490;354;0;354;295;59
260204-5;626;375;4;371;301;70
260204-6;408;291;1;290;228;62
260204-7;468;321;1;320;282;38
260205-1;1403;963;7;956;674;282
260205-2;385;263;1;262;238;24
260205-3;1447;976;4;972;787;185
260205-4;306;215;1;214;193;21
260205-5;302;209;1;208;171;37
260206-1;699;473;1;472;354;118
260206-2;821;555;5;550;460;90
260206-3;460;305;2;303;260;43
260206-4;953;582;2;580;393;187
260206-5;702;419;1;418;326;92
260206-6;759;524;2;522;451;71
260206-7;559;359;3;356;267;89
260206-8;1394;877;5;872;559;313
260206-9;1536;985;6;979;664;315
260206-10;764;472;3;469;322;147
260206-11;1663;1061;12;1049;673;376
260207-1;764;521;0;521;439;82
260207-2;1367;951;3;948;711;237
260207-3;514;295;0;295;244;51
260207-4;861;468;2;466;388;78
260208-1;796;536;1;535;402;133
260208-2;1202;769;4;765;621;144
260208-3;1129;799;5;794;582;212
260208-4;1424;997;10;987;734;253
260208-5;1746;1207;12;1195;832;363
260208-6;623;439;1;438;363;75
260209-1;1198;805;0;805;602;203
260209-2;435;292;5;287;231;56
260209-3;742;490;3;487;405;82
260209-4;1116;769;7;762;535;227
260209-5;421;246;1;245;175;70
260209-6;831;549;4;545;415;130
260209-7;811;498;4;494;383;111
260209-8;321;206;4;202;144;58
260301-1;2109;1179;7;1172;827;345
260301-2;1147;622;2;620;464;156
260301-3;48;39;0;39;36;3
260302-1;1086;715;4;711;531;180
260302-2;832;486;1;485;389;96
260302-3;1329;712;1;711;562;149
260303-1;1028;614;3;611;338;273
260303-2;924;571;4;567;342;225
260303-3;742;499;4;495;260;235
260303-4;819;486;5;481;236;245
260303-5;741;434;5;429;233;196
260303-6;811;478;2;476;323;153
260303-7;1117;666;1;665;429;236
260303-8;1022;610;1;609;430;179
260303-9;839;546;3;543;424;119
260303-10;594;332;1;331;253;78
260303-11;836;440;1;439;359;80
260303-12;786;429;2;427;336;91
260303-13;961;523;5;518;407;111
260303-14;873;544;8;536;434;102
260303-15;867;597;6;591;470;121
260303-16;66;21;1;20;18;2
260304-1;1345;674;4;670;496;174
260304-2;992;603;1;602;343;259
260304-3;645;338;2;336;240;96
260305-1;1041;678;9;669;422;247
260305-2;742;484;2;482;442;40
260305-3;985;629;5;624;483;141
260305-4;742;474;3;471;413;58
260305-5;576;375;3;372;309;63
260305-6;1203;672;4;668;559;109
260401-1;846;604;5;599;532;67
260401-2;1665;1139;15;1124;860;264
260401-3;1026;674;3;671;560;111
260401-4;634;437;6;431;358;73
260401-5;1020;733;7;726;632;94
260401-6;879;594;3;591;504;87
260401-7;472;323;4;319;290;29
260401-8;487;356;0;356;296;60
260401-9;956;664;3;661;443;218
260402-1;1790;1260;17;1243;721;522
260402-2;959;582;10;572;459;113
260402-3;429;300;4;296;230;66
260402-4;358;229;0;229;188;41
260402-5;586;392;9;383;314;69
260402-6;255;154;0;154;107;47
260402-7;884;548;2;546;460;86
260402-8;2111;1327;8;1319;1004;315
260402-9;710;505;7;498;307;191
260402-10;744;520;5;515;378;137
260402-11;475;317;2;315;236;79
260403-1;1785;1284;11;1273;695;578
260403-2;583;380;2;378;240;138
260403-3;1135;769;9;760;467;293
260403-4;664;447;4;443;322;121
260403-5;929;611;8;603;452;151
260403-6;1593;1071;10;1061;777;284
260403-7;524;353;1;352;256;96
260403-8;992;720;4;716;488;228
260403-9;1053;739;4;735;551;184
260403-10;920;571;6;565;378;187
260403-11;605;382;2;380;305;75
260403-12;579;364;4;360;273;87
260403-13;676;432;2;430;372;58
260403-14;163;92;1;91;75;16
260404-1;1411;957;10;947;599;348
260404-2;1535;1040;9;1031;657;374
260404-3;1601;1066;10;1056;793;263
260404-4;487;349;2;347;313;34
260404-5;583;362;3;359;312;47
260404-6;611;442;0;442;352;90
260404-7;537;303;8;295;229;66
260404-8;768;489;4;485;396;89
260404-9;1247;870;13;857;657;200
260404-10;77;23;0;23;19;4
260404-11;125;58;2;56;49;7
260405-1;1555;1091;8;1083;752;331
260405-2;1210;858;9;849;609;240
260405-3;1727;1192;7;1185;791;394
260405-4;576;412;1;411;218;193
260405-5;756;539;5;534;416;118
260405-6;659;442;5;437;318;119
260405-7;511;334;3;331;286;45
260405-8;1193;804;8;796;614;182
260405-9;198;145;1;144;111;33
260405-10;920;640;6;634;451;183
260405-11;716;511;4;507;330;177
260405-12;1073;745;8;737;528;209
260405-13;912;713;6;707;444;263
260405-14;559;409;9;400;284;116
260406-1;1386;1013;12;1001;832;169
260406-2;1089;864;12;852;434;418
260406-3;2612;1897;19;1878;1493;385
260406-4;1521;1089;9;1080;904;176
260406-5;1019;755;6;749;534;215
260406-6;1324;928;13;915;609;306
260406-7;1121;800;4;796;646;150
260406-8;1131;813;9;804;627;177
260407-1;1292;851;4;847;604;243
260407-2;1874;1215;7;1208;1065;143
260407-3;999;623;8;615;519;96
260407-4;392;277;2;275;241;34
260407-5;282;184;6;178;146;32
260407-6;679;480;2;478;423;55
260408-1;517;362;1;361;282;79
260408-2;485;327;6;321;279;42
260408-3;559;396;5;391;338;53
260408-4;861;604;8;596;445;151
260408-5;1489;1066;16;1050;691;359
260408-6;1094;742;11;731;571;160
260408-7;376;270;3;267;244;23
260408-8;424;315;0;315;277;38
260408-9;403;267;4;263;222;41
260408-10;1022;731;3;728;596;132
260409-1;741;513;5;508;363;145
260409-2;825;584;5;579;387;192
260409-3;899;672;8;664;382;282
260409-4;980;738;3;735;420;315
260409-5;1111;785;7;778;540;238
260409-6;1462;1084;11;1073;623;450
260409-7;1085;744;10;734;486;248
260409-8;469;317;5;312;193;119
260409-9;1144;852;6;846;425;421
260410-1;1455;1088;10;1078;594;484
260410-2;1392;1041;10;1031;636;395
260410-3;1316;915;11;904;602;302
260410-4;1263;892;13;879;567;312
260410-5;1531;1169;17;1152;780;372
260410-6;1067;830;11;819;503;316
260410-7;1035;688;7;681;366;315
260411-1;718;500;7;493;411;82
260411-2;408;278;1;277;240;37
260411-3;1834;1276;5;1271;1053;218
260411-4;2359;1643;15;1628;1245;383
260411-5;576;372;4;368;321;47
260411-6;1166;823;7;816;669;147
260411-7;457;297;2;295;232;63
260412-1;1814;1310;13;1297;768;529
260412-2;2243;1724;19;1705;767;938
260412-3;481;347;6;341;248;93
260412-4;876;589;2;587;468;119
260412-5;1454;912;4;908;697;211
260412-6;2377;1676;15;1661;1076;585
260412-7;959;616;6;610;397;213
260412-8;1659;1273;8;1265;717;548
260412-9;818;551;3;548;416;132
260412-10;616;121;3;118;81;37
260412-11;120;45;1;44;32;12
260413-1;1520;978;8;970;636;334
260413-2;425;279;2;277;209;68
260413-3;882;555;2;553;475;78
260413-4;973;657;3;654;541;113
260413-5;1834;1136;9;1127;783;344
260413-6;931;576;0;576;458;118
260413-7;732;430;5;425;301;124
260413-8;521;315;4;311;263;48
260414-1;1099;805;8;797;384;413
260414-2;809;525;7;518;337;181
260414-3;868;614;9;605;460;145
260414-4;740;511;2;509;341;168
260414-5;701;509;3;506;323;183
260414-6;873;609;8;601;463;138
260414-7;905;625;7;618;548;70
260414-8;935;651;4;647;549;98
260414-9;1217;843;10;833;647;186
260414-10;1051;725;7;718;563;155
260414-11;949;675;8;667;474;193
260414-12;767;547;6;541;409;132
260414-13;593;416;3;413;256;157
260414-14;1006;691;4;687;562;125
260414-15;454;290;3;287;210;77
260414-16;76;66;0;66;64;2
260415-1;586;396;2;394;308;86
260415-2;690;448;4;444;352;92
260415-3;768;514;2;512;426;86
260415-4;861;605;6;599;409;190
260415-5;818;569;6;563;452;111
260415-6;84;42;0;42;36;6
260415-7;133;43;0;43;37;6
260416-1;391;246;1;245;208;37
260416-2;368;237;4;233;171;62
260416-3;533;368;2;366;286;80
260416-4;724;500;5;495;408;87
260416-5;614;371;5;366;296;70
260416-6;339;212;4;208;155;53
260416-7;411;323;3;320;214;106
260416-8;334;239;2;237;141;96
260416-9;673;458;4;454;298;156
260416-10;569;342;1;341;284;57
260417-1;705;550;3;547;299;248
260417-2;640;483;6;477;219;258
260417-3;940;704;5;699;330;369
260417-4;893;631;8;623;305;318
260417-5;960;648;5;643;348;295
260417-6;810;550;7;543;352;191
260417-7;958;636;7;629;467;162
260418-1;1618;1086;10;1076;780;296
260418-2;1684;1229;12;1217;921;296
260418-3;1192;823;7;816;648;168
260418-4;724;511;2;509;443;66
260418-5;1210;891;9;882;721;161
260418-6;1141;835;7;828;644;184
260418-7;936;593;7;586;422;164
260418-8;47;21;1;20;17;3
260419-1;475;344;3;341;218;123
260419-2;1369;995;12;983;488;495
260419-3;762;560;8;552;312;240
260419-4;1619;1191;10;1181;781;400
260419-5;1545;1091;16;1075;690;385
260419-6;1162;838;7;831;516;315
260419-7;481;320;1;319;262;57
260419-8;730;501;4;497;341;156
260419-9;681;472;8;464;319;145
260419-10;1044;766;7;759;432;327
260419-11;446;322;2;320;246;74
260501-1;1298;864;12;852;720;132
260501-2;1780;1197;9;1188;870;318
260501-3;654;467;2;465;418;47
260502-1;1108;725;6;719;499;220
260502-2;531;348;1;347;239;108
260502-3;781;517;4;513;432;81
260502-4;682;459;5;454;372;82
260502-5;709;478;3;475;382;93
260503-1;1287;913;8;905;466;439
260503-2;1303;916;9;907;475;432
260503-3;1043;678;6;672;379;293
260503-4;1368;926;5;921;521;400
260503-5;1080;846;13;833;409;424
260503-6;1104;847;5;842;469;373
260503-7;900;653;5;648;392;256
260503-8;1407;998;3;995;494;501
260503-9;1281;895;6;889;475;414
260503-10;1242;833;7;826;430;396
260503-11;1342;887;8;879;486;393
260503-12;1856;1289;25;1264;700;564
260503-13;691;484;2;482;390;92
260503-14;909;633;3;630;373;257
260503-15;1347;837;4;833;567;266
260503-16;1419;898;3;895;602;293
260503-17;1336;930;9;921;514;407
260503-18;606;442;6;436;274;162
260503-19;424;301;1;300;216;84
260503-20;1183;829;2;827;688;139
260503-21;1391;956;4;952;692;260
260503-22;1838;1271;8;1263;974;289
260503-23;1924;1416;16;1400;968;432
260503-24;106;83;6;77;63;14
260503-25;455;87;2;85;56;29
260504-1;1505;989;12;977;781;196
260504-2;1207;742;2;740;564;176
260504-3;872;566;3;563;421;142
260504-4;826;575;2;573;475;98
260504-5;452;303;8;295;251;44
260504-6;522;339;8;331;275;56
260504-7;871;601;1;600;524;76
260504-8;447;294;2;292;264;28
260504-9;457;275;2;273;229;44
260505-1;338;227;2;225;165;60
260505-2;942;671;8;663;410;253
260505-3;274;201;1;200;134;66
260505-4;891;657;3;654;544;110
260505-5;256;195;1;194;127;67
260506-1;838;538;7;531;398;133
260506-2;308;187;3;184;142;42
260506-3;663;478;4;474;378;96
260506-4;445;294;1;293;253;40
260506-5;411;273;3;270;199;71
260506-6;55;43;1;42;42;0
260507-1;548;407;7;400;315;85
260507-2;789;617;4;613;493;120
260507-3;453;363;4;359;288;71
260507-4;836;599;10;589;421;168
260507-5;400;302;5;297;255;42
260508-1;798;442;7;435;238;197
260508-2;811;479;3;476;276;200
260508-3;1102;693;2;691;361;330
260508-4;1073;702;5;697;386;311
260508-5;777;478;2;476;274;202
260508-6;733;447;5;442;278;164
260508-7;1017;584;6;578;419;159
260508-8;1034;639;7;632;399;233
260508-9;915;596;5;591;321;270
260508-10;787;563;5;558;464;94
260508-11;793;551;6;545;408;137
260508-12;493;310;2;308;234;74
260508-13;553;337;5;332;214;118
260508-14;593;379;3;376;294;82
260508-15;530;304;1;303;188;115
260508-16;952;558;1;557;358;199
260508-17;983;585;7;578;438;140
260601-1;1851;1188;13;1175;922;253
260601-2;900;562;6;556;472;84
260601-3;658;395;5;390;335;55
260601-4;531;379;5;374;331;43
260601-5;34;30;0;30;27;3
260602-1;2257;1522;12;1510;1186;324
260602-2;1041;658;12;646;554;92
260602-3;489;310;3;307;263;44
260602-4;541;360;0;360;319;41
260602-5;533;360;0;360;302;58
260602-6;673;420;3;417;355;62
260603-1;1612;1017;6;1011;782;229
260603-2;1617;935;8;927;716;211
260603-3;694;421;3;418;324;94
260603-4;395;231;1;230;195;35
260604-1;1246;834;6;828;516;312
260604-2;1210;722;9;713;423;290
260604-3;1209;781;9;772;468;304
260604-4;1433;988;9;979;601;378
260604-5;714;423;5;418;312;106
260604-6;560;350;6;344;237;107
260604-7;633;390;6;384;298;86
260604-8;554;350;2;348;250;98
260604-9;582;381;0;381;276;105
260604-10;1078;632;8;624;465;159
260604-11;125;120;2;118;117;1
260604-12;44;42;0;42;36;6
260604-13;79;14;1;13;9;4
260605-1;1249;781;5;776;469;307
260605-2;1100;719;12;707;394;313
260605-3;1156;703;7;696;404;292
260605-4;495;318;1;317;255;62
260605-5;494;297;1;296;231;65
260605-6;1082;619;7;612;452;160
260605-7;591;341;2;339;261;78
260605-8;534;329;4;325;238;87
260605-9;447;286;1;285;211;74
260605-10;618;380;5;375;283;92
260605-11;638;386;8;378;238;140
260605-12;42;41;3;38;34;4
260605-13;29;27;2;25;23;2
260605-14;23;17;2;15;13;2
260606-1;888;549;3;546;392;154
260606-2;883;585;3;582;399;183
260606-3;765;511;2;509;406;103
260606-4;703;485;0;485;413;72
260607-1;1222;739;6;733;544;189
260607-2;581;353;0;353;304;49
260607-3;766;448;6;442;369;73
260607-4;255;154;1;153;117;36
260607-5;866;535;4;531;434;97
260607-6;656;371;3;368;291;77
260608-1;945;566;9;557;412;145
260608-2;1079;645;5;640;456;184
260608-3;669;412;4;408;298;110
260608-4;612;383;4;379;244;135
260701-1;1327;793;2;791;402;389
260701-2;1270;778;5;773;452;321
260701-3;1537;885;8;877;533;344
260701-4;1623;925;4;921;515;406
260701-5;1447;851;6;845;418;427
260701-6;972;566;6;560;303;257
260701-7;1419;732;2;730;444;286
260701-8;1288;753;2;751;419;332
260701-9;1179;824;9;815;391;424
260701-10;1330;815;4;811;410;401
260701-11;2065;1235;9;1226;605;621
260701-12;1491;889;5;884;435;449
260701-13;1322;812;2;810;392;418
260701-14;1791;1145;14;1131;592;539
260701-15;1987;1218;9;1209;632;577
260701-16;1876;1104;11;1093;616;477
260701-17;1988;1302;11;1291;688;603
260701-18;1254;782;6;776;394;382
260701-19;1303;756;1;755;379;376
260701-20;1365;908;13;895;501;394
260701-21;1190;723;4;719;357;362
260701-22;2032;1254;8;1246;672;574
260701-23;1072;694;4;690;370;320
260701-24;1058;700;4;696;351;345
260701-25;1114;714;1;713;392;321
260701-26;1047;647;3;644;373;271
260701-27;1074;707;4;703;377;326
260701-28;1046;689;5;684;387;297
260701-29;1903;1326;12;1314;611;703
260701-30;1910;1320;9;1311;585;726
260701-31;1830;1225;7;1218;623;595
260701-32;1462;1064;3;1061;524;537
260701-33;2312;1433;19;1414;755;659
260701-34;1496;949;17;932;541;391
260701-35;1744;1022;4;1018;588;430
260701-36;171;134;8;126;57;69
260701-37;102;93;3;90;43;47
260701-38;303;50;0;50;33;17
260702-1;1097;764;23;741;467;274
260702-2;598;367;6;361;252;109
260702-3;660;455;7;448;331;117
260702-4;527;368;5;363;296;67
260702-5;84;58;2;56;47;9
260703-1;1236;732;1;731;424;307
260703-2;722;484;2;482;291;191
260703-3;1263;731;7;724;536;188
260703-4;1775;1196;9;1187;668;519
260703-5;999;593;11;582;389;193
260703-6;724;442;4;438;280;158
260703-7;859;520;2;518;327;191
260703-8;875;499;9;490;318;172
260703-9;562;346;5;341;203;138
260703-10;590;365;3;362;248;114
260703-11;692;441;6;435;249;186
260703-12;367;233;0;233;182;51
260704-1;1196;756;4;752;504;248
260704-2;1787;948;8;940;600;340
260704-3;1806;1020;9;1011;663;348
260704-4;349;226;2;224;138;86
260704-5;338;201;1;200;155;45
260704-6;372;228;4;224;151;73
260705-1;439;292;2;290;232;58
260705-2;556;339;3;336;253;83
260705-3;357;217;10;207;166;41
260705-4;1148;725;2;723;476;247
260705-5;1080;678;7;671;415;256
260705-6;1651;1079;16;1063;634;429
260705-7;590;315;2;313;184;129
260705-8;441;270;1;269;181;88
260705-9;614;426;2;424;305;119
260705-10;567;346;3;343;247;96
260705-11;405;228;2;226;124;102
260706-1;1122;674;7;667;507;160
260706-2;691;416;2;414;347;67
260706-3;576;390;2;388;335;53
260706-4;1449;873;4;869;726;143
260706-5;752;439;2;437;353;84
260706-6;820;510;2;508;443;65
260801-1;797;473;2;471;327;144
260801-2;921;583;3;580;420;160
260801-3;883;526;0;526;424;102
260801-4;474;279;2;277;180;97
260801-5;604;386;0;386;277;109
260801-6;561;349;4;345;264;81
260802-1;579;374;7;367;264;103
260802-2;1568;1008;4;1004;749;255
260802-3;759;501;3;498;418;80
260802-4;862;629;3;626;455;171
260803-1;657;452;3;449;300;149
260803-2;680;421;1;420;330;90
260803-3;1264;791;6;785;488;297
260803-4;456;273;2;271;246;25
260803-5;763;499;2;497;387;110
260804-1;1010;607;4;603;395;208
260804-2;1431;875;8;867;502;365
260804-3;1476;959;7;952;535;417
260804-4;884;565;4;561;461;100
260804-5;1427;930;6;924;476;448
260804-6;926;553;2;551;391;160
260804-7;1004;611;4;607;501;106
260804-8;898;586;9;577;407;170
260804-9;1103;621;2;619;459;160
260804-10;904;549;2;547;459;88
260804-11;1429;991;6;985;560;425
260804-12;1485;950;8;942;628;314
260804-13;853;570;4;566;409;157
260804-14;1975;1201;10;1191;666;525
260804-15;180;48;0;48;34;14
260804-16;61;33;0;33;31;2
260804-17;688;467;11;456;198;258
260805-1;1214;721;8;713;471;242
260805-2;1381;843;4;839;590;249
260805-3;1216;793;6;787;666;121
260901-1;1795;1184;14;1170;654;516
260901-2;1507;973;3;970;527;443
260901-3;1168;858;9;849;419;430
260901-4;671;468;5;463;202;261
260901-5;1301;892;7;885;471;414
260901-6;1624;1042;9;1033;517;516
260901-7;968;686;2;684;286;398
260901-8;1788;1173;15;1158;557;601
260901-9;1529;1056;6;1050;404;646
260901-10;1063;651;10;641;341;300
260901-11;1306;880;8;872;372;500
260901-12;1888;1280;14;1266;593;673
260901-13;1949;1203;10;1193;614;579
260901-14;499;115;1;114;90;24
260901-15;95;75;6;69;64;5
260902-1;1449;852;10;842;520;322
260902-2;661;376;1;375;262;113
260902-3;699;404;2;402;265;137
260902-4;609;371;2;369;250;119
260902-5;1013;580;0;580;367;213
260902-6;535;282;2;280;183;97
260902-7;936;545;2;543;320;223
260902-8;1230;732;5;727;506;221
260903-1;1538;1012;8;1004;591;413
260903-2;1086;636;5;631;515;116
260903-3;1047;663;12;651;519;132
260903-4;461;308;0;308;220;88
260903-5;566;348;4;344;269;75
260903-6;599;388;2;386;334;52
260903-7;371;234;2;232;190;42
260903-8;877;497;5;492;370;122
260904-1;2004;1363;16;1347;930;417
260904-2;701;490;1;489;341;148
260904-3;412;273;0;273;217;56
260904-4;688;448;3;445;357;88
260904-5;679;404;3;401;311;90
260904-6;404;266;2;264;197;67
260904-7;580;396;3;393;310;83
260905-1;2266;1434;7;1427;1079;348
260905-2;815;506;3;503;395;108
260905-3;1314;882;3;879;665;214
260905-4;1644;1042;14;1028;823;205
260906-1;1603;975;6;969;675;294
260906-2;829;550;6;544;436;108
260906-3;1033;634;8;626;438;188
260906-4;1058;614;2;612;499;113
260906-5;747;498;4;494;261;233
260907-1;1495;977;12;965;720;245
260907-2;871;625;2;623;448;175
260907-3;835;570;8;562;392;170
260907-4;986;634;5;629;467;162
260907-5;902;549;3;546;383;163
260907-6;917;560;3;557;381;176
260907-7;901;567;3;564;324;240
260908-1;830;519;10;509;347;162
260908-2;627;390;4;386;260;126
260908-3;508;354;5;349;241;108
260908-4;624;379;3;376;267;109
260908-5;375;217;3;214;157;57
260909-1;1422;979;10;969;617;352
260909-2;1435;828;3;825;567;258
260909-3;741;418;0;418;327;91
261001-1;1112;705;5;700;415;285
261001-2;1194;885;4;881;422;459
261001-3;1262;790;5;785;389;396
261001-4;707;420;2;418;203;215
261001-5;1172;692;8;684;368;316
261001-6;732;427;3;424;224;200
261001-7;727;338;5;333;223;110
261001-8;693;432;5;427;217;210
261001-9;1142;836;3;833;371;462
261001-10;823;516;6;510;305;205
261001-11;1316;898;10;888;442;446
261001-12;1660;1080;10;1070;615;455
261001-13;1926;1299;7;1292;671;621
261001-14;1470;932;13;919;536;383
261001-15;826;507;5;502;273;229
261001-16;957;709;7;702;296;406
261001-17;1764;1170;10;1160;590;570
261001-18;1229;868;13;855;415;440
261001-19;1616;1131;7;1124;527;597
261001-20;1256;864;6;858;476;382
261001-21;1612;1138;7;1131;590;541
261001-22;1109;742;7;735;362;373
261001-23;1072;775;4;771;365;406
261001-24;1624;1051;7;1044;547;497
261001-25;1807;1172;16;1156;600;556
261001-26;1895;1142;11;1131;571;560
261001-27;1314;880;10;870;444;426
261001-28;1069;703;11;692;315;377
261001-29;122;28;0;28;24;4
261001-30;49;16;0;16;13;3
261001-31;45;27;0;27;19;8
261001-32;39;39;0;39;33;6
261002-1;1388;969;5;964;524;440
261002-2;2079;1294;7;1287;783;504
261002-3;1623;976;5;971;699;272
261002-4;943;600;6;594;470;124
261002-5;636;415;4;411;294;117
261003-1;825;586;6;580;411;169
261003-2;237;189;2;187;134;53
261003-3;976;623;2;621;478;143
261003-4;608;429;1;428;336;92
261003-5;501;335;6;329;260;69
261003-6;963;660;4;656;503;153
261004-1;734;475;9;466;342;124
261004-2;563;369;6;363;244;119
261004-3;2043;1362;11;1351;842;509
261004-4;934;631;4;627;377;250
261004-5;556;363;5;358;286;72
261005-1;642;437;5;432;258;174
261005-2;1014;667;6;661;382;279
261005-3;599;408;4;404;187;217
261005-4;718;503;2;501;241;260
261005-5;622;428;5;423;226;197
261005-6;527;319;4;315;149;166
261005-7;529;339;1;338;196;142
261005-8;1065;763;6;757;362;395
261005-9;951;622;10;612;346;266
261005-10;748;470;4;466;322;144
261005-11;346;236;1;235;137;98
261005-12;383;243;0;243;122;121
261101-1;1953;1344;18;1326;632;694
261101-2;1371;829;10;819;449;370
261101-3;1598;940;10;930;477;453
261101-4;1955;1200;12;1188;651;537
261101-5;2038;1432;10;1422;623;799
261101-6;1472;997;9;988;487;501
261101-7;2410;1590;8;1582;784;798
261101-8;1183;799;10;789;399;390
261101-9;1808;1199;7;1192;598;594
261101-10;2185;1430;10;1420;727;693
261101-11;1402;923;11;912;481;431
261101-12;2049;1222;8;1214;682;532
261101-13;1678;1164;12;1152;592;560
261101-14;1280;822;9;813;416;397
261101-15;1582;982;10;972;548;424
261101-16;1267;793;5;788;472;316
261101-17;1267;815;6;809;420;389
261101-18;1445;981;5;976;511;465
261101-19;2311;1497;5;1492;845;647
261101-20;1911;1277;14;1263;526;737
261101-21;1843;1171;11;1160;551;609
261101-22;1612;1104;5;1099;624;475
261101-23;77;15;1;14;11;3
261101-24;93;73;1;72;66;6
261102-1;777;527;4;523;334;189
261102-2;697;495;3;492;310;182
261102-3;694;452;7;445;331;114
261102-4;721;447;4;443;300;143
261102-5;740;472;6;466;331;135
261102-6;398;267;5;262;195;67
261102-7;832;545;5;540;375;165
261102-8;817;534;1;533;414;119
261102-9;500;351;4;347;244;103
261102-10;644;382;1;381;283;98
261102-11;868;518;1;517;341;176
261102-12;984;671;7;664;455;209
261103-1;1018;697;4;693;465;228
261103-2;443;291;6;285;225;60
261103-3;703;461;3;458;387;71
261103-4;945;648;3;645;519;126
261103-5;1002;695;2;693;476;217
261103-6;762;503;4;499;356;143
261103-7;626;422;1;421;321;100
261103-8;441;286;0;286;203;83
261103-9;691;495;4;491;358;133
261104-1;496;329;2;327;272;55
261104-2;557;343;1;342;271;71
261104-3;1498;1033;15;1018;804;214
261104-4;843;560;6;554;467;87
261104-5;1531;1014;8;1006;770;236
261104-6;769;539;3;536;467;69
261104-7;427;274;7;267;204;63
261104-8;1226;721;4;717;566;151
261104-9;1562;978;8;970;787;183
261104-10;1325;840;8;832;683;149
261104-11;509;337;3;334;281;53
261104-12;477;337;3;334;276;58
261104-13;601;391;3;388;334;54
261104-14;83;43;1;42;38;4
261105-1;1109;731;4;727;423;304
261105-2;1106;712;9;703;408;295
261105-3;1239;896;6;890;602;288
261105-4;1206;806;7;799;494;305
261105-5;481;296;6;290;160;130
261105-6;372;231;5;226;146;80
261201-1;1989;1316;19;1297;971;326
261201-2;1123;756;5;751;584;167
261201-3;421;273;2;271;218;53
261201-4;408;255;1;254;207;47
261201-5;1381;915;5;910;725;185
261201-6;909;591;1;590;492;98
261201-7;68;56;0;56;51;5
261202-1;1272;823;5;818;631;187
261202-2;676;460;5;455;397;58
261202-3;913;616;7;609;530;79
261202-4;541;377;4;373;310;63
261203-1;472;319;3;316;276;40
261203-2;1115;688;6;682;497;185
261203-3;1049;585;3;582;444;138
261203-4;591;339;4;335;239;96
261204-1;1761;1120;15;1105;906;199
261204-2;248;169;1;168;126;42
261204-3;888;614;2;612;541;71
261204-4;790;537;3;534;506;28
261204-5;858;619;4;615;568;47
261204-6;359;214;1;213;182;31
261204-7;507;345;1;344;291;53
261204-8;586;385;0;385;340;45
261204-9;391;290;1;289;264;25
261205-1;2049;1461;12;1449;901;548
261205-2;1052;720;5;715;465;250
261205-3;1271;850;6;844;548;296
261205-4;2007;1432;7;1425;981;444
261205-5;572;399;2;397;348;49
261205-6;604;412;2;410;329;81
261205-7;647;402;3;399;336;63
261205-8;998;670;9;661;542;119
261206-1;1578;1038;11;1027;648;379
261206-2;763;510;5;505;418;87
261206-3;1382;821;2;819;631;188
261206-4;636;422;6;416;362;54
261206-5;468;306;0;306;243;63
261206-6;352;210;2;208;152;56
261207-1;1725;1225;11;1214;633;581
261207-2;819;513;6;507;233;274
261207-3;958;600;3;597;360;237
261207-4;959;651;5;646;406;240
261207-5;2135;1223;11;1212;755;457
261207-6;880;571;3;568;355;213
261207-7;728;493;4;489;260;229
261207-8;473;291;3;288;225;63
261207-9;979;672;4;668;406;262
261207-10;912;592;2;590;359;231
261207-11;990;661;2;659;391;268
261207-12;958;612;4;608;349;259
261207-13;573;335;5;330;265;65
261207-14;507;306;3;303;232;71
261207-15;1059;673;2;671;570;101
261207-16;815;519;9;510;393;117
261207-17;876;562;1;561;464;97
261207-18;555;329;3;326;231;95
261207-19;707;465;4;461;322;139
261207-20;651;405;0;405;264;141
261207-21;1267;788;8;780;542;238
261207-22;1265;737;8;729;597;132
261207-23;92;18;0;18;13;5
261207-24;87;55;0;55;54;1
261207-25;24;23;0;23;20;3
261208-1;592;403;6;397;286;111
261208-2;581;305;0;305;239;66
261208-3;773;456;2;454;371;83
261208-4;886;661;11;650;402;248
261208-5;473;314;0;314;269;45
261208-6;595;405;2;403;339;64
261208-7;21;18;0;18;17;1
261301-1;1845;1305;13;1292;959;333
261301-2;691;451;8;443;367;76
261301-3;936;663;4;659;547;112
261301-4;848;621;5;616;509;107
261302-1;1896;1354;18;1336;978;358
261302-2;665;439;1;438;366;72
261302-3;779;555;11;544;464;80
261302-4;1992;1355;10;1345;1038;307
261302-5;668;434;11;423;355;68
261302-6;724;497;3;494;384;110
261302-7;1661;1146;16;1130;816;314
261303-1;977;628;7;621;471;150
261303-2;889;584;1;583;434;149
261303-3;247;176;1;175;131;44
261303-4;218;150;3;147;125;22
261304-1;552;339;4;335;259;76
261304-2;706;425;4;421;319;102
261304-3;854;617;6;611;394;217
261305-1;1035;693;3;690;433;257
261305-2;562;342;5;337;262;75
261305-3;504;304;2;302;225;77
261305-4;399;262;2;260;200;60
261305-5;336;182;0;182;143;39
261305-6;642;431;0;431;325;106
261305-7;486;299;1;298;239;59
261305-8;50;42;0;42;30;12
261306-1;1033;776;6;770;511;259
261306-2;1850;1331;13;1318;826;492
261306-3;974;693;8;685;396;289
261306-4;2069;1382;7;1375;798;577
261306-5;1971;1380;17;1363;727;636
261306-6;1865;1163;3;1160;881;279
261306-7;810;519;0;519;397;122
261306-8;1190;785;5;780;585;195
261306-9;1483;971;6;965;715;250
261306-10;844;568;2;566;473;93
261306-11;1418;951;7;944;783;161
261306-12;165;69;0;69;61;8
261306-13;82;66;1;65;61;4
266101-1;2216;1528;11;1517;718;799
266101-2;1948;1275;9;1266;719;547
266101-3;1720;1275;7;1268;620;648
266101-4;988;720;7;713;349;364
266101-5;1632;1218;6;1212;585;627
266101-6;1148;879;10;869;375;494
266101-7;1244;859;4;855;355;500
266101-8;2208;1434;12;1422;635;787
266101-9;2123;1511;12;1499;714;785
266101-10;1456;975;10;965;557;408
266101-11;1540;1022;10;1012;486;526
266101-12;1743;1213;12;1201;492;709
266101-13;1253;770;1;769;363;406
266101-14;1585;1002;10;992;492;500
266101-15;1392;973;10;963;342;621
266101-16;1641;1202;6;1196;455;741
266101-17;1568;1156;8;1148;422;726
266101-18;1792;1198;11;1187;823;364
266101-19;1613;1029;11;1018;634;384
266101-20;2103;1513;10;1503;790;713
266101-21;2001;1387;5;1382;768;614
266101-22;1616;1092;9;1083;762;321
266101-23;1706;1374;17;1357;418;939
266101-24;1837;1421;10;1411;473;938
266101-25;1586;1221;11;1210;423;787
266101-26;2056;1530;8;1522;643;879
266101-27;1539;1189;16;1173;468;705
266101-28;2145;1562;22;1540;695;845
266101-29;2002;1506;14;1492;687;805
266101-30;1806;1200;14;1186;662;524
266101-31;1869;1145;5;1140;628;512
266101-32;2063;1346;12;1334;716;618
266101-33;2001;1235;11;1224;619;605
266101-34;1209;872;3;869;411;458
266101-35;2281;1684;18;1666;710;956
266101-36;2030;1585;13;1572;721;851
266101-37;2032;1484;11;1473;684;789
266101-38;1913;1351;8;1343;634;709
266101-39;1874;1341;16;1325;606;719
266101-40;1277;939;6;933;456;477
266101-41;1574;1147;11;1136;573;563
266101-42;2052;1534;16;1518;713;805
266101-43;2125;1540;12;1528;724;804
266101-44;2277;1624;12;1612;807;805
266101-45;2004;1471;10;1461;728;733
266101-46;1973;1462;12;1450;682;768
266101-47;2168;1540;15;1525;715;810
266101-48;2054;1452;11;1441;728;713
266101-49;1456;1056;15;1041;504;537
266101-50;1472;1085;7;1078;528;550
266101-51;2126;1607;15;1592;676;916
266101-52;1923;1377;9;1368;653;715
266101-53;1824;1265;13;1252;577;675
266101-54;1666;1146;6;1140;546;594
266101-55;1612;1107;11;1096;529;567
266101-56;1747;1250;11;1239;553;686
266101-57;2158;1662;11;1651;711;940
266101-58;1383;992;13;979;543;436
266101-59;2065;1487;7;1480;597;883
266101-60;2226;1645;7;1638;693;945
266101-61;1866;1337;9;1328;616;712
266101-62;2119;1537;16;1521;691;830
266101-63;1870;1395;13;1382;551;831
266101-64;1979;1493;8;1485;761;724
266101-65;586;394;1;393;240;153
266101-66;1613;1216;29;1187;524;663
266101-67;1891;1359;7;1352;657;695
266101-68;1753;1315;9;1306;573;733
266101-69;1202;920;11;909;378;531
266101-70;1968;1104;3;1101;643;458
266101-71;1680;1135;8;1127;565;562
266101-72;2026;1387;7;1380;654;726
266101-73;1894;1351;11;1340;676;664
266101-74;1626;1173;13;1160;565;595
266101-75;1478;954;3;951;539;412
266101-76;2077;1563;13;1550;909;641
266101-77;847;582;8;574;306;268
266101-78;1281;890;5;885;430;455
266101-79;2087;1520;23;1497;518;979
266101-80;1748;1363;5;1358;594;764
266101-81;2069;1557;11;1546;624;922
266101-82;775;548;9;539;409;130
266101-83;1374;969;5;964;607;357
266101-84;97;45;1;44;28;16
266101-85;92;58;2;56;47;9
266101-86;56;36;0;36;34;2
266101-87;45;13;0;13;8;5
266101-88;989;563;5;558;201;357
266101-89;152;60;0;60;44;16
266101-90;64;28;1;27;25;2
266101-91;823;187;0;187;126;61
266101-92;200;96;0;96;58;38
266101-93;132;63;7;56;49;7
266101-94;54;42;2;40;35;5
266101-95;67;40;0;40;30;10
280101-1;1562;904;3;901;386;515
280101-2;1847;1212;16;1196;520;676
280101-3;2040;1264;4;1260;580;680
280101-4;1682;1159;8;1151;584;567
280101-5;1576;853;5;848;379;469
280101-6;1910;1205;6;1199;496;703
280101-7;1854;1241;11;1230;501;729
280101-8;2140;1310;7;1303;630;673
280101-9;460;283;0;283;142;141
280101-10;1794;1145;9;1136;501;635
280101-11;869;556;2;554;233;321
280101-12;93;24;0;24;12;12
280101-13;65;20;1;19;18;1
280102-1;1510;910;15;895;373;522
280102-2;1620;923;1;922;438;484
280103-1;1714;988;9;979;488;491
280103-2;1121;667;3;664;420;244
280103-3;1477;812;12;800;445;355
280103-4;599;322;2;320;194;126
280103-5;983;495;3;492;293;199
280103-6;609;286;0;286;146;140
280103-7;731;416;7;409;253;156
280103-8;596;330;5;325;218;107
280103-9;535;320;1;319;213;106
280104-1;918;449;5;444;217;227
280104-2;935;573;1;572;231;341
280104-3;769;388;2;386;199;187
280104-4;684;340;1;339;224;115
280104-5;966;412;0;412;261;151
280104-6;670;395;0;395;203;192
280105-1;1198;525;3;522;305;217
280105-2;1044;530;4;526;224;302
280105-3;1123;519;4;515;281;234
280105-4;812;446;2;444;288;156
280105-5;720;309;3;306;164;142
280105-6;423;211;2;209;132;77
280105-7;1176;577;10;567;121;446
280106-1;1508;886;11;875;499;376
280106-2;664;334;0;334;204;130
280106-3;691;317;1;316;205;111
280106-4;697;332;2;330;195;135
280106-5;549;284;1;283;183;100
280106-6;694;355;3;352;197;155
280106-7;31;24;0;24;19;5
280201-1;1543;890;9;881;342;539
280201-2;1491;885;6;879;383;496
280201-3;1600;881;11;870;417;453
280201-4;1540;930;7;923;372;551
280201-5;1724;1060;5;1055;446;609
280201-6;1728;1110;9;1101;403;698
280201-7;1548;910;2;908;413;495
280201-8;1826;1139;7;1132;461;671
280201-9;118;21;0;21;11;10
280201-10;189;138;5;133;53;80
280202-1;1536;791;8;783;381;402
280202-2;771;385;6;379;208;171
280202-3;1175;598;2;596;361;235
280202-4;628;342;0;342;175;167
280202-5;651;307;3;304;163;141
280203-1;971;437;5;432;230;202
280203-2;1171;749;8;741;283;458
280203-3;761;495;4;491;160;331
280203-4;146;90;0;90;56;34
280204-1;931;534;2;532;306;226
280204-2;620;266;2;264;147;117
280204-3;308;157;1;156;90;66
280204-4;430;173;3;170;114;56
280205-1;1316;824;4;820;445;375
280205-2;910;564;4;560;265;295
280205-3;1026;488;2;486;337;149
280205-4;419;239;3;236;177;59
280205-5;400;174;1;173;106;67
280205-6;358;213;0;213;145;68
280205-7;601;273;2;271;177;94
280206-1;1027;529;5;524;311;213
280206-2;524;251;4;247;103;144
280206-3;471;243;1;242;133;109
280207-1;606;378;7;371;186;185
280207-2;498;270;4;266;157;109
280207-3;662;333;5;328;184;144
280207-4;479;237;3;234;154;80
280301-1;2011;1423;11;1412;653;759
280301-2;1023;718;7;711;334;377
280301-3;1103;714;6;708;320;388
280301-4;792;484;4;480;252;228
280301-5;1754;1018;6;1012;544;468
280301-6;1205;772;5;767;363;404
280301-7;2235;1451;6;1445;732;713
280301-8;1461;875;2;873;468;405
280301-9;933;691;3;688;299;389
280301-10;1302;808;6;802;446;356
280301-11;998;690;1;689;286;403
280301-12;1245;779;4;775;366;409
280301-13;203;69;2;67;48;19
280301-14;90;61;2;59;29;30
280302-1;671;323;1;322;183;139
280302-2;344;202;3;199;110;89
280302-3;739;439;2;437;348;89
280302-4;617;373;2;371;270;101
280302-5;846;508;3;505;335;170
280302-6;1233;582;10;572;456;116
280302-7;580;329;1;328;181;147
280302-8;748;510;2;508;264;244
280302-9;482;279;0;279;173;106
280302-10;533;330;0;330;192;138
280302-11;426;176;2;174;130;44
280302-12;65;43;1;42;34;8
280303-1;785;512;8;504;278;226
280303-2;1619;996;10;986;545;441
280303-3;594;351;0;351;221;130
280303-4;727;444;3;441;343;98
280303-5;1844;1079;9;1070;727;343
280304-1;1513;978;5;973;517;456
280304-2;1581;968;6;962;547;415
280304-3;1377;822;3;819;514;305
280304-4;1737;1039;6;1033;599;434
280304-5;1479;808;6;802;474;328
280304-6;811;458;1;457;323;134
280304-7;796;504;5;499;335;164
280304-8;724;414;4;410;236;174
280304-9;411;266;5;261;195;66
280304-10;958;564;3;561;374;187
280305-1;1330;759;4;755;502;253
280305-2;849;522;7;515;291;224
280305-3;520;285;0;285;202;83
280305-4;1162;731;8;723;537;186
280305-5;588;321;0;321;208;113
280306-1;441;294;0;294;231;63
280306-2;588;356;1;355;249;106
280306-3;733;414;1;413;281;132
280306-4;455;246;2;244;155;89
280306-5;1195;794;7;787;500;287
280306-6;575;324;3;321;234;87
280306-7;465;311;5;306;242;64
280306-8;1263;825;5;820;437;383
280306-9;359;196;0;196;138;58
280401-1;1124;590;6;584;324;260
280401-2;1051;571;2;569;278;291
280401-3;2114;1331;11;1320;570;750
280401-4;956;567;3;564;268;296
280401-5;526;299;1;298;188;110
280402-1;803;386;3;383;252;131
280402-2;992;566;3;563;342;221
280402-3;664;355;4;351;244;107
280403-1;2008;1113;10;1103;532;571
280403-2;1808;1046;14;1032;504;528
280404-1;1132;616;3;613;390;223
280404-2;844;448;4;444;241;203
280404-3;1114;663;5;658;387;271
280405-1;1580;998;13;985;503;482
280405-2;1054;584;4;580;316;264
280406-1;1560;975;8;967;456;511
280406-2;1250;695;10;685;358;327
280406-3;692;392;1;391;248;143
280407-1;1114;755;1;754;302;452
280407-2;994;651;4;647;296;351
280407-3;990;658;3;655;281;374
280407-4;1134;673;7;666;260;406
280407-5;970;631;1;630;249;381
280407-6;993;659;3;656;274;382
280407-7;1009;552;3;549;250;299
280407-8;1083;692;7;685;282;403
280407-9;1122;701;7;694;331;363
280407-10;920;437;2;435;215;220
280407-11;1026;520;3;517;217;300
280407-12;1347;625;3;622;343;279
280407-13;1231;636;5;631;398;233
280407-14;915;443;4;439;244;195
280407-15;10;6;0;6;4;2
280408-1;828;479;2;477;266;211
280408-2;820;401;3;398;202;196
280408-3;1306;643;7;636;371;265
280409-1;655;341;6;335;143;192
280409-2;1027;628;2;626;301;325
280409-3;789;442;4;438;230;208
280409-4;1990;1164;7;1157;564;593
280409-5;30;16;0;16;14;2
280409-6;95;40;0;40;35;5
280409-7;590;353;3;350;157;193
280501-1;2819;1645;17;1628;763;865
280501-2;2213;1346;6;1340;633;707
280501-3;2179;1484;27;1457;580;877
280501-4;2653;1629;17;1612;721;891
280501-5;1818;1044;7;1037;484;553
280501-6;2432;1462;8;1454;697;757
280501-7;1391;835;7;828;423;405
280501-8;2577;1380;14;1366;646;720
280501-9;2654;1391;8;1383;678;705
280501-10;2416;1164;17;1147;583;564
280501-11;2676;1374;13;1361;715;646
280501-12;2805;1596;13;1583;700;883
280501-13;2256;1325;12;1313;573;740
280501-14;2328;1642;18;1624;614;1010
280501-15;2594;1563;14;1549;719;830
280501-16;2529;1459;17;1442;749;693
280501-17;2346;1413;11;1402;711;691
280501-18;2349;1415;12;1403;697;706
280501-19;1347;717;15;702;352;350
280501-20;127;47;0;47;21;26
280501-21;88;12;0;12;7;5
280501-22;67;29;0;29;24;5
280502-1;939;494;4;490;294;196
280502-2;686;436;3;433;186;247
280502-3;435;262;4;258;148;110
280502-4;1058;559;8;551;312;239
280502-5;741;319;2;317;222;95
280502-6;944;605;7;598;201;397
280502-7;660;336;4;332;159;173
280502-8;468;281;7;274;170;104
280502-9;607;394;4;390;185;205
280502-10;508;324;4;320;160;160
280502-11;1955;1110;18;1092;499;593
280502-12;207;64;3;61;49;12
280503-1;1692;870;12;858;573;285
280503-2;676;327;2;325;233;92
280503-3;648;309;3;306;218;88
280503-4;749;369;1;368;242;126
280503-5;706;387;2;385;212;173
280503-6;848;447;4;443;269;174
280503-7;61;48;1;47;36;11
280504-1;864;461;2;459;258;201
280504-2;969;509;7;502;301;201
280504-3;556;315;5;310;212;98
280504-4;871;422;2;420;259;161
280504-5;382;185;1;184;114;70
280504-6;796;394;3;391;279;112
280504-7;580;249;0;249;184;65
280504-8;660;340;0;340;253;87
280505-1;1351;841;3;838;361;477
280505-2;317;147;5;142;76;66
280505-3;416;179;4;175;102;73
280505-4;1302;771;6;765;373;392
280601-1;1755;1211;9;1202;457;745
280601-2;2105;2084;14;2070;572;1498
280601-3;2532;1708;7;1701;625;1076
280601-4;3024;1897;21;1876;671;1205
280601-5;2897;1794;14;1780;682;1098
280601-6;2483;1624;15;1609;627;982
280601-7;2904;1980;13;1967;710;1257
280601-8;3121;1883;8;1875;705;1170
280601-9;3212;2036;23;2013;622;1391
280601-10;74;54;0;54;22;32
280601-11;108;43;0;43;28;15
280601-12;120;63;0;63;54;9
280601-13;40;26;1;25;13;12
280604-1;540;333;3;330;122;208
280604-2;737;503;7;496;205;291
280604-3;945;689;6;683;242;441
280604-4;1689;1349;11;1338;383;955
280604-5;770;603;2;601;179;422
280604-6;655;456;5;451;144;307
280604-7;431;254;1;253;123;130
280604-8;448;259;3;256;134;122
280604-9;794;622;10;612;163;449
280604-10;332;211;4;207;80;127
280604-11;434;219;1;218;123;95
280604-12;623;417;3;414;190;224
280604-13;430;241;3;238;128;110
280605-1;1276;1166;12;1154;414;740
280605-2;463;318;1;317;91;226
280605-3;543;284;0;284;148;136
280605-4;456;226;2;224;138;86
280606-1;1413;822;5;817;397;420
280606-2;612;340;1;339;212;127
280606-3;1932;1331;3;1328;449;879
280608-1;1229;804;3;801;421;380
280608-2;917;701;8;693;224;469
280608-3;957;617;4;613;270;343
280608-4;488;320;0;320;138;182
280608-5;1579;1002;5;997;416;581
280608-6;336;190;1;189;117;72
280608-7;490;349;6;343;129;214
280610-1;703;392;6;386;166;220
280610-2;383;199;1;198;97;101
280610-3;369;207;1;206;94;112
280610-4;1193;670;5;665;425;240
280610-5;1986;1306;22;1284;568;716
280610-6;390;206;1;205;127;78
280610-7;296;167;0;167;102;65
280610-8;36;30;0;30;17;13
280701-1;1783;1225;8;1217;459;758
280701-2;1468;933;8;925;443;482
280701-3;1569;1038;3;1035;439;596
280701-4;1451;1028;5;1023;449;574
280701-5;2363;1599;15;1584;730;854
280701-6;989;719;7;712;308;404
280701-7;1554;1107;9;1098;511;587
280701-8;1767;1332;5;1327;496;831
280701-9;1706;1165;9;1156;538;618
280701-10;1178;785;2;783;374;409
280701-11;1357;874;9;865;407;458
280701-12;1833;1146;9;1137;564;573
280701-13;1842;1210;13;1197;490;707
280701-14;1950;1276;11;1265;635;630
280701-15;1646;1064;3;1061;430;631
280701-16;1086;742;1;741;345;396
280701-17;48;20;2;18;15;3
280701-18;96;73;1;72;55;17
280701-19;1020;724;14;710;255;455
280702-1;2197;1455;8;1447;712;735
280702-2;1962;1321;14;1307;744;563
280702-3;1609;1069;8;1061;600;461
280702-4;1740;1161;9;1152;643;509
280703-1;639;360;3;357;236;121
280703-2;1483;916;5;911;504;407
280703-3;1317;719;3;716;463;253
280703-4;572;306;1;305;238;67
280703-5;1013;783;1;782;251;531
280703-6;732;454;9;445;237;208
280703-7;782;470;8;462;247;215
280703-8;512;315;4;311;171;140
280703-9;979;677;5;672;255;417
280703-10;813;588;5;583;224;359
280703-11;988;616;8;608;352;256
280703-12;638;326;3;323;219;104
280704-1;971;554;4;550;297;253
280704-2;897;507;3;504;329;175
280704-3;602;367;2;365;294;71
280704-4;711;426;4;422;261;161
280704-5;697;347;3;344;234;110
280704-6;275;157;1;156;115;41
280704-7;532;269;2;267;200;67
280705-1;1211;782;6;776;492;284
280705-2;1456;905;4;901;739;162
280705-3;428;277;4;273;238;35
280705-4;641;422;4;418;327;91
280705-5;776;478;8;470;338;132
280705-6;1189;764;3;761;581;180
280705-7;1053;686;3;683;496;187
280705-8;1417;904;6;898;655;243
280706-1;948;525;8;517;266;251
280706-2;1305;826;2;824;370;454
280706-3;1430;926;3;923;441;482
280706-4;936;534;0;534;332;202
280706-5;534;249;4;245;166;79
280706-6;773;388;4;384;275;109
280706-7;512;292;1;291;177;114
280706-8;722;388;0;388;277;111
280706-9;581;309;1;308;227;81
280706-10;860;455;3;452;306;146
280706-11;794;453;3;450;262;188
280707-1;1755;1020;7;1013;490;523
280707-2;1509;697;5;692;386;306
280707-3;1615;846;2;844;426;418
280707-4;937;463;6;457;248;209
280801-1;1984;1175;3;1172;448;724
280801-2;992;626;6;620;278;342
280801-3;1034;641;6;635;275;360
280801-4;1360;902;7;895;394;501
280801-5;1735;1113;10;1103;466;637
280801-6;1663;1028;7;1021;453;568
280801-7;2099;1391;8;1383;482;901
280801-8;925;530;6;524;206;318
280801-9;1041;671;5;666;289;377
280801-10;1347;793;5;788;380;408
280801-11;1238;768;4;764;350;414
280801-12;1813;1132;7;1125;413;712
280801-13;2240;1284;10;1274;513;761
280801-14;1394;872;4;868;418;450
280801-15;58;34;0;34;32;2
280801-16;49;12;0;12;8;4
280802-1;1554;848;6;842;484;358
280802-2;788;362;4;358;187;171
280802-3;657;336;0;336;194;142
280802-4;996;455;7;448;298;150
280802-5;732;354;1;353;217;136
280803-1;291;130;2;128;97;31
280803-2;466;229;3;226;125;101
280803-3;815;463;4;459;216;243
280803-4;507;224;0;224;118;106
280803-5;497;225;1;224;134;90
280803-6;405;225;0;225;88;137
280803-7;874;388;3;385;196;189
280803-8;720;455;2;453;198;255
280803-9;553;315;2;313;166;147
280803-10;454;260;1;259;141;118
280803-11;331;161;2;159;109;50
280803-12;388;214;2;212;110;102
280804-1;1283;665;0;665;376;289
280804-2;829;504;2;502;285;217
280804-3;1223;727;6;721;365;356
280804-4;689;317;2;315;212;103
280804-5;1092;521;4;517;306;211
280804-6;434;208;0;208;141;67
280804-7;626;286;6;280;184;96
280804-8;428;182;1;181;121;60
280804-9;845;389;4;385;230;155
280804-10;248;191;2;189;42;147
280805-1;1148;682;3;679;287;392
280805-2;741;435;4;431;185;246
280805-3;718;409;5;404;160;244
280805-4;928;566;2;564;236;328
280805-5;843;466;3;463;230;233
280805-6;982;615;6;609;318;291
280805-7;358;192;2;190;127;63
280805-8;342;186;0;186;118;68
280805-9;48;13;0;13;3;10
280805-10;41;11;0;11;7;4
280806-1;610;328;3;325;186;139
280806-2;201;88;1;87;43;44
280806-3;836;561;5;556;237;319
280806-4;805;486;1;485;244;241
280806-5;686;311;2;309;171;138
280901-1;1511;1029;7;1022;436;586
280901-2;796;513;5;508;213;295
280901-3;830;516;1;515;216;299
280901-4;1499;970;7;963;373;590
280901-5;698;433;4;429;196;233
280901-6;794;529;4;525;188;337
280901-7;1724;1102;6;1096;415;681
280901-8;807;557;5;552;160;392
280901-9;1637;999;3;996;359;637
280901-10;1540;893;11;882;356;526
280901-11;32;14;0;14;8;6
280902-1;719;448;4;444;245;199
280902-2;850;443;1;442;262;180
280902-3;556;297;0;297;183;114
280902-4;553;311;4;307;170;137
280903-1;1409;697;5;692;328;364
280903-2;800;437;0;437;231;206
280903-3;799;492;3;489;217;272
280903-4;669;381;2;379;193;186
280903-5;616;290;4;286;156;130
280903-6;335;166;0;166;102;64
280903-7;293;152;0;152;87;65
280903-8;400;190;1;189;122;67
280904-1;1718;967;6;961;533;428
280904-2;389;188;2;186;116;70
280904-3;679;348;5;343;222;121
280905-1;1966;1089;8;1081;518;563
280905-2;1749;1160;12;1148;543;605
280905-3;1038;536;9;527;284;243
280905-4;1321;771;4;767;312;455
280905-5;1420;747;6;741;397;344
280905-6;763;393;4;389;228;161
280905-7;532;310;1;309;189;120
280905-8;626;299;4;295;188;107
281001-1;1734;1131;10;1121;403;718
281001-2;1722;1165;6;1159;410;749
281001-3;801;481;3;478;204;274
281001-4;1024;714;2;712;277;435
281001-5;1531;1017;6;1011;425;586
281001-6;1789;1079;10;1069;432;637
281001-7;1565;1017;10;1007;464;543
281001-8;1469;1001;8;993;378;615
281001-9;1735;1113;7;1106;486;620
281001-10;1487;991;14;977;426;551
281001-11;968;648;3;645;262;383
281001-12;1580;1010;9;1001;532;469
281001-13;68;36;0;36;18;18
281002-1;2075;1580;11;1569;532;1037
281002-2;2777;2107;11;2096;645;1451
281002-3;1434;928;10;918;314;604
281002-4;620;303;0;303;188;115
281002-5;766;406;2;404;178;226
281002-6;1246;915;4;911;380;531
281002-7;90;56;2;54;47;7
281003-1;968;567;3;564;262;302
281003-2;820;623;4;619;241;378
281003-3;528;343;6;337;134;203
281003-4;905;473;0;473;270;203
281003-5;964;458;1;457;259;198
281003-6;868;464;5;459;253;206
281003-7;524;361;4;357;139;218
281003-8;1167;797;4;793;309;484
281004-1;756;448;2;446;235;211
281004-2;627;337;5;332;182;150
281004-3;653;465;2;463;175;288
281004-4;550;384;2;382;205;177
281004-5;612;419;4;415;210;205
281004-6;464;253;6;247;97;150
281004-7;863;520;5;515;281;234
281004-8;1693;1029;12;1017;481;536
281004-9;839;528;3;525;309;216
281005-1;917;593;7;586;208;378
281005-2;665;413;2;411;175;236
281005-3;1305;848;4;844;477;367
281005-4;989;609;9;600;277;323
281005-5;327;188;2;186;100;86
281005-6;29;28;0;28;21;7
281101-1;608;429;5;424;260;164
281101-2;549;368;5;363;279;84
281101-3;490;289;5;284;208;76
281101-4;479;312;13;299;243;56
281101-5;396;215;4;211;166;45
281102-1;494;285;3;282;191;91
281102-2;554;350;3;347;252;95
281102-3;756;444;3;441;250;191
281102-4;314;159;2;157;120;37
281103-1;610;365;2;363;251;112
281103-2;857;513;6;507;287;220
281103-3;770;389;5;384;276;108
281103-4;366;212;1;211;165;46
281103-5;1115;566;5;561;342;219
281103-6;856;444;8;436;357;79
281104-1;2046;1335;13;1322;693;629
281104-2;922;581;4;577;286;291
281104-3;1441;924;11;913;453;460
281104-4;1561;1025;6;1019;503;516
281104-5;1366;851;15;836;435;401
281104-6;849;538;8;530;292;238
281104-7;692;442;3;439;238;201
281104-8;1669;1128;8;1120;535;585
281104-9;1161;575;4;571;322;249
281104-10;757;414;1;413;224;189
281104-11;1366;906;5;901;376;525
281104-12;436;290;3;287;221;66
281104-13;1578;886;5;881;496;385
281104-14;599;313;1;312;212;100
281104-15;55;22;0;22;14;8
281201-1;988;570;8;562;248;314
281201-2;1520;1001;5;996;483;513
281201-3;1779;1184;7;1177;618;559
281201-4;1692;1023;13;1010;479;531
281201-5;1040;671;5;666;309;357
281201-6;1137;722;10;712;355;357
281201-7;55;13;0;13;10;3
281202-1;2057;1209;8;1201;736;465
281202-2;1338;808;7;801;471;330
281202-3;993;562;5;557;401;156
281202-4;812;512;0;512;274;238
281202-5;810;517;6;511;345;166
281202-6;734;391;4;387;258;129
281202-7;687;407;1;406;255;151
281203-1;1602;1065;8;1057;834;223
281203-2;462;309;2;307;225;82
281203-3;414;291;1;290;228;62
281203-4;782;500;5;495;368;127
281203-5;437;245;2;243;200;43
281203-6;1309;830;9;821;607;214
281204-1;1160;759;4;755;570;185
281204-2;1431;964;6;958;688;270
281204-3;1486;930;7;923;683;240
281204-4;1318;810;5;805;568;237
281204-5;1494;977;11;966;608;358
281205-1;496;326;3;323;185;138
281205-2;1234;751;7;744;474;270
281205-3;1153;701;7;694;426;268
281205-4;666;434;4;430;277;153
281205-5;940;534;3;531;375;156
281205-6;747;483;3;480;275;205
281205-7;594;364;2;362;262;100
281205-8;446;277;5;272;194;78
281303-1;466;165;1;164;118;46
281303-2;1022;442;4;438;257;181
281303-3;642;329;5;324;170;154
281303-4;745;387;5;382;271;111
281303-5;946;487;4;483;278;205
281303-6;40;30;0;30;28;2
281304-1;1458;950;8;942;461;481
281304-2;1523;964;9;955;434;521
281304-3;1624;1017;18;999;482;517
281304-4;1633;981;6;975;482;493
281304-5;1094;688;4;684;335;349
281304-6;1271;833;6;827;394;433
281304-7;1599;1041;6;1035;493;542
281304-8;562;321;5;316;157;159
281304-9;1498;871;6;865;490;375
281304-10;1340;724;4;720;419;301
281304-11;608;264;5;259;158;101
281304-12;516;258;1;257;152;105
281304-13;683;377;3;374;256;118
281304-14;963;532;4;528;326;202
281304-15;102;13;0;13;8;5
281304-16;74;9;0;9;8;1
281305-1;1136;616;3;613;338;275
281305-2;567;258;4;254;142;112
281305-3;542;337;0;337;152;185
281305-4;541;301;2;299;176;123
281305-5;492;246;3;243;127;116
281306-1;559;351;2;349;199;150
281306-2;543;289;5;284;204;80
281306-3;404;218;0;218;142;76
281306-4;612;321;0;321;245;76
281306-5;479;235;2;233;183;50
281306-6;26;17;0;17;14;3
281401-1;977;611;8;603;280;323
281401-2;786;538;5;533;231;302
281401-3;969;671;7;664;252;412
281401-4;1179;759;7;752;342;410
281401-5;723;391;8;383;174;209
281401-6;868;589;7;582;228;354
281401-7;708;397;2;395;148;247
281401-8;370;209;2;207;103;104
281401-9;456;222;3;219;131;88
281401-10;688;416;1;415;214;201
281401-11;1040;653;4;649;289;360
281401-12;617;402;5;397;126;271
281401-13;298;190;3;187;77;110
281401-14;708;360;3;357;187;170
281401-15;509;400;1;399;132;267
281401-16;1022;821;11;810;232;578
281401-17;593;394;3;391;158;233
281401-18;534;318;3;315;107;208
281401-19;554;252;5;247;104;143
281401-20;133;44;4;40;27;13
281401-21;669;493;7;486;155;331
281401-22;48;8;0;8;6;2
281402-1;896;584;7;577;245;332
281402-2;1027;640;6;634;253;381
281402-3;1108;663;2;661;302;359
281402-4;801;493;6;487;194;293
281402-5;1028;636;5;631;247;384
281402-6;771;512;4;508;198;310
281402-7;1365;883;1;882;318;564
281402-8;1096;734;0;734;308;426
281402-9;955;494;5;489;211;278
281402-10;1099;630;5;625;298;327
281402-11;344;202;1;201;98;103
281402-12;620;330;0;330;109;221
281402-13;648;317;4;313;196;117
281402-14;299;143;1;142;74;68
281402-15;495;260;3;257;144;113
281402-16;591;295;2;293;170;123
281402-17;330;156;1;155;77;78
281402-18;487;247;2;245;158;87
281402-19;814;360;0;360;246;114
281402-20;136;72;0;72;46;26
281403-1;780;505;0;505;215;290
281403-2;1261;836;1;835;353;482
281403-3;1429;799;10;789;384;405
281403-4;833;480;9;471;238;233
281403-5;1629;954;11;943;439;504
281403-6;1793;1154;10;1144;599;545
281403-7;539;303;4;299;131;168
281403-8;476;318;4;314;152;162
281403-9;380;230;1;229;134;95
281403-10;358;210;4;206;103;103
281403-11;520;313;0;313;174;139
281403-12;317;146;3;143;72;71
281403-13;335;144;1;143;84;59
281403-14;520;329;3;326;140;186
281403-15;401;179;1;178;108;70
281403-16;542;269;5;264;144;120
281403-17;83;14;0;14;8;6
281403-18;14;13;0;13;4;9
281404-1;1474;1064;8;1056;348;708
281404-2;1557;1126;11;1115;287;828
281404-3;998;648;4;644;265;379
281404-4;756;487;8;479;222;257
281404-5;547;306;6;300;176;124
281404-6;812;490;12;478;208;270
281404-7;655;456;4;452;177;275
281404-8;1659;1238;17;1221;413;808
281404-9;1153;876;9;867;291;576
281404-10;63;45;0;45;22;23
281405-1;1092;800;6;794;207;587
281405-2;955;686;6;680;219;461
281405-3;706;431;3;428;144;284
281405-4;1802;1246;13;1233;575;658
281405-5;1214;653;9;644;285;359
281405-6;36;28;6;22;14;8
281406-1;1262;777;7;770;340;430
281406-2;1141;627;10;617;302;315
281406-3;389;200;0;200;121;79
281406-4;1486;754;3;751;405;346
281406-5;833;424;2;422;275;147
281406-6;790;390;0;390;275;115
281406-7;84;55;5;50;25;25
281406-8;48;48;2;46;32;14
281407-1;1696;1203;14;1189;350;839
281407-2;1299;783;8;775;341;434
281407-3;795;466;2;464;178;286
281407-4;1204;739;4;735;265;470
281407-5;873;555;8;547;164;383
281407-6;49;27;0;27;15;12
281408-1;952;469;3;466;254;212
281408-2;837;500;1;499;284;215
281408-3;772;404;11;393;243;150
281409-1;651;471;3;468;148;320
281409-2;627;381;3;378;175;203
281409-3;759;489;5;484;249;235
281409-4;674;423;10;413;202;211
281409-5;856;497;4;493;232;261
281409-6;907;546;7;539;258;281
281409-7;703;469;4;465;171;294
281409-8;608;388;5;383;162;221
281409-9;283;138;0;138;90;48
281409-10;346;204;0;204;86;118
281409-11;713;449;2;447;184;263
281409-12;1038;775;5;770;231;539
281409-13;773;485;9;476;232;244
281409-14;933;565;4;561;243;318
281409-15;608;359;1;358;197;161
281409-16;398;275;2;273;142;131
281409-17;418;202;1;201;124;77
281409-18;320;183;1;182;99;83
281409-19;138;49;1;48;40;8
281410-1;1558;976;8;968;415;553
281410-2;284;156;0;156;56;100
281410-3;1026;728;6;722;249;473
281410-4;1255;830;6;824;323;501
281410-5;2217;1499;8;1491;628;863
281410-6;675;413;5;408;155;253
281411-1;1722;1376;16;1360;285;1075
281411-2;815;594;2;592;184;408
281411-3;565;398;5;393;153;240
281411-4;744;619;7;612;162;450
281411-5;728;598;2;596;127;469
281411-6;1178;917;13;904;328;576
281411-7;1238;923;6;917;230;687
281411-8;1574;1177;12;1165;319;846
281411-9;594;411;3;408;147;261
281412-1;676;423;1;422;220;202
281412-2;764;406;1;405;220;185
281412-3;562;326;3;323;190;133
281412-4;354;153;0;153;98;55
281412-5;464;251;2;249;149;100
281412-6;294;137;0;137;74;63
281501-1;1136;843;11;832;325;507
281501-2;1237;833;1;832;295;537
281501-3;1621;1187;11;1176;453;723
281501-4;1151;523;6;517;222;295
281501-5;1487;934;3;931;369;562
281501-6;1562;934;10;924;384;540
281501-7;1593;1074;9;1065;386;679
281501-8;1777;1168;6;1162;431;731
281501-9;1875;1126;5;1121;440;681
281501-10;1493;1028;11;1017;311;706
281501-11;937;638;4;634;277;357
281501-12;1275;828;4;824;368;456
281501-13;1260;901;4;897;337;560
281501-14;1026;722;3;719;297;422
281501-15;1776;1134;14;1120;459;661
281501-16;1191;778;4;774;271;503
281501-17;1445;1081;6;1075;403;672
281501-18;1404;1014;9;1005;333;672
281501-19;14;10;0;10;5;5
281502-1;1622;999;7;992;514;478
281502-2;275;124;0;124;72;52
281502-3;1034;513;4;509;340;169
281502-4;594;366;2;364;241;123
281503-1;1388;757;6;751;390;361
281503-2;1394;877;5;872;445;427
281503-3;852;459;1;458;297;161
281503-4;613;381;0;381;263;118
281504-1;2524;1571;17;1554;587;967
281504-2;868;424;4;420;233;187
281504-3;507;334;2;332;118;214
281505-1;779;471;6;465;189;276
281505-2;2139;1154;6;1148;554;594
281505-3;926;468;2;466;289;177
281505-4;1152;522;0;522;287;235
281506-1;2081;1239;9;1230;629;601
281506-2;1165;516;6;510;307;203
281506-3;591;316;3;313;154;159
281506-4;335;153;4;149;94;55
281506-5;224;124;0;124;78;46
281507-1;2141;1359;10;1349;515;834
281507-2;963;514;3;511;256;255
281507-3;398;280;1;279;102;177
281507-4;511;269;0;269;131;138
281507-5;311;188;2;186;104;82
281508-1;1124;676;4;672;279;393
281508-2;803;542;7;535;207;328
281508-3;809;497;8;489;186;303
281508-4;962;609;3;606;261;345
281508-5;673;402;3;399;164;235
281508-6;793;468;1;467;198;269
281508-7;863;509;6;503;248;255
281508-8;951;603;1;602;235;367
281508-9;637;421;3;418;154;264
281508-10;767;550;6;544;227;317
281508-11;1078;729;3;726;277;449
281508-12;1552;1114;10;1104;414;690
281508-13;1359;930;4;926;360;566
281508-14;700;393;6;387;209;178
281508-15;683;405;1;404;251;153
281508-16;980;494;3;491;253;238
281508-17;883;449;5;444;248;196
281508-18;941;499;2;497;319;178
281508-19;876;431;5;426;269;157
281508-20;939;464;2;462;314;148
281508-21;874;568;3;565;247;318
281508-22;104;38;0;38;27;11
281509-1;923;468;6;462;291;171
281509-2;1048;607;5;602;318;284
281509-3;858;464;3;461;235;226
281509-4;1345;910;10;900;303;597
281509-5;630;373;4;369;158;211
281509-6;1034;669;13;656;260;396
281509-7;1018;720;8;712;237;475
281509-8;879;530;3;527;287;240
281509-9;1218;764;6;758;369;389
281509-10;504;292;3;289;171;118
281509-11;549;346;8;338;228;110
281509-12;498;276;0;276;178;98
281509-13;676;424;0;424;250;174
281509-14;583;330;0;330;216;114
281509-15;1022;650;5;645;209;436
281601-1;1289;702;5;697;475;222
281601-2;1765;1030;5;1025;597;428
281601-3;431;184;1;183;115;68
281601-4;1665;842;3;839;578;261
281601-5;486;233;0;233;200;33
281601-6;484;238;2;236;192;44
281601-7;791;435;4;431;374;57
281601-8;1137;542;2;540;381;159
281601-9;848;441;1;440;249;191
281602-1;1449;795;7;788;497;291
281602-2;1620;970;13;957;452;505
281602-3;1404;896;6;890;406;484
281602-4;614;366;1;365;171;194
281602-5;1122;683;7;676;345;331
281602-6;665;446;4;442;179;263
281602-7;459;278;3;275;160;115
281602-8;436;230;3;227;149;78
281603-1;953;645;5;640;260;380
281603-2;779;552;2;550;270;280
281603-3;1096;764;5;759;355;404
281603-4;690;380;5;375;257;118
281603-5;1564;951;11;940;540;400
281603-6;472;258;2;256;202;54
281603-7;737;365;3;362;288;74
281603-8;1302;778;7;771;445;326
281603-9;1842;1065;7;1058;641;417
281603-10;1852;1033;7;1026;644;382
281603-11;1064;667;4;663;317;346
281603-12;2027;1187;11;1176;662;514
281603-13;1996;1167;11;1156;596;560
281603-14;873;526;5;521;322;199
281603-15;1871;1111;8;1103;678;425
281603-16;2108;1284;13;1271;724;547
281603-17;1199;788;12;776;408;368
281603-18;122;21;0;21;16;5
281604-1;1302;960;7;953;330;623
281604-2;1095;736;7;729;348;381
281604-3;1381;967;7;960;413;547
281604-4;995;697;4;693;317;376
281604-5;1391;1077;8;1069;371;698
281604-6;1407;973;5;968;391;577
281604-7;1030;627;5;622;332;290
281604-8;882;705;13;692;196;496
281604-9;41;20;1;19;18;1
281701-1;929;654;2;652;275;377
281701-2;804;595;10;585;221;364
281701-3;812;521;0;521;233;288
281701-4;642;447;0;447;185;262
281701-5;1136;736;11;725;368;357
281701-6;798;558;4;554;259;295
281701-7;1330;915;6;909;423;486
281701-8;1097;783;5;778;406;372
281701-9;1451;945;3;942;485;457
281701-10;1108;709;6;703;333;370
281701-11;1264;825;4;821;405;416
281701-12;1159;758;7;751;369;382
281701-13;1388;865;3;862;403;459
281701-14;1121;710;12;698;335;363
281701-15;998;688;7;681;317;364
281701-16;784;465;2;463;189;274
281701-17;1378;925;12;913;452;461
281701-18;103;31;0;31;25;6
281701-19;90;28;1;27;16;11
281701-20;109;64;0;64;31;33
281702-1;1654;898;8;890;478;412
281702-2;1495;910;3;907;463;444
281702-3;463;276;5;271;163;108
281702-4;667;341;4;337;212;125
281702-5;1397;816;7;809;431;378
281703-1;1258;857;5;852;395;457
281703-2;1584;1153;12;1141;424;717
281703-3;706;415;3;412;214;198
281703-4;644;377;6;371;202;169
281704-1;490;305;11;294;218;76
281704-2;440;287;3;284;134;150
281704-3;487;329;5;324;161;163
281704-4;876;573;5;568;208;360
281704-5;418;246;3;243;132;111
281704-6;644;440;5;435;208;227
281704-7;1049;683;4;679;319;360
281704-8;752;559;10;549;199;350
281705-1;992;548;2;546;457;89
281705-2;1182;704;6;698;439;259
281705-3;477;249;3;246;185;61
281705-4;658;359;4;355;277;78
281705-5;295;159;2;157;112;45
281705-6;402;220;1;219;164;55
281705-7;415;204;3;201;162;39
281706-1;1517;1067;18;1049;489;560
281706-2;691;437;4;433;229;204
281706-3;1044;762;7;755;320;435
281706-4;760;528;5;523;223;300
281706-5;896;524;1;523;257;266
281706-6;1075;589;3;586;436;150
281706-7;696;449;9;440;291;149
281706-8;721;388;1;387;199;188
281706-9;888;633;3;630;334;296
281706-10;1321;826;9;817;415;402
281706-11;869;522;5;517;309;208
281707-1;1145;737;8;729;439;290
281707-2;688;421;4;417;230;187
281707-3;1691;1136;6;1130;443;687
281707-4;657;390;2;388;277;111
281707-5;836;471;3;468;334;134
281707-6;686;532;0;532;202;330
281707-7;18;12;0;12;9;3
281708-1;934;534;3;531;302;229
281708-2;739;406;4;402;248;154
281708-3;997;525;5;520;337;183
281708-4;1016;535;3;532;314;218
281708-5;433;227;0;227;167;60
281708-6;959;455;2;453;351;102
281801-1;1061;606;5;601;232;369
281801-2;659;335;0;335;180;155
281801-3;541;273;1;272;151;121
281801-4;768;401;2;399;223;176
281802-1;995;562;3;559;317;242
281802-2;470;240;1;239;145;94
281802-3;900;468;2;466;305;161
281803-1;692;316;2;314;160;154
281803-2;409;217;0;217;153;64
281803-3;339;166;1;165;92;73
281803-4;514;302;0;302;184;118
281803-5;857;427;2;425;202;223
281803-6;553;267;2;265;162;103
281803-7;726;357;1;356;201;155
281803-8;704;333;1;332;167;165
281803-9;1733;989;7;982;369;613
281803-10;1430;873;6;867;372;495
281803-11;1131;706;4;702;278;424
281803-12;1396;911;9;902;361;541
281803-13;1331;800;4;796;353;443
281803-14;1285;744;9;735;328;407
281803-15;2080;1290;14;1276;470;806
281803-16;29;18;0;18;6;12
281803-17;298;228;2;226;111;115
281901-1;715;385;3;382;225;157
281901-2;739;330;1;329;219;110
281901-3;485;300;1;299;194;105
281901-4;379;197;0;197;128;69
281902-1;928;588;12;576;295;281
281902-2;1035;643;2;641;273;368
281902-3;1048;690;11;679;313;366
281903-1;1143;856;1;855;274;581
281903-2;903;620;5;615;214;401
281903-3;907;616;15;601;217;384
281903-4;1173;877;11;866;257;609
281903-5;802;510;4;506;191;315
281903-6;883;540;5;535;191;344
281903-7;989;620;6;614;268;346
281903-8;740;467;5;462;210;252
281903-9;918;610;3;607;267;340
281903-10;1020;684;7;677;233;444
281903-11;727;376;1;375;206;169
281903-12;1112;671;4;667;249;418
281903-13;1060;672;7;665;249;416
281903-14;739;420;2;418;193;225
281903-15;966;529;0;529;238;291
281903-16;100;47;1;46;36;10
281903-17;69;36;0;36;23;13
281903-18;101;42;1;41;37;4
281903-19;47;25;0;25;22;3
286101-1;1777;1189;6;1183;529;654
286101-2;1683;1178;12;1166;603;563
286101-3;1262;840;4;836;394;442
286101-4;1696;1100;8;1092;519;573
286101-5;1609;1057;7;1050;460;590
286101-6;1472;980;6;974;336;638
286101-7;763;386;4;382;197;185
286101-8;1462;952;7;945;365;580
286101-9;615;421;5;416;149;267
286101-10;1296;885;7;878;352;526
286101-11;1606;1102;8;1094;498;596
286101-12;2097;1522;3;1519;643;876
286101-13;2167;1501;9;1492;501;991
286101-14;2008;1420;15;1405;583;822
286101-15;1809;1130;15;1115;432;683
286101-16;1799;1258;8;1250;526;724
286101-17;1428;1021;9;1012;368;644
286101-18;1694;1091;9;1082;512;570
286101-19;1583;1104;4;1100;377;723
286101-20;1612;1028;9;1019;414;605
286101-21;1740;1098;14;1084;435;649
286101-22;1960;1257;10;1247;521;726
286101-23;1494;963;4;959;422;537
286101-24;1788;1143;11;1132;537;595
286101-25;1676;946;10;936;485;451
286101-26;1544;1019;11;1008;369;639
286101-27;1623;1032;11;1021;331;690
286101-28;1386;949;9;940;397;543
286101-29;1240;780;8;772;363;409
286101-30;105;40;1;39;27;12
286101-31;1384;840;6;834;376;458
286101-32;1351;919;11;908;385;523
286101-33;1515;975;10;965;405;560
286101-34;1610;1067;6;1061;485;576
286101-35;2196;1447;12;1435;548;887
286101-36;1193;743;7;736;353;383
286101-37;1582;1015;11;1004;436;568
286101-38;1746;1103;8;1095;477;618
286101-39;1780;1145;9;1136;478;658
286101-40;1303;857;9;848;376;472
286101-41;1369;979;12;967;318;649
286101-42;1755;1215;5;1210;454;756
286101-43;1621;986;9;977;474;503
286101-44;1072;706;8;698;295;403
286101-45;1575;1006;11;995;388;607
286101-46;1621;842;6;836;428;408
286101-47;912;491;4;487;214;273
286101-48;1831;1083;10;1073;541;532
286101-49;1709;1029;13;1016;372;644
286101-50;1281;682;11;671;325;346
286101-51;1613;1026;12;1014;450;564
286101-52;1273;799;9;790;371;419
286101-53;1371;843;7;836;399;437
286101-54;1980;1393;20;1373;608;765
286101-55;1384;917;12;905;399;506
286101-56;1699;1118;9;1109;486;623
286101-57;1247;840;2;838;360;478
286101-58;361;177;2;175;85;90
286101-59;60;30;0;30;13;17
286101-60;96;55;1;54;38;16
286101-61;23;7;1;6;5;1
286101-62;255;186;3;183;63;120
286201-1;978;574;4;570;197;373
286201-2;657;430;8;422;124;298
286201-3;975;600;4;596;219;377
286201-4;888;640;4;636;261;375
286201-5;1184;819;9;810;289;521
286201-6;824;584;10;574;212;362
286201-7;1361;935;4;931;333;598
286201-8;757;550;4;546;214;332
286201-9;1507;1000;13;987;395;592
286201-10;1335;1067;5;1062;342;720
286201-11;2012;1453;14;1439;568;871
286201-12;1304;919;5;914;361;553
286201-13;1622;1095;11;1084;417;667
286201-14;1277;868;7;861;302;559
286201-15;1369;929;9;920;313;607
286201-16;1701;1300;17;1283;381;902
286201-17;1274;1081;12;1069;279;790
286201-18;1852;1378;11;1367;487;880
286201-19;1701;1206;13;1193;441;752
286201-20;1313;1044;13;1031;305;726
286201-21;1748;1398;15;1383;332;1051
286201-22;1352;956;7;949;363;586
286201-23;1534;1131;5;1126;418;708
286201-24;1664;1336;7;1329;483;846
286201-25;1001;780;4;776;210;566
286201-26;1111;897;5;892;266;626
286201-27;639;536;7;529;228;301
286201-28;877;509;5;504;208;296
286201-29;1061;627;15;612;230;382
286201-30;1172;763;7;756;288;468
286201-31;1292;863;3;860;347;513
286201-32;1267;817;3;814;315;499
286201-33;1562;1059;8;1051;368;683
286201-34;991;684;13;671;258;413
286201-35;1144;715;8;707;329;378
286201-36;1098;761;6;755;330;425
286201-37;1226;886;9;877;377;500
286201-38;1375;957;6;951;333;618
286201-39;949;681;3;678;243;435
286201-40;1429;985;12;973;397;576
286201-41;1435;976;4;972;356;616
286201-42;1366;952;8;944;416;528
286201-43;1391;981;3;978;361;617
286201-44;1144;795;2;793;307;486
286201-45;1267;893;10;883;333;550
286201-46;1999;1423;6;1417;524;893
286201-47;1766;1306;11;1295;514;781
286201-48;2319;1714;9;1705;637;1068
286201-49;1561;1103;5;1098;426;672
286201-50;2532;1813;14;1799;601;1198
286201-51;1528;1051;10;1041;414;627
286201-52;1864;1360;9;1351;415;936
286201-53;1246;925;5;920;349;571
286201-54;2457;1867;25;1842;595;1247
286201-55;1871;1417;8;1409;411;998
286201-56;1425;1041;5;1036;293;743
286201-57;1506;1133;10;1123;263;860
286201-58;1232;929;4;925;296;629
286201-59;1818;1307;12;1295;371;924
286201-60;1945;1534;12;1522;423;1099
286201-61;1538;1151;20;1131;395;736
286201-62;832;624;4;620;210;410
286201-63;1581;1176;10;1166;389;777
286201-64;1758;1291;11;1280;419;861
286201-65;1569;1164;5;1159;432;727
286201-66;1628;1139;8;1131;482;649
286201-67;1541;1122;9;1113;406;707
286201-68;1387;1044;7;1037;392;645
286201-69;1266;924;6;918;334;584
286201-70;1739;1264;11;1253;431;822
286201-71;2150;1634;11;1623;512;1111
286201-72;1993;1505;14;1491;546;945
286201-73;1874;1418;15;1403;442;961
286201-74;2080;1552;16;1536;579;957
286201-75;1280;789;9;780;333;447
286201-76;1893;1278;19;1259;481;778
286201-77;1368;821;1;820;349;471
286201-78;1859;1218;8;1210;448;762
286201-79;1938;1187;10;1177;460;717
286201-80;918;612;4;608;171;437
286201-81;1002;671;8;663;273;390
286201-82;1856;1131;15;1116;440;676
286201-83;2136;1375;9;1366;520;846
286201-84;2413;1686;13;1673;609;1064
286201-85;1367;843;7;836;348;488
286201-86;932;630;7;623;278;345
286201-87;1140;806;9;797;277;520
286201-88;223;66;0;66;31;35
286201-89;53;20;1;19;8;11
286201-90;391;108;0;108;54;54
286201-91;214;50;1;49;30;19
286201-92;187;88;1;87;52;35
286201-93;145;69;0;69;39;30
286201-94;96;46;0;46;21;25
286201-95;183;104;5;99;72;27
286201-96;118;45;1;44;33;11
286201-97;87;31;2;29;15;14
286201-98;35;13;1;12;8;4
286201-99;59;31;1;30;26;4
286201-100;166;142;6;136;51;85
286201-101;204;145;5;140;66;74
300101-1;2074;1487;12;1475;491;984
300101-2;1852;1309;8;1301;391;910
300101-3;1845;1373;9;1364;405;959
300101-4;1738;1197;12;1185;456;729
300101-5;1746;1197;13;1184;379;805
300101-6;1753;1201;16;1185;389;796
300101-7;1078;767;8;759;238;521
300101-8;1999;1434;8;1426;464;962
300101-9;104;48;0;48;29;19
300101-10;123;64;4;60;30;30
300101-11;167;64;1;63;39;24
300102-1;1434;1019;4;1015;409;606
300102-2;2004;1398;9;1389;521;868
300102-3;1228;692;2;690;335;355
300102-4;705;356;2;354;198;156
300102-5;1108;651;8;643;347;296
300103-1;898;696;2;694;229;465
300103-2;662;423;6;417;143;274
300103-3;933;589;7;582;271;311
300103-4;386;265;3;262;109;153
300103-5;532;336;7;329;138;191
300103-6;333;216;1;215;74;141
300103-7;251;159;0;159;70;89
300103-8;599;400;0;400;185;215
300104-1;1682;1267;18;1249;413;836
300104-2;1148;894;13;881;450;431
300104-3;425;270;3;267;162;105
300104-4;419;297;1;296;94;202
300104-5;401;268;8;260;170;90
300104-6;528;363;4;359;128;231
300104-7;276;203;0;203;91;112
300105-1;1497;986;6;980;415;565
300105-2;1760;1055;8;1047;471;576
300105-3;1234;668;5;663;431;232
300105-4;506;296;0;296;162;134
300105-5;809;554;5;549;207;342
300201-1;1608;1140;6;1134;428;706
300201-2;1680;1188;12;1176;438;738
300201-3;1597;993;7;986;363;623
300201-4;1764;1291;11;1280;461;819
300201-5;1554;1072;13;1059;375;684
300201-6;20;6;0;6;2;4
300202-1;646;426;6;420;230;190
300202-2;695;462;5;457;246;211
300202-3;838;548;9;539;326;213
300202-4;641;458;1;457;215;242
300202-5;987;682;8;674;296;378
300202-6;877;573;7;566;288;278
300202-7;752;474;1;473;201;272
300202-8;974;555;1;554;275;279
300202-9;1077;614;3;611;260;351
300202-10;619;371;3;368;213;155
300202-11;607;389;0;389;178;211
300203-1;1283;824;5;819;420;399
300203-2;777;517;1;516;276;240
300203-3;664;449;0;449;254;195
300203-4;798;541;3;538;336;202
300203-5;1205;769;5;764;437;327
300204-1;2106;1311;12;1299;527;772
300204-2;1660;1010;9;1001;526;475
300204-3;1943;1222;11;1211;488;723
300204-4;509;302;6;296;157;139
300204-5;564;327;3;324;171;153
300205-1;1232;816;6;810;376;434
300205-2;1176;875;14;861;340;521
300205-3;848;519;3;516;292;224
300205-4;656;446;8;438;195;243
300205-5;649;445;1;444;239;205
300205-6;1253;809;8;801;350;451
300206-1;1947;1356;14;1342;723;619
300206-2;703;460;2;458;290;168
300206-3;1456;916;12;904;537;367
300206-4;642;429;7;422;252;170
300207-1;2281;1572;8;1564;532;1032
300207-2;2124;1388;12;1376;510;866
300207-3;1923;1401;14;1387;428;959
300207-4;2130;1357;9;1348;468;880
300207-5;2177;1576;15;1561;576;985
300207-6;1974;1323;5;1318;464;854
300207-7;1099;649;5;644;324;320
300207-8;1408;877;7;870;378;492
300207-9;709;394;0;394;171;223
300207-10;582;368;2;366;199;167
300207-11;483;297;1;296;160;136
300207-12;691;462;3;459;146;313
300207-13;422;242;1;241;88;153
300207-14;62;38;2;36;21;15
300208-1;1545;950;8;942;507;435
300208-2;424;297;3;294;214;80
300208-3;1955;1364;2;1362;636;726
300208-4;1175;721;4;717;338;379
300208-5;1028;689;5;684;263;421
300208-6;963;555;3;552;302;250
300208-7;750;421;1;420;237;183
300208-8;765;468;0;468;235;233
300208-9;786;515;3;512;248;264
300208-10;156;118;4;114;110;4
300301-1;735;431;3;428;175;253
300301-2;1340;874;6;868;323;545
300301-3;1257;822;7;815;345;470
300301-4;714;415;0;415;163;252
300301-5;1086;656;5;651;260;391
300301-6;1059;592;8;584;262;322
300301-7;2039;1123;9;1114;501;613
300301-8;2069;1226;10;1216;601;615
300301-9;2135;1570;14;1556;648;908
300301-10;1523;1090;7;1083;356;727
300301-11;1314;968;2;966;403;563
300301-12;2087;1483;9;1474;527;947
300301-13;1215;865;8;857;365;492
300301-14;1201;907;7;900;409;491
300301-15;1104;695;7;688;254;434
300301-16;1452;966;9;957;384;573
300301-17;1105;661;2;659;315;344
300301-18;1185;950;7;943;439;504
300301-19;1176;844;3;841;352;489
300301-20;1211;867;8;859;275;584
300301-21;2112;1483;11;1472;584;888
300301-22;2165;1572;16;1556;656;900
300301-23;1198;823;7;816;311;505
300301-24;1173;806;6;800;339;461
300301-25;1213;830;9;821;322;499
300301-26;1134;791;8;783;266;517
300301-27;2234;1599;8;1591;570;1021
300301-28;1914;1428;12;1416;544;872
300301-29;715;541;2;539;171;368
300301-30;2132;1549;5;1544;635;909
300301-31;1769;1287;9;1278;492;786
300301-32;1778;1309;5;1304;530;774
300301-33;1905;1396;10;1386;587;799
300301-34;1201;849;7;842;370;472
300301-35;1100;802;7;795;334;461
300301-36;581;227;3;224;148;76
300301-37;76;35;0;35;21;14
300301-38;59;39;0;39;20;19
300301-39;67;49;0;49;34;15
300302-1;2043;1373;15;1358;692;666
300302-2;798;520;8;512;302;210
300302-3;1488;1019;4;1015;563;452
300302-4;1173;705;10;695;478;217
300302-5;641;498;8;490;213;277
300303-1;2002;1434;9;1425;631;794
300303-2;2208;1573;9;1564;638;926
300303-3;1725;1263;14;1249;540;709
300303-4;1618;1107;12;1095;514;581
300303-5;1649;1055;3;1052;595;457
300304-1;1020;725;11;714;349;365
300304-2;1041;669;6;663;351;312
300304-3;1152;744;3;741;461;280
300304-4;1033;636;1;635;318;317
300305-1;1148;767;11;756;368;388
300305-2;852;625;4;621;307;314
300305-3;892;608;9;599;372;227
300305-4;798;505;4;501;332;169
300305-5;1131;770;4;766;512;254
300305-6;920;608;5;603;363;240
300306-1;1486;1030;10;1020;430;590
300306-2;1597;1116;11;1105;458;647
300306-3;1101;812;10;802;425;377
300306-4;880;613;4;609;392;217
300307-1;835;534;5;529;273;256
300307-2;768;460;4;456;277;179
300307-3;595;382;7;375;234;141
300307-4;852;546;3;543;367;176
300308-1;1589;1149;4;1145;653;492
300308-2;1112;659;9;650;462;188
300308-3;1845;1277;8;1269;703;566
300309-1;1523;946;12;934;464;470
300309-2;1148;763;9;754;396;358
300309-3;1563;1014;12;1002;509;493
300309-4;1547;946;9;937;465;472
300309-5;1234;744;2;742;418;324
300309-6;385;240;2;238;160;78
300309-7;449;287;3;284;136;148
300309-8;737;393;3;390;194;196
300309-9;800;443;1;442;255;187
300309-10;1140;701;10;691;471;220
300309-11;308;180;0;180;65;115
300309-12;6;5;0;5;2;3
300310-1;1388;955;7;948;340;608
300310-2;1216;897;4;893;302;591
300310-3;1486;1072;7;1065;695;370
300310-4;762;495;6;489;306;183
300310-5;875;545;7;538;355;183
300310-6;668;419;0;419;299;120
300310-7;796;526;0;526;371;155
300310-8;1624;1130;11;1119;614;505
300310-9;1280;949;9;940;443;497
300310-10;644;461;7;454;157;297
300401-1;1208;801;8;793;357;436
300401-2;1348;917;6;911;494;417
300401-3;1240;684;0;684;486;198
300401-4;734;413;2;411;320;91
300401-5;1275;768;5;763;508;255
300402-1;920;645;5;640;318;322
300402-2;834;512;9;503;221;282
300402-3;1047;717;6;711;318;393
300402-4;924;629;6;623;302;321
300402-5;1279;929;9;920;375;545
300402-6;939;638;5;633;321;312
300402-7;1089;748;16;732;351;381
300402-8;953;650;7;643;283;360
300402-9;1088;754;7;747;390;357
300402-10;996;627;2;625;307;318
300402-11;1088;696;7;689;314;375
300402-12;1027;712;5;707;360;347
300402-13;1280;922;11;911;393;518
300402-14;1249;864;9;855;366;489
300402-15;855;570;5;565;253;312
300402-16;787;490;6;484;316;168
300402-17;675;439;4;435;306;129
300402-18;977;605;11;594;360;234
300402-19;1104;713;7;706;424;282
300402-20;716;384;2;382;217;165
300402-21;938;587;4;583;435;148
300402-22;745;461;6;455;284;171
300402-23;53;22;0;22;12;10
300403-1;1350;871;2;869;477;392
300403-2;1980;1276;11;1265;634;631
300403-3;1807;1119;4;1115;930;185
300403-4;1850;1138;17;1121;669;452
300403-5;648;287;0;287;191;96
300403-6;752;480;2;478;355;123
300403-7;768;402;5;397;283;114
300403-8;691;387;4;383;279;104
300403-9;99;35;0;35;29;6
300404-1;1472;1017;20;997;580;417
300404-2;1111;722;5;717;474;243
300404-3;1032;711;8;703;510;193
300404-4;1053;697;5;692;520;172
300405-1;1520;1045;8;1037;480;557
300405-2;951;624;4;620;277;343
300405-3;1341;808;8;800;544;256
300405-4;868;523;5;518;324;194
300405-5;844;497;4;493;383;110
300405-6;1105;707;7;700;473;227
300405-7;111;38;1;37;20;17
300405-8;44;11;0;11;5;6
300406-1;1623;1014;9;1005;497;508
300406-2;731;460;2;458;349;109
300406-3;559;356;2;354;270;84
300406-4;938;460;5;455;291;164
300407-1;2238;1466;20;1446;741;705
300407-2;1593;851;10;841;545;296
300407-3;1122;666;5;661;512;149
300407-4;426;258;1;257;171;86
300407-5;635;334;2;332;243;89
300501-1;1135;807;13;794;448;346
300501-2;922;716;13;703;367;336
300501-3;454;282;3;279;197;82
300501-4;1316;813;11;802;521;281
300502-1;2059;1491;13;1478;613;865
300502-2;1987;1369;8;1361;592;769
300502-3;1155;750;3;747;362;385
300502-4;1958;1436;11;1425;587;838
300502-5;2074;1446;21;1425;612;813
300502-6;967;599;7;592;356;236
300502-7;2151;1262;6;1256;700;556
300502-8;1773;1153;6;1147;531;616
300502-9;845;490;4;486;275;211
300502-10;66;30;0;30;17;13
300503-1;969;712;6;706;327;379
300503-2;966;558;2;556;346;210
300503-3;1127;704;10;694;412;282
300503-4;950;597;1;596;368;228
300503-5;1000;663;5;658;436;222
300504-1;1860;1275;13;1262;618;644
300504-2;2185;1470;20;1450;746;704
300504-3;1848;1208;17;1191;573;618
300504-4;2157;1317;15;1302;660;642
300504-5;1279;767;8;759;449;310
300504-6;607;365;2;363;257;106
300505-1;1388;958;9;949;455;494
300505-2;792;519;6;513;328;185
300505-3;1256;885;9;876;582;294
300505-4;1374;872;9;863;535;328
300505-5;513;320;2;318;177;141
300601-1;541;354;4;350;243;107
300601-2;1854;1282;13;1269;908;361
300601-3;1484;940;7;933;585;348
300601-4;756;521;3;518;355;163
300601-5;1089;627;2;625;423;202
300601-6;516;343;1;342;229;113
300602-1;1777;1177;12;1165;682;483
300602-2;2244;1430;14;1416;807;609
300602-3;2170;1447;11;1436;952;484
300602-4;2122;1330;17;1313;782;531
300602-5;2983;1827;13;1814;1104;710
300602-6;1726;1171;9;1162;633;529
300602-7;1875;1179;6;1173;632;541
300602-8;2710;1855;15;1840;807;1033
300602-9;1309;941;8;933;407;526
300602-10;2809;1886;18;1868;810;1058
300602-11;1516;1066;9;1057;466;591
300602-12;2989;1863;12;1851;970;881
300602-13;1797;1171;16;1155;546;609
300602-14;1627;1137;7;1130;513;617
300602-15;1847;1307;13;1294;575;719
300602-16;1976;1378;15;1363;566;797
300602-17;1366;1009;11;998;393;605
300602-18;100;38;2;36;26;10
300603-1;1206;780;8;772;446;326
300603-2;1318;909;11;898;481;417
300603-3;979;630;10;620;452;168
300603-4;863;549;2;547;397;150
300603-5;1127;661;6;655;465;190
300604-1;1681;1276;16;1260;655;605
300604-2;775;507;2;505;351;154
300604-3;1194;766;3;763;555;208
300604-4;998;607;2;605;416;189
300604-5;510;297;3;294;230;64
300604-6;1778;1136;8;1128;801;327
300604-7;592;382;1;381;302;79
300604-8;532;345;2;343;275;68
300701-1;991;590;8;582;374;208
300701-2;977;559;8;551;357;194
300701-3;880;596;6;590;387;203
300701-4;619;400;2;398;265;133
300701-5;1902;1357;13;1344;765;579
300701-6;1013;725;4;721;349;372
300701-7;1087;664;3;661;462;199
300701-8;463;306;2;304;209;95
300702-1;939;635;3;632;390;242
300702-2;676;519;3;516;340;176
300702-3;568;352;0;352;242;110
300702-4;679;434;5;429;333;96
300702-5;584;355;6;349;280;69
300702-6;716;526;2;524;386;138
300702-7;475;284;2;282;213;69
300703-1;1729;1120;10;1110;732;378
300703-2;806;514;5;509;328;181
300703-3;915;619;7;612;381;231
300703-4;321;216;6;210;165;45
300704-1;1050;679;6;673;488;185
300704-2;1081;747;8;739;512;227
300704-3;1021;637;5;632;452;180
300704-4;1076;789;4;785;384;401
300704-5;788;491;5;486;347;139
300704-6;435;318;0;318;217;101
300704-7;449;282;0;282;237;45
300704-8;1036;707;10;697;466;231
300704-9;613;458;3;455;226;229
300705-1;1544;1068;14;1054;638;416
300705-2;1290;788;7;781;530;251
300705-3;1476;928;1;927;687;240
300705-4;852;561;6;555;423;132
300705-5;862;588;8;580;453;127
300706-1;915;551;6;545;411;134
300706-2;1019;690;3;687;534;153
300706-3;1569;995;19;976;626;350
300706-4;594;398;2;396;303;93
300706-5;39;31;0;31;29;2
300707-1;1406;883;11;872;610;262
300707-2;1236;808;8;800;624;176
300707-3;1239;763;14;749;546;203
300708-1;1619;1146;18;1128;640;488
300708-2;1254;859;7;852;534;318
300708-3;1419;1089;7;1082;607;475
300708-4;756;517;0;517;406;111
300708-5;1909;1355;13;1342;799;543
300708-6;1458;1023;16;1007;752;255
300709-1;1181;828;20;808;505;303
300709-2;2146;1412;17;1395;932;463
300709-3;2285;1529;17;1512;936;576
300710-1;1441;992;10;982;750;232
300710-2;1241;933;20;913;703;210
300710-3;1432;974;5;969;726;243
300710-4;2071;1411;11;1400;1154;246
300711-1;1266;918;8;910;597;313
300711-2;1106;774;6;768;549;219
300711-3;1224;879;5;874;493;381
300711-4;509;332;5;327;218;109
300711-5;936;623;4;619;409;210
300711-6;1155;867;2;865;472;393
300711-7;760;549;5;544;362;182
300711-8;507;323;3;320;244;76
300801-1;1518;1121;8;1113;449;664
300801-2;813;543;3;540;316;224
300801-3;664;441;3;438;299;139
300801-4;1237;834;12;822;472;350
300801-5;1043;628;9;619;364;255
300801-6;698;472;0;472;345;127
300802-1;1196;896;4;892;409;483
300802-2;971;671;3;668;281;387
300802-3;551;362;2;360;228;132
300802-4;662;457;0;457;278;179
300802-5;692;439;5;434;229;205
300802-6;329;216;2;214;146;68
300802-7;226;166;0;166;92;74
300803-1;2096;1483;16;1467;640;827
300803-2;2290;1732;5;1727;633;1094
300803-3;744;513;4;509;187;322
300803-4;1876;1181;3;1178;508;670
300803-5;1021;757;4;753;275;478
300803-6;2043;1403;10;1393;600;793
300803-7;1918;1299;8;1291;623;668
300803-8;1126;758;2;756;363;393
300803-9;355;222;1;221;151;70
300803-10;846;555;5;550;315;235
300803-11;843;547;4;543;314;229
300803-12;815;527;4;523;262;261
300803-13;631;395;1;394;261;133
300803-14;916;570;1;569;368;201
300803-15;1305;828;11;817;489;328
300803-16;58;24;0;24;15;9
300803-17;39;21;1;20;17;3
300804-1;1518;998;8;990;575;415
300804-2;991;685;11;674;381;293
300804-3;1606;1046;12;1034;667;367
300805-1;1319;864;8;856;410;446
300805-2;968;619;6;613;385;228
300805-3;662;374;5;369;194;175
300806-1;1322;861;6;855;459;396
300806-2;414;248;0;248;194;54
300806-3;412;245;0;245;160;85
300806-4;887;511;5;506;330;176
300807-1;1687;1101;5;1096;663;433
300807-2;1595;1020;10;1010;611;399
300807-3;590;385;2;383;264;119
300901-1;1298;875;5;870;444;426
300901-2;1190;591;5;586;370;216
300901-3;927;550;7;543;289;254
300901-4;1389;856;5;851;446;405
300901-5;1534;1030;5;1025;573;452
300901-6;1905;1302;12;1290;675;615
300901-7;1712;1145;7;1138;665;473
300901-8;1295;866;10;856;429;427
300901-9;1300;949;4;945;471;474
300901-10;1059;766;6;760;367;393
300901-11;1328;936;6;930;419;511
300901-12;1439;936;7;929;462;467
300901-13;88;40;4;36;27;9
300901-14;49;35;0;35;35;0
300901-15;68;24;1;23;15;8
300902-1;1772;1225;14;1211;831;380
300902-2;842;530;4;526;412;114
300902-3;1283;854;6;848;693;155
300902-4;1594;1037;4;1033;758;275
300902-5;808;493;5;488;385;103
300903-1;382;259;1;258;182;76
300903-2;870;547;6;541;450;91
300903-3;665;393;3;390;303;87
300903-4;615;387;5;382;260;122
300904-1;1571;1017;8;1009;687;322
300904-2;983;612;4;608;493;115
300904-3;396;248;0;248;188;60
300904-4;1079;768;2;766;638;128
300904-5;999;681;1;680;562;118
300905-1;1577;1091;11;1080;734;346
300905-2;982;615;2;613;494;119
300905-3;607;372;9;363;270;93
300905-4;592;379;3;376;320;56
300905-5;710;457;2;455;371;84
300906-1;1892;1233;10;1223;770;453
300906-2;1315;810;9;801;475;326
300906-3;1452;929;10;919;590;329
300906-4;1200;747;14;733;429;304
300906-5;906;578;7;571;431;140
300906-6;482;335;5;330;233;97
300906-7;829;523;6;517;416;101
300906-8;639;410;0;410;307;103
300906-9;539;310;2;308;253;55
300906-10;470;318;4;314;232;82
300906-11;322;185;2;183;141;42
300907-1;2219;1544;10;1534;870;664
300907-2;1650;1132;10;1122;785;337
300907-3;978;650;6;644;510;134
300907-4;1233;816;3;813;567;246
300908-1;1195;768;3;765;598;167
300908-2;1299;932;7;925;642;283
300908-3;1369;905;6;899;624;275
300908-4;1419;1014;14;1000;716;284
300909-1;1624;1014;10;1004;784;220
300909-2;1440;924;4;920;749;171
300909-3;527;336;2;334;284;50
300910-1;1923;1236;11;1225;938;287
300910-2;1074;729;6;723;559;164
300910-3;1775;1154;11;1143;857;286
300911-1;1293;805;7;798;509;289
300911-2;1055;658;6;652;518;134
300911-3;911;543;0;543;416;127
301001-1;1794;1191;9;1182;722;460
301001-2;1672;1087;7;1080;637;443
301001-3;1603;1152;11;1141;699;442
301001-4;1427;980;17;963;592;371
301001-5;1250;799;5;794;536;258
301001-6;1135;730;8;722;494;228
301001-7;585;399;1;398;279;119
301002-1;1790;1201;11;1190;738;452
301002-2;626;373;9;364;279;85
301002-3;955;637;7;630;505;125
301002-4;668;445;5;440;366;74
301003-1;994;613;8;605;479;126
301003-2;1987;1276;13;1263;834;429
301003-3;1332;895;7;888;545;343
301003-4;1509;968;9;959;704;255
301003-5;1412;1004;7;997;515;482
301003-6;1731;1306;15;1291;602;689
301004-1;1021;696;11;685;412;273
301004-2;1148;762;5;757;506;251
301004-3;1119;782;10;772;522;250
301004-4;1292;833;4;829;649;180
301004-5;1019;680;7;673;533;140
301004-6;1272;820;4;816;583;233
301004-7;1156;806;9;797;522;275
301005-1;1065;762;8;754;518;236
301005-2;1113;763;1;762;541;221
301005-3;937;556;8;548;460;88
301005-4;575;394;3;391;322;69
301005-5;676;469;3;466;335;131
301005-6;564;382;4;378;264;114
301005-7;591;373;0;373;298;75
301005-8;1983;1414;12;1402;747;655
301005-9;1340;888;11;877;647;230
301006-1;2293;1474;14;1460;1063;397
301006-2;784;542;3;539;413;126
301006-3;1781;1287;11;1276;857;419
301006-4;311;218;0;218;171;47
301006-5;1035;749;5;744;567;177
301007-1;892;623;5;618;504;114
301007-2;773;536;5;531;435;96
301007-3;2135;1448;12;1436;937;499
301007-4;814;504;6;498;376;122
301007-5;444;314;3;311;204;107
301007-6;524;323;0;323;265;58
301007-7;949;622;4;618;520;98
301008-1;1629;1086;19;1067;670;397
301008-2;1846;1320;17;1303;776;527
301008-3;1011;649;3;646;500;146
301008-4;1174;803;7;796;580;216
301009-1;415;297;4;293;177;116
301009-2;331;206;3;203;133;70
301009-3;1463;925;8;917;583;334
301009-4;665;435;6;429;340;89
301009-5;332;220;0;220;169;51
301009-6;324;171;3;168;134;34
301009-7;561;319;4;315;233;82
301009-8;436;262;4;258;205;53
301009-9;522;313;2;311;264;47
301010-1;1762;1120;9;1111;673;438
301010-2;1574;1008;13;995;681;314
301010-3;1105;714;3;711;557;154
301010-4;716;500;0;500;428;72
301010-5;1728;1137;12;1125;797;328
301010-6;1023;700;2;698;606;92
301010-7;461;325;1;324;275;49
301011-1;1132;827;11;816;424;392
301011-2;1224;931;7;924;413;511
301011-3;1825;1357;11;1346;677;669
301011-4;763;527;5;522;324;198
301011-5;1959;1342;10;1332;992;340
301011-6;1067;736;7;729;537;192
301011-7;538;379;3;376;279;97
301011-8;792;580;4;576;285;291
301012-1;1557;1112;8;1104;517;587
301012-2;1118;788;6;782;386;396
301012-3;621;426;3;423;304;119
301012-4;1605;1015;6;1009;664;345
301012-5;2009;1329;12;1317;924;393
301012-6;607;404;1;403;313;90
301012-7;1721;1068;10;1058;694;364
301012-8;790;530;0;530;355;175
301012-9;1733;1189;13;1176;783;393
301012-10;25;5;0;5;5;0
301013-1;735;498;3;495;439;56
301013-2;683;436;5;431;373;58
301013-3;843;591;2;589;514;75
301013-4;763;503;9;494;386;108
301013-5;935;574;11;563;501;62
301013-6;846;577;4;573;457;116
301013-7;800;511;5;506;401;105
301014-1;1007;660;4;656;483;173
301014-2;1166;836;5;831;451;380
301014-3;777;526;7;519;365;154
301014-4;737;496;1;495;425;70
301014-5;619;384;4;380;304;76
301014-6;688;407;6;401;323;78
301101-1;1389;1052;5;1047;391;656
301101-2;1295;928;9;919;354;565
301101-3;1735;1272;17;1255;446;809
301101-4;943;685;6;679;217;462
301101-5;915;618;4;614;252;362
301101-6;1670;1224;14;1210;500;710
301101-7;1442;1077;13;1064;398;666
301101-8;1931;1386;13;1373;478;895
301101-9;1938;1434;7;1427;483;944
301101-10;2406;1657;10;1647;642;1005
301101-11;1243;846;4;842;367;475
301101-12;1291;858;6;852;356;496
301101-13;294;181;0;181;138;43
301101-14;185;81;2;79;54;25
301102-1;1718;1188;8;1180;450;730
301102-2;2133;1467;10;1457;626;831
301102-3;1979;1221;15;1206;671;535
301102-4;1637;964;5;959;525;434
301102-5;1448;890;8;882;425;457
301102-6;66;54;1;53;39;14
301103-1;830;534;7;527;320;207
301103-2;963;676;5;671;318;353
301103-3;780;499;9;490;244;246
301103-4;1187;859;11;848;353;495
301103-5;1618;1079;7;1072;467;605
301103-6;1583;1049;11;1038;484;554
301103-7;783;543;7;536;321;215
301103-8;634;405;1;404;247;157
301103-9;671;456;5;451;230;221
301103-10;1564;1003;13;990;563;427
301103-11;1832;1274;13;1261;681;580
301104-1;1062;703;5;698;500;198
301104-2;1983;1304;13;1291;793;498
301104-3;2296;1564;9;1555;996;559
301104-4;1473;918;9;909;663;246
301104-5;884;503;2;501;271;230
301104-6;54;21;1;20;18;2
301105-1;1395;945;9;936;417;519
301105-2;1038;686;6;680;321;359
301105-3;1011;652;1;651;297;354
301105-4;1089;708;8;700;277;423
301105-5;740;480;7;473;276;197
301105-6;1212;802;9;793;489;304
301105-7;503;350;5;345;169;176
301105-8;1396;839;11;828;566;262
301105-9;1321;896;3;893;459;434
301105-10;749;505;3;502;306;196
301105-11;821;497;5;492;313;179
301105-12;507;328;0;328;254;74
301105-13;496;307;2;305;204;101
301105-14;434;301;3;298;204;94
301105-15;667;428;4;424;233;191
301105-16;50;31;1;30;20;10
301201-1;2208;1456;13;1443;851;592
301202-1;1284;834;8;826;462;364
301202-2;1160;741;4;737;422;315
301202-3;508;313;2;311;233;78
301202-4;1094;700;5;695;464;231
301202-5;567;358;3;355;251;104
301202-6;596;389;2;387;257;130
301202-7;647;405;2;403;301;102
301202-8;351;217;0;217;140;77
301203-1;2152;1388;12;1376;654;722
301203-2;2014;1312;8;1304;569;735
301203-3;927;586;5;581;231;350
301203-4;1095;712;5;707;542;165
301203-5;1518;911;8;903;636;267
301203-6;975;586;5;581;407;174
301203-7;1622;1009;11;998;693;305
301204-1;1793;1263;8;1255;577;678
301204-2;1619;1133;13;1120;557;563
301204-3;1183;778;9;769;345;424
301204-4;1164;829;10;819;385;434
301204-5;1197;804;6;798;356;442
301204-6;1107;804;7;797;333;464
301204-7;1201;796;9;787;401;386
301204-8;1042;663;7;656;316;340
301204-9;1517;978;10;968;429;539
301204-10;1026;669;2;667;315;352
301204-11;1800;1075;7;1068;487;581
301204-12;1671;1140;10;1130;560;570
301204-13;1647;1193;6;1187;491;696
301204-14;1968;1285;16;1269;538;731
301204-15;1878;1244;9;1235;600;635
301204-16;1080;668;5;663;503;160
301204-17;1588;1039;8;1031;681;350
301204-18;2144;1387;12;1375;935;440
301204-19;1375;865;9;856;640;216
301204-20;1854;1150;4;1146;752;394
301204-21;756;452;3;449;293;156
301205-1;1298;852;6;846;521;325
301205-2;1231;794;13;781;621;160
301205-3;1427;998;9;989;774;215
301206-1;1735;1071;16;1055;504;551
301206-2;2184;1395;12;1383;741;642
301206-3;652;398;1;397;283;114
301206-4;1032;626;3;623;381;242
301206-5;163;99;5;94;69;25
301301-1;1033;644;6;638;467;171
301301-2;1839;1179;10;1169;640;529
301301-3;1610;1035;10;1025;543;482
301301-4;1128;758;12;746;456;290
301301-5;741;504;5;499;291;208
301301-6;105;54;1;53;26;27
301302-1;1081;639;11;628;339;289
301302-2;1779;1286;16;1270;507;763
301302-3;2359;1757;17;1740;625;1115
301302-4;1107;663;7;656;312;344
301303-1;1813;1270;11;1259;481;778
301303-2;2090;1416;9;1407;685;722
301303-3;916;624;5;619;339;280
301303-4;1173;672;5;667;410;257
301303-5;1127;703;11;692;450;242
301303-6;115;66;1;65;44;21
301304-1;1249;975;9;966;362;604
301304-2;1108;773;9;764;364;400
301304-3;1282;923;5;918;322;596
301304-4;423;286;3;283;167;116
301304-5;703;472;6;466;286;180
301304-6;267;148;2;146;98;48
301304-7;269;142;2;140;69;71
301304-8;459;336;1;335;163;172
301304-9;998;644;1;643;309;334
301304-10;541;323;3;320;197;123
301304-11;42;13;0;13;6;7
301305-1;2326;1645;12;1633;712;921
301305-2;1701;1045;5;1040;447;593
301305-3;1086;727;9;718;323;395
301305-4;976;646;4;642;300;342
301306-1;1586;1119;11;1108;504;604
301306-2;1569;1017;6;1011;550;461
301307-1;1709;1221;5;1216;398;818
301307-2;1690;1167;3;1164;568;596
301307-3;676;424;3;421;263;158
301307-4;1252;816;5;811;489;322
301307-5;1196;762;7;755;389;366
301307-6;1418;1082;8;1074;424;650
301401-1;1372;907;7;900;442;458
301401-2;1277;714;5;709;413;296
301401-3;127;88;2;86;64;22
301402-1;2040;1364;13;1351;522;829
301402-2;1298;795;4;791;402;389
301402-3;1621;986;6;980;524;456
301403-1;1914;1280;14;1266;431;835
301403-2;1724;1188;6;1182;412;770
301403-3;1929;1313;13;1300;400;900
301403-4;1613;1017;9;1008;318;690
301403-5;752;520;3;517;171;346
301403-6;1030;705;3;702;245;457
301403-7;1985;1356;7;1349;506;843
301403-8;963;625;6;619;300;319
301403-9;1146;732;4;728;335;393
301403-10;1205;817;4;813;315;498
301403-11;52;24;0;24;12;12
301403-12;47;23;0;23;9;14
301404-1;1916;1240;11;1229;492;737
301404-2;1978;1287;9;1278;522;756
301404-3;2183;1395;6;1389;559;830
301404-4;893;556;6;550;326;224
301501-1;1661;1119;8;1111;563;548
301501-2;1601;963;12;951;552;399
301501-3;938;631;5;626;351;275
301502-1;969;692;4;688;279;409
301502-2;1306;901;3;898;352;546
301502-3;1201;701;1;700;406;294
301502-4;801;432;2;430;233;197
301502-5;1556;918;10;908;561;347
301502-6;1136;637;4;633;335;298
301503-1;1818;1271;16;1255;663;592
301503-2;1184;799;10;789;361;428
301504-1;1133;845;7;838;277;561
301504-2;1060;675;6;669;242;427
301504-3;1805;1376;8;1368;442;926
301504-4;1947;1401;8;1393;518;875
301504-5;1344;1002;7;995;330;665
301504-6;738;585;2;583;150;433
301504-7;1441;1097;8;1089;359;730
301504-8;1470;1032;3;1029;321;708
301504-9;2006;1257;7;1250;549;701
301504-10;779;534;6;528;255;273
301504-11;573;354;4;350;118;232
301504-12;1024;680;7;673;279;394
301504-13;1175;805;4;801;298;503
301504-14;2395;1709;14;1695;564;1131
301504-15;692;441;8;433;222;211
301504-16;598;379;3;376;174;202
301504-17;122;32;1;31;13;18
301505-1;1672;1227;13;1214;516;698
301505-2;1530;1099;9;1090;446;644
301505-3;795;582;3;579;215;364
301505-4;1692;1276;10;1266;501;765
301505-5;1529;1080;9;1071;453;618
301505-6;842;550;4;546;281;265
301505-7;914;577;2;575;366;209
301505-8;1566;1030;9;1021;509;512
301505-9;844;568;3;565;378;187
301505-10;960;594;6;588;358;230
301506-1;1600;1211;12;1199;432;767
301506-2;1028;632;7;625;250;375
301506-3;950;704;9;695;237;458
301506-4;1698;1224;10;1214;383;831
301506-5;1364;997;10;987;327;660
301506-6;752;500;10;490;250;240
301506-7;610;432;4;428;195;233
301506-8;437;286;1;285;155;130
301506-9;748;550;11;539;229;310
301506-10;710;485;3;482;270;212
301506-11;673;487;5;482;219;263
301601-1;1379;1026;10;1016;398;618
301601-2;1088;720;6;714;288;426
301601-3;878;517;3;514;231;283
301601-4;1178;812;0;812;287;525
301601-5;1117;755;2;753;270;483
301601-6;1103;790;0;790;266;524
301601-7;1219;901;7;894;335;559
301601-8;703;498;3;495;167;328
301601-9;1238;902;6;896;285;611
301601-10;1263;941;6;935;340;595
301601-11;1146;807;11;796;290;506
301601-12;1077;770;3;767;241;526
301601-13;1270;858;8;850;351;499
301601-14;1078;730;13;717;393;324
301601-15;1050;645;4;641;334;307
301601-16;1135;820;5;815;315;500
301601-17;1325;906;5;901;378;523
301601-18;1175;731;9;722;330;392
301601-19;1026;724;5;719;261;458
301601-20;1005;667;8;659;292;367
301601-21;1496;888;7;881;446;435
301601-22;1520;1139;19;1120;363;757
301601-23;55;25;0;25;18;7
301601-24;156;89;0;89;42;47
301602-1;910;658;5;653;266;387
301602-2;777;488;6;482;186;296
301602-3;1067;775;4;771;296;475
301602-4;850;578;7;571;227;344
301602-5;901;639;2;637;266;371
301602-6;771;526;2;524;170;354
301602-7;994;715;6;709;254;455
301602-8;964;604;8;596;280;316
301602-9;925;570;5;565;244;321
301602-10;1008;608;4;604;281;323
301602-11;1017;645;3;642;340;302
301602-12;1099;715;10;705;371;334
301602-13;603;403;2;401;199;202
301602-14;742;489;5;484;219;265
301602-15;815;479;2;477;234;243
301603-1;1888;1333;26;1307;571;736
301603-2;1025;581;2;579;372;207
301603-3;771;481;1;480;221;259
301603-4;250;162;1;161;116;45
301603-5;510;319;1;318;169;149
301603-6;723;430;1;429;233;196
301603-7;316;211;3;208;107;101
301701-1;1230;776;2;774;342;432
301701-2;987;533;2;531;229;302
301701-3;1151;838;6;832;339;493
301701-4;952;562;13;549;220;329
301701-5;1076;636;6;630;245;385
301701-6;1083;656;2;654;287;367
301701-7;1311;935;8;927;339;588
301701-8;910;575;4;571;254;317
301701-9;859;634;4;630;190;440
301701-10;1385;993;12;981;357;624
301701-11;1323;948;7;941;325;616
301701-12;1320;1026;9;1017;342;675
301701-13;1923;1335;8;1327;489;838
301701-14;1529;1089;10;1079;407;672
301701-15;1614;1175;5;1170;383;787
301701-16;1054;770;7;763;262;501
301701-17;1413;996;9;987;370;617
301701-18;1265;750;3;747;216;531
301701-19;1404;988;7;981;410;571
301701-20;1379;941;7;934;351;583
301701-21;1560;1072;3;1069;409;660
301701-22;987;663;3;660;289;371
301701-23;1249;924;10;914;398;516
301701-24;1414;1051;8;1043;438;605
301701-25;1275;906;11;895;392;503
301701-26;1855;1274;15;1259;540;719
301701-27;2211;1564;5;1559;554;1005
301701-28;2240;1607;15;1592;652;940
301701-29;1423;974;10;964;397;567
301701-30;1024;695;9;686;263;423
301701-31;1381;1012;4;1008;418;590
301701-32;1133;808;9;799;286;513
301701-33;1751;1201;7;1194;534;660
301701-34;1483;1057;7;1050;375;675
301701-35;1460;1065;13;1052;450;602
301701-36;1491;1041;4;1037;408;629
301701-37;1884;1314;6;1308;522;786
301701-38;1912;1336;15;1321;546;775
301701-39;2036;1305;10;1295;521;774
301701-40;296;142;1;141;68;73
301701-41;291;176;1;175;78;97
301701-42;41;39;4;35;29;6
301701-43;33;7;0;7;0;7
301702-1;1956;1313;11;1302;610;692
301702-2;1750;1162;14;1148;508;640
301702-3;1704;1214;11;1203;585;618
301702-4;1536;951;3;948;455;493
301702-5;951;574;6;568;429;139
301702-6;1014;647;8;639;368;271
301702-7;527;308;2;306;210;96
301702-8;1128;780;5;775;533;242
301702-9;1482;952;6;946;708;238
301703-1;875;597;8;589;366;223
301703-2;508;371;3;368;185;183
301703-3;555;372;4;368;240;128
301703-4;818;610;4;606;319;287
301703-5;754;521;2;519;306;213
301703-6;512;349;2;347;164;183
301703-7;640;414;2;412;323;89
301703-8;756;521;0;521;406;115
301703-9;1080;667;5;662;522;140
301703-10;1070;724;7;717;503;214
301703-11;1016;640;6;634;467;167
301703-12;829;545;5;540;386;154
301703-13;431;289;1;288;216;72
301703-14;510;331;2;329;273;56
301703-15;443;316;2;314;202;112
301703-16;650;458;3;455;338;117
301704-1;1085;682;3;679;512;167
301704-2;1457;1036;6;1030;569;461
301704-3;2031;1353;8;1345;792;553
301704-4;890;629;1;628;339;289
301704-5;1077;752;4;748;411;337
301704-6;1388;940;9;931;576;355
301704-7;561;363;1;362;208;154
301704-8;1137;743;6;737;394;343
301704-9;869;570;3;567;359;208
301704-10;715;465;2;463;303;160
301704-11;1189;725;7;718;480;238
301704-12;1643;1149;7;1142;597;545
301704-13;637;451;0;451;278;173
301705-1;1418;906;2;904;724;180
301705-2;828;509;6;503;281;222
301705-3;1045;684;3;681;430;251
301705-4;1837;1385;20;1365;755;610
301705-5;1829;1293;8;1285;591;694
301705-6;1229;863;17;846;424;422
301705-7;545;383;3;380;194;186
301705-8;727;557;3;554;317;237
301706-1;632;395;1;394;253;141
301706-2;562;392;1;391;315;76
301706-3;1534;931;5;926;710;216
301706-4;2044;1415;6;1409;769;640
301706-5;1248;855;2;853;545;308
301706-6;1140;819;11;808;522;286
301706-7;1918;1351;5;1346;769;577
301707-1;470;312;5;307;247;60
301707-2;771;503;11;492;384;108
301707-3;834;563;3;560;350;210
301707-4;1558;1046;10;1036;597;439
301707-5;822;531;5;526;404;122
301707-6;1620;1076;17;1059;790;269
301707-7;1344;832;19;813;523;290
301707-8;61;35;2;33;31;2
301708-1;1809;1152;8;1144;775;369
301708-2;667;408;3;405;291;114
301708-3;846;518;2;516;293;223
301708-4;409;252;1;251;172;79
301708-5;1041;700;6;694;494;200
301708-6;398;248;2;246;141;105
301801-1;1316;967;21;946;613;333
301801-2;748;612;5;607;426;181
301802-1;1580;1064;13;1051;565;486
301802-2;727;442;4;438;280;158
301802-3;507;366;4;362;285;77
301802-4;830;521;3;518;375;143
301802-5;519;311;4;307;245;62
301803-1;1487;1069;12;1057;486;571
301803-2;619;318;6;312;218;94
301803-3;487;308;3;305;230;75
301803-4;649;434;4;430;285;145
301803-5;316;192;1;191;122;69
301803-6;285;174;1;173;89;84
301803-7;293;172;0;172;123;49
301803-8;368;233;0;233;153;80
301803-9;1624;1043;8;1035;625;410
301804-1;1532;1146;15;1131;470;661
301804-2;336;213;1;212;120;92
301804-3;848;544;9;535;264;271
301804-4;129;74;0;74;44;30
301804-5;178;104;0;104;47;57
301804-6;253;175;2;173;97;76
301804-7;310;213;3;210;98;112
301804-8;294;188;0;188;111;77
301804-9;458;280;2;278;165;113
301804-10;316;209;3;206;122;84
301804-11;186;121;1;120;74;46
301804-12;48;8;0;8;6;2
301805-1;457;291;2;289;162;127
301805-2;1320;880;3;877;521;356
301805-3;993;614;6;608;402;206
301806-1;1650;1120;4;1116;692;424
301806-2;476;304;1;303;239;64
301806-3;668;430;2;428;333;95
301806-4;626;401;3;398;295;103
301806-5;597;393;2;391;300;91
301806-6;514;331;1;330;237;93
301806-7;291;215;2;213;157;56
301807-1;1181;819;10;809;394;415
301807-2;1518;968;9;959;398;561
301807-3;1920;1327;7;1320;585;735
301807-4;1484;1028;4;1024;448;576
301807-5;1814;1268;5;1263;434;829
301807-6;2058;1428;11;1417;524;893
301807-7;1725;1192;11;1181;524;657
301807-8;614;375;5;370;166;204
301807-9;940;649;7;642;286;356
301807-10;322;196;1;195;97;98
301807-11;1044;650;5;645;400;245
301807-12;1032;583;5;578;338;240
301807-13;786;520;1;519;256;263
301807-14;971;625;3;622;418;204
301807-15;1106;712;6;706;415;291
301807-16;60;23;0;23;14;9
301807-17;34;29;0;29;16;13
301901-1;2701;1728;17;1711;620;1091
301901-2;2883;1863;14;1849;697;1152
301901-3;2577;1670;14;1656;687;969
301901-4;2692;1660;12;1648;701;947
301901-5;2338;1581;18;1563;606;957
301901-6;2272;1513;17;1496;516;980
301901-7;2195;1629;10;1619;583;1036
301901-8;1495;1081;3;1078;439;639
301901-9;1626;1178;5;1173;421;752
301901-10;555;405;2;403;159;244
301901-11;1723;1232;13;1219;373;846
301901-12;1725;1321;12;1309;471;838
301901-13;1235;852;10;842;322;520
301901-14;684;538;5;533;163;370
301901-15;620;465;1;464;152;312
301901-16;919;725;7;718;142;576
301901-17;1908;1397;20;1377;537;840
301901-18;919;629;1;628;227;401
301901-19;1222;971;10;961;231;730
301901-20;1972;1530;13;1517;339;1178
301901-21;2606;1930;11;1919;706;1213
301901-22;2019;1443;13;1430;578;852
301901-23;1949;1187;8;1179;503;676
301901-24;2408;1652;13;1639;551;1088
301901-25;946;641;7;634;248;386
301901-26;1517;1002;5;997;403;594
301901-27;1638;1116;5;1111;359;752
301901-28;1213;839;8;831;320;511
301901-29;2525;1688;16;1672;629;1043
301901-30;1293;907;4;903;279;624
301901-31;1135;898;5;893;195;698
301901-32;37;29;1;28;23;5
301901-33;211;64;0;64;32;32
301902-1;1158;790;8;782;394;388
301902-2;1182;738;4;734;397;337
301902-3;424;279;9;270;152;118
301902-4;536;328;2;326;196;130
301902-5;336;226;3;223;139;84
301903-1;1418;917;10;907;449;458
301903-2;2269;1600;31;1569;684;885
301903-3;1157;774;3;771;418;353
301903-4;697;464;9;455;269;186
301903-5;457;337;2;335;202;133
301904-1;1497;957;3;954;625;329
301904-2;1329;903;7;896;519;377
301904-3;980;629;4;625;499;126
301904-4;1041;564;4;560;401;159
301904-5;1414;813;7;806;547;259
301904-6;1082;636;7;629;459;170
301905-1;993;630;5;625;247;378
301905-2;954;554;6;548;278;270
301905-3;596;322;2;320;182;138
301906-1;1674;1179;9;1170;432;738
301906-2;793;506;11;495;250;245
301906-3;1355;793;7;786;428;358
301906-4;399;252;7;245;140;105
301906-5;615;366;5;361;182;179
301906-6;639;420;1;419;127;292
301906-7;1412;1068;13;1055;308;747
301907-1;1253;827;7;820;384;436
301907-2;1576;1006;21;985;398;587
301907-3;457;271;8;263;139;124
301907-4;395;249;5;244;128;116
301907-5;819;565;8;557;298;259
301907-6;785;500;2;498;213;285
301907-7;411;279;1;278;138;140
301907-8;469;290;4;286;122;164
301908-1;1139;728;5;723;351;372
301908-2;1220;726;3;723;331;392
301908-3;1545;954;6;948;411;537
301908-4;1566;935;4;931;507;424
301908-5;1345;861;9;852;477;375
301908-6;616;322;3;319;209;110
301908-7;735;500;1;499;328;171
301908-8;874;475;4;471;307;164
301908-9;736;459;6;453;287;166
301908-10;809;421;1;420;287;133
301908-11;97;21;0;21;15;6
301909-1;1978;1310;7;1303;669;634
301909-2;1457;838;5;833;559;274
301909-3;735;383;3;380;260;120
301909-4;824;454;8;446;295;151
302001-1;1112;686;13;673;409;264
302001-2;1159;738;10;728;461;267
302001-3;533;372;1;371;255;116
302001-4;964;577;5;572;408;164
302002-1;896;639;4;635;432;203
302002-2;1393;944;14;930;631;299
302002-3;1484;1021;10;1011;726;285
302003-1;907;644;4;640;354;286
302003-2;745;513;6;507;385;122
302003-3;637;394;3;391;283;108
302003-4;609;363;2;361;227;134
302003-5;700;479;5;474;261;213
302003-6;1162;773;2;771;371;400
302003-7;907;528;3;525;375;150
302003-8;542;380;1;379;228;151
302003-9;39;9;0;9;8;1
302004-1;1198;852;13;839;560;279
302004-2;972;649;4;645;473;172
302004-3;838;579;4;575;500;75
302004-4;564;354;5;349;262;87
302005-1;2291;1650;18;1632;811;821
302005-2;887;564;8;556;384;172
302005-3;596;409;3;406;263;143
302005-4;636;447;6;441;342;99
302005-5;2226;1565;13;1552;805;747
302005-6;1297;823;6;817;617;200
302005-7;442;271;6;265;166;99
302005-8;91;75;1;74;56;18
302006-1;1278;859;2;857;424;433
302006-2;555;355;5;350;230;120
302006-3;614;429;5;424;219;205
302006-4;1054;645;7;638;336;302
302006-5;725;461;4;457;285;172
302006-6;629;396;1;395;285;110
302006-7;460;290;1;289;148;141
302006-8;491;324;2;322;177;145
302006-9;825;549;3;546;283;263
302006-10;616;444;5;439;212;227
302006-11;537;377;1;376;221;155
302006-12;623;386;5;381;257;124
302006-13;921;546;2;544;379;165
302006-14;1491;976;7;969;430;539
302006-15;1434;977;10;967;399;568
302006-16;610;400;0;400;181;219
302006-17;981;654;9;645;297;348
302006-18;893;635;6;629;316;313
302006-19;1337;895;3;892;349;543
302006-20;1294;913;3;910;361;549
302006-21;1175;789;6;783;320;463
302006-22;1413;978;7;971;470;501
302006-23;1125;825;8;817;358;459
302006-24;1377;946;7;939;381;558
302006-25;252;91;1;90;65;25
302006-26;185;79;1;78;70;8
302101-1;1993;1588;15;1573;467;1106
302101-2;1770;1391;12;1379;377;1002
302101-3;1941;1527;8;1519;478;1041
302101-4;1559;1168;14;1154;389;765
302101-5;1579;1217;8;1209;373;836
302101-6;2162;1558;9;1549;514;1035
302101-7;1574;1179;7;1172;475;697
302101-8;1493;1178;11;1167;373;794
302101-9;1532;1259;15;1244;240;1004
302101-10;1708;1252;17;1235;394;841
302101-11;950;634;2;632;256;376
302101-12;1860;1396;13;1383;455;928
302101-13;1895;1449;15;1434;516;918
302101-14;1349;1064;11;1053;290;763
302102-1;1606;1269;4;1265;449;816
302102-2;977;786;8;778;241;537
302102-3;1061;805;6;799;257;542
302102-4;1422;1175;10;1165;304;861
302102-5;1094;858;8;850;217;633
302102-6;1490;1166;12;1154;381;773
302102-7;192;83;2;81;47;34
302103-1;1923;1419;11;1408;608;800
302103-2;2037;1533;10;1523;616;907
302103-3;2225;1589;9;1580;637;943
302103-4;1360;1005;7;998;408;590
302103-5;1092;700;4;696;429;267
302103-6;995;712;10;702;377;325
302104-1;2048;1512;8;1504;515;989
302104-2;1485;1140;12;1128;337;791
302104-3;1665;1113;4;1109;427;682
302104-4;1694;1191;7;1184;443;741
302104-5;1022;815;5;810;241;569
302104-6;1743;1396;10;1386;423;963
302104-7;1923;1513;9;1504;462;1042
302104-8;800;596;5;591;227;364
302104-9;1319;985;7;978;346;632
302104-10;2170;1683;17;1666;474;1192
302104-11;2138;1567;14;1553;572;981
302104-12;2322;1815;13;1802;503;1299
302104-13;408;276;2;274;94;180
302105-1;1674;1291;4;1287;301;986
302105-2;1373;1176;11;1165;168;997
302105-3;1417;1217;10;1207;207;1000
302105-4;1605;1293;16;1277;331;946
302105-5;1387;1084;5;1079;430;649
302105-6;1290;941;9;932;460;472
302105-7;1691;1408;14;1394;416;978
302105-8;1934;1437;11;1426;633;793
302105-9;1861;1555;17;1538;342;1196
302105-10;1922;1606;18;1588;384;1204
302105-11;1883;1660;13;1647;287;1360
302105-12;1013;754;6;748;227;521
302105-13;1190;951;17;934;274;660
302105-14;76;49;0;49;30;19
302106-1;2104;1609;23;1586;797;789
302106-2;2096;1735;26;1709;485;1224
302106-3;2307;1869;24;1845;506;1339
302107-1;2354;1902;29;1873;455;1418
302107-2;2208;1787;5;1782;353;1429
302107-3;1943;1563;12;1551;369;1182
302107-4;1772;1431;12;1419;300;1119
302107-5;2076;1672;11;1661;400;1261
302107-6;2286;1862;12;1850;388;1462
302107-7;2108;1703;16;1687;412;1275
302107-8;956;756;6;750;260;490
302107-9;547;378;4;374;131;243
302107-10;723;553;6;547;185;362
302107-11;1048;818;6;812;212;600
302107-12;719;551;5;546;178;368
302107-13;1487;1166;8;1158;339;819
302107-14;1254;1010;10;1000;326;674
302107-15;31;31;0;31;4;27
302108-1;789;487;5;482;220;262
302108-2;910;544;2;542;306;236
302108-3;748;499;2;497;286;211
302108-4;796;484;7;477;218;259
302108-5;1899;1211;12;1199;589;610
302108-6;1649;1287;6;1281;458;823
302108-7;975;732;7;725;287;438
302108-8;2170;1513;16;1497;633;864
302108-9;1729;1156;14;1142;527;615
302108-10;927;654;5;649;293;356
302108-11;1646;1132;8;1124;445;679
302109-1;777;567;4;563;225;338
302109-2;1617;1247;10;1237;424;813
302109-3;1398;1048;13;1035;444;591
302109-4;2134;1585;20;1565;611;954
302109-5;1915;1422;16;1406;650;756
302109-6;1636;1217;7;1210;462;748
302109-7;1754;1463;15;1448;276;1172
302109-8;894;569;8;561;272;289
302109-9;785;521;4;517;221;296
302109-10;1510;1169;7;1162;361;801
302109-11;1722;1224;13;1211;421;790
302109-12;1055;879;5;874;153;721
302109-13;1523;1291;10;1281;243;1038
302109-14;1498;1234;12;1222;291;931
302109-15;1584;1316;7;1309;296;1013
302110-1;2189;1674;18;1656;480;1176
302110-2;1014;724;9;715;282;433
302110-3;1465;1153;9;1144;434;710
302110-4;1400;1058;17;1041;445;596
302110-5;561;387;3;384;166;218
302110-6;1008;809;7;802;316;486
302110-7;860;613;6;607;272;335
302110-8;1502;1071;11;1060;491;569
302110-9;1357;947;4;943;375;568
302110-10;841;582;5;577;188;389
302110-11;1197;926;8;918;311;607
302110-12;1386;1063;9;1054;425;629
302110-13;1410;1120;9;1111;340;771
302110-14;871;669;6;663;240;423
302110-15;1718;1246;8;1238;475;763
302110-16;994;726;4;722;299;423
302110-17;1413;1118;11;1107;350;757
302110-18;1078;840;6;834;318;516
302110-19;920;701;1;700;273;427
302110-20;894;719;12;707;219;488
302110-21;645;469;3;466;229;237
302110-22;139;70;0;70;40;30
302111-1;935;618;1;617;237;380
302111-2;468;291;7;284;128;156
302111-3;712;530;2;528;190;338
302111-4;494;391;5;386;130;256
302111-5;749;508;1;507;181;326
302111-6;876;573;4;569;219;350
302111-7;690;556;4;552;186;366
302111-8;1439;1028;5;1023;333;690
302111-9;2040;1562;7;1555;499;1056
302111-10;732;574;4;570;186;384
302111-11;1749;1253;12;1241;426;815
302111-12;1959;1479;19;1460;464;996
302112-1;1179;936;12;924;266;658
302112-2;901;633;3;630;281;349
302112-3;969;715;8;707;268;439
302112-4;1827;1295;20;1275;518;757
302112-5;2261;1739;14;1725;563;1162
302112-6;1905;1251;7;1244;551;693
302112-7;609;461;2;459;141;318
302112-8;971;568;3;565;351;214
302112-9;1263;933;4;929;359;570
302112-10;1490;1148;9;1139;347;792
302112-11;1975;1554;14;1540;526;1014
302112-12;62;62;1;61;31;30
302113-1;2652;2238;16;2222;522;1700
302113-2;2983;2424;32;2392;629;1763
302113-3;2521;1956;21;1935;541;1394
302113-4;2314;1864;14;1850;473;1377
302113-5;910;710;10;700;202;498
302113-6;660;430;3;427;182;245
302113-7;1176;896;11;885;310;575
302113-8;554;421;2;419;108;311
302114-1;1575;1177;8;1169;417;752
302114-2;1564;1152;15;1137;357;780
302114-3;1404;1046;6;1040;437;603
302114-4;1542;1092;18;1074;438;636
302114-5;1630;1048;9;1039;461;578
302114-6;1029;646;2;644;330;314
302114-7;1168;779;2;777;358;419
302114-8;1828;1273;12;1261;577;684
302115-1;2100;1673;13;1660;417;1243
302115-2;1515;1205;9;1196;510;686
302115-3;1885;1612;8;1604;373;1231
302115-4;1556;1271;5;1266;273;993
302115-5;1811;1530;19;1511;154;1357
302115-6;1571;1327;9;1318;224;1094
302115-7;1808;1464;8;1456;413;1043
302115-8;951;790;6;784;284;500
302116-1;1909;1422;7;1415;503;912
302116-2;1757;1418;10;1408;392;1016
302116-3;1541;1237;13;1224;320;904
302116-4;1305;1078;7;1071;248;823
302116-5;1780;1181;8;1173;481;692
302116-6;1746;1337;9;1328;409;919
302116-7;1834;1301;19;1282;455;827
302116-8;1760;1285;12;1273;475;798
302116-9;1543;1022;9;1013;426;587
302116-10;1194;853;11;842;299;543
302116-11;1394;1081;8;1073;370;703
302116-12;1496;1125;15;1110;409;701
302116-13;1635;1229;12;1217;469;748
302116-14;1453;1094;8;1086;356;730
302116-15;1275;994;10;984;292;692
302116-16;1083;875;5;870;283;587
302116-17;2440;2061;29;2032;473;1559
302116-18;1540;1217;9;1208;327;881
302116-19;832;487;8;479;237;242
302116-20;1579;1237;16;1221;402;819
302116-21;2015;1655;12;1643;375;1268
302116-22;1624;1180;13;1167;509;658
302116-23;1262;911;10;901;336;565
302116-24;1723;1512;9;1503;280;1223
302117-1;1956;1560;17;1543;468;1075
302117-2;1452;1236;9;1227;300;927
302117-3;1825;1465;15;1450;405;1045
302117-4;1234;896;10;886;392;494
302117-5;2113;1751;11;1740;419;1321
302117-6;2094;1619;9;1610;521;1089
302117-7;1617;1232;3;1229;424;805
302117-8;1529;1248;9;1239;297;942
302117-9;1779;1386;14;1372;446;926
302117-10;801;687;5;682;121;561
302117-11;667;513;5;508;178;330
302117-12;1867;1561;9;1552;364;1188
302117-13;800;598;2;596;159;437
302117-14;1141;908;12;896;216;680
302201-1;949;628;9;619;265;354
302201-2;1354;843;12;831;366;465
302201-3;1616;960;9;951;409;542
302201-4;1235;678;6;672;362;310
302201-5;826;449;3;446;265;181
302201-6;697;378;1;377;246;131
302201-7;61;41;0;41;30;11
302202-1;1536;1034;4;1030;557;473
302202-2;1522;798;6;792;573;219
302202-3;1130;689;4;685;463;222
302202-4;1235;792;6;786;542;244
302203-1;1204;773;7;766;411;355
302203-2;1269;848;7;841;427;414
302203-3;1028;597;10;587;389;198
302203-4;838;504;6;498;361;137
302203-5;970;550;3;547;341;206
302203-6;1863;1105;3;1102;739;363
302204-1;1194;878;20;858;567;291
302204-2;569;398;4;394;296;98
302204-3;1190;910;29;881;536;345
302204-4;677;464;5;459;319;140
302204-5;35;26;0;26;24;2
302205-1;1365;865;8;857;432;425
302205-2;1050;725;2;723;336;387
302205-3;898;598;7;591;264;327
302205-4;1691;1161;7;1154;437;717
302205-5;1436;941;9;932;374;558
302205-6;871;586;3;583;211;372
302205-7;1745;1186;8;1178;392;786
302205-8;1779;1144;1;1143;462;681
302205-9;1211;821;10;811;279;532
302205-10;675;393;5;388;175;213
302205-11;1176;670;1;669;296;373
302205-12;1423;819;4;815;342;473
302205-13;1507;880;4;876;464;412
302205-14;711;441;4;437;304;133
302205-15;1301;799;11;788;545;243
302205-16;1031;694;6;688;356;332
302205-17;1241;876;3;873;306;567
302205-18;1619;1108;4;1104;376;728
302205-19;126;44;0;44;29;15
302205-20;448;362;2;360;122;238
302205-21;263;195;4;191;88;103
302301-1;1244;867;11;856;422;434
302301-2;1222;780;4;776;398;378
302301-3;2100;1434;17;1417;621;796
302301-4;1607;1095;5;1090;508;582
302301-5;1499;1080;8;1072;501;571
302301-6;1430;1025;3;1022;482;540
302301-7;1403;938;5;933;444;489
302301-8;93;21;0;21;16;5
302302-1;803;519;4;515;360;155
302302-2;2203;1434;10;1424;937;487
302302-3;1552;945;2;943;596;347
302303-1;1158;767;4;763;407;356
302303-2;457;255;2;253;162;91
302303-3;456;280;0;280;193;87
302303-4;509;298;4;294;191;103
302303-5;489;294;3;291;195;96
302303-6;15;15;0;15;14;1
302304-1;1528;974;9;965;632;333
302304-2;1291;918;4;914;536;378
302304-3;635;369;1;368;307;61
302304-4;819;485;3;482;350;132
302305-1;1364;1127;9;1118;477;641
302305-2;1380;1072;7;1065;430;635
302306-1;1304;836;11;825;579;246
302306-2;833;537;2;535;339;196
302306-3;1127;680;6;674;440;234
302306-4;1441;891;9;882;672;210
302306-5;1619;1056;2;1054;649;405
302306-6;1245;833;2;831;506;325
302307-1;1537;1016;15;1001;548;453
302307-2;1686;1166;8;1158;588;570
302307-3;1047;745;4;741;376;365
302307-4;1423;924;8;916;601;315
302307-5;1155;685;6;679;466;213
302307-6;992;642;3;639;454;185
302307-7;59;31;1;30;26;4
302308-1;1281;843;4;839;473;366
302308-2;919;584;6;578;330;248
302308-3;1957;1166;5;1161;775;386
302308-4;1574;958;6;952;681;271
302308-5;1243;696;6;690;520;170
302308-6;62;43;2;41;34;7
302401-1;1826;1500;49;1451;644;807
302402-1;1036;739;8;731;375;356
302402-2;1602;1081;11;1070;530;540
302402-3;1538;991;13;978;563;415
302402-4;2052;1420;11;1409;731;678
302402-5;861;571;6;565;305;260
302403-1;1833;1272;8;1264;443;821
302403-2;794;471;3;468;197;271
302403-3;676;414;4;410;210;200
302403-4;679;411;6;405;234;171
302403-5;1131;821;8;813;296;517
302403-6;1433;1051;9;1042;348;694
302404-1;2258;1379;15;1364;643;721
302404-2;1236;776;4;772;374;398
302405-1;1657;1186;4;1182;497;685
302405-2;2155;1352;7;1345;662;683
302406-1;1962;1418;9;1409;605;804
302406-2;1922;1363;13;1350;549;801
302406-3;515;310;0;310;174;136
302406-4;1244;795;5;790;408;382
302406-5;581;282;0;282;134;148
302406-6;2278;1577;18;1559;702;857
302406-7;1163;723;6;717;395;322
302407-1;1744;1144;4;1140;486;654
302407-2;2134;1551;18;1533;600;933
302407-3;1802;1212;13;1199;617;582
302407-4;1648;1046;3;1043;508;535
302407-5;1083;649;5;644;272;372
302407-6;1832;1331;10;1321;490;831
302407-7;1769;1314;14;1300;411;889
302407-8;1607;1151;11;1140;422;718
302407-9;1157;823;6;817;273;544
302407-10;1337;986;13;973;395;578
302407-11;1460;1103;4;1099;361;738
302407-12;1155;705;2;703;269;434
302407-13;1092;738;8;730;258;472
302407-14;1484;1102;8;1094;400;694
302407-15;1356;1031;12;1019;287;732
302407-16;181;131;2;129;54;75
302407-17;49;9;0;9;5;4
302408-1;1563;1189;6;1183;359;824
302408-2;972;640;2;638;218;420
302408-3;885;630;6;624;224;400
302408-4;1119;730;6;724;216;508
302408-5;933;680;2;678;238;440
302408-6;1340;996;4;992;342;650
302408-7;1668;1260;11;1249;462;787
302408-8;693;475;2;473;196;277
302408-9;1078;715;6;709;281;428
302408-10;992;634;6;628;222;406
302408-11;2687;1826;18;1808;749;1059
302408-12;657;484;2;482;194;288
302408-13;1104;599;9;590;169;421
302408-14;42;30;0;30;2;28
302408-15;19;19;0;19;10;9
302501-1;1148;739;12;727;390;337
302501-2;628;409;2;407;292;115
302501-3;603;406;7;399;246;153
302502-1;1239;837;7;830;485;345
302502-2;1361;908;8;900;629;271
302502-3;1780;1202;11;1191;631;560
302502-4;1063;629;3;626;367;259
302503-1;1423;910;10;900;534;366
302503-2;1594;922;3;919;585;334
302503-3;1059;730;6;724;540;184
302503-4;1438;1006;10;996;442;554
302503-5;1404;886;14;872;484;388
302504-1;1213;837;8;829;324;505
302504-2;843;618;5;613;266;347
302504-3;1527;1173;7;1166;499;667
302504-4;991;730;7;723;282;441
302504-5;1605;1260;12;1248;437;811
302504-6;1317;745;8;737;346;391
302504-7;1123;784;4;780;401;379
302504-8;1093;826;6;820;411;409
302504-9;1157;792;17;775;358;417
302504-10;1217;865;11;854;326;528
302504-11;1080;854;14;840;292;548
302504-12;1214;867;18;849;335;514
302504-13;1082;758;12;746;326;420
302504-14;1065;765;9;756;305;451
302504-15;1363;871;13;858;396;462
302504-16;984;582;6;576;327;249
302504-17;1152;726;9;717;436;281
302504-18;1286;814;2;812;438;374
302504-19;1231;841;6;835;428;407
302504-20;1085;633;5;628;357;271
302504-21;1195;750;7;743;416;327
302504-22;39;16;0;16;7;9
302504-23;83;67;2;65;12;53
302505-1;1532;1056;7;1049;471;578
302505-2;2081;1577;9;1568;547;1021
302505-3;817;545;2;543;302;241
302505-4;953;594;6;588;299;289
302601-1;1227;687;11;676;343;333
302601-2;907;531;5;526;322;204
302601-3;1044;648;9;639;247;392
302601-4;671;482;9;473;224;249
302602-1;1274;897;12;885;429;456
302602-2;851;505;7;498;337;161
302602-3;621;359;4;355;227;128
302602-4;854;555;10;545;334;211
302602-5;991;639;4;635;393;242
302603-1;2060;1303;10;1293;611;682
302603-2;1585;967;10;957;631;326
302603-3;1751;1070;5;1065;726;339
302603-4;1058;575;8;567;353;214
302604-1;2633;1781;21;1760;725;1035
302604-2;1277;928;6;922;438;484
302604-3;2563;1879;11;1868;777;1091
302604-4;1430;1033;7;1026;428;598
302604-5;2798;1997;14;1983;850;1133
302604-6;1445;1043;9;1034;368;666
302604-7;1929;1486;13;1473;463;1010
302604-8;650;485;6;479;182;297
302604-9;2466;1677;17;1660;676;984
302604-10;1516;1030;10;1020;495;525
302604-11;1510;857;7;850;424;426
302604-12;1755;1115;13;1102;535;567
302604-13;2022;1450;10;1440;584;856
302604-14;1231;813;5;808;418;390
302604-15;1445;974;13;961;419;542
302604-16;1444;952;12;940;500;440
302604-17;1726;1216;16;1200;584;616
302604-18;762;478;2;476;250;226
302604-19;938;608;4;604;373;231
302604-20;98;62;2;60;31;29
302604-21;76;50;1;49;41;8
302604-22;62;40;2;38;25;13
302604-23;111;39;1;38;23;15
302701-1;1766;1167;15;1152;613;539
302701-2;1555;1019;8;1011;550;461
302701-3;1395;803;6;797;461;336
302701-4;2137;1467;12;1455;765;690
302701-5;1428;999;8;991;474;517
302701-6;1964;1404;6;1398;658;740
302701-7;2012;1344;11;1333;719;614
302701-8;1752;1110;5;1105;580;525
302701-9;1596;1015;13;1002;481;521
302701-10;1676;1061;13;1048;531;517
302701-11;1030;727;7;720;361;359
302701-12;1334;938;5;933;491;442
302701-13;1556;1071;7;1064;600;464
302701-14;57;24;0;24;17;7
302702-1;1156;784;8;776;518;258
302702-2;1285;893;6;887;690;197
302702-3;194;128;0;128;99;29
302702-4;829;541;2;539;453;86
302702-5;387;263;0;263;211;52
302702-6;866;624;3;621;503;118
302703-1;1327;888;13;875;544;331
302703-2;1288;793;7;786;619;167
302703-3;831;552;6;546;411;135
302703-4;742;528;5;523;419;104
302703-5;337;212;2;210;171;39
302703-6;364;250;3;247;180;67
302704-1;932;629;4;625;499;126
302704-2;1253;801;4;797;606;191
302704-3;539;333;1;332;283;49
302704-4;1427;910;5;905;707;198
302705-1;1469;816;21;795;579;216
302705-2;1408;835;8;827;661;166
302705-3;897;551;7;544;435;109
302705-4;1381;862;10;852;528;324
302706-1;2159;1440;10;1430;1060;370
302706-2;1070;733;5;728;562;166
302706-3;425;279;10;269;208;61
302707-1;1414;896;5;891;539;352
302707-2;1122;736;3;733;467;266
302707-3;2221;1470;5;1465;1108;357
302707-4;923;598;8;590;490;100
302707-5;1841;1138;5;1133;845;288
302707-6;656;437;2;435;342;93
302708-1;1005;660;8;652;543;109
302708-2;519;350;7;343;249;94
302708-3;1667;1058;10;1048;628;420
302708-4;1812;1305;11;1294;727;567
302708-5;486;325;4;321;202;119
302708-6;766;511;5;506;384;122
302708-7;941;628;4;624;401;223
302708-8;317;238;3;235;186;49
302709-1;529;378;6;372;260;112
302709-2;1119;828;4;824;590;234
302709-3;440;308;2;306;260;46
302709-4;1295;926;9;917;764;153
302709-5;783;577;4;573;483;90
302709-6;756;533;6;527;416;111
302709-7;1337;965;9;956;737;219
302801-1;2578;1873;16;1857;712;1145
302801-2;1966;1320;13;1307;542;765
302801-3;1818;1253;7;1246;510;736
302801-4;1818;1259;4;1255;496;759
302801-5;1425;814;8;806;353;453
302801-6;1339;922;4;918;374;544
302801-7;1480;1058;4;1054;424;630
302801-8;1629;1210;11;1199;467;732
302801-9;1699;1244;18;1226;414;812
302801-10;1712;1124;13;1111;428;683
302801-11;1893;1372;8;1364;497;867
302801-12;112;19;0;19;12;7
302802-1;1553;1151;19;1132;607;525
302802-2;489;323;1;322;220;102
302802-3;1451;866;5;861;517;344
302802-4;594;403;6;397;288;109
302803-1;1627;1000;10;990;522;468
302803-2;1820;1117;9;1108;576;532
302803-3;820;503;3;500;336;164
302803-4;655;390;2;388;223;165
302803-5;428;252;0;252;172;80
302803-6;454;263;4;259;184;75
302803-7;356;224;2;222;115;107
302804-1;1970;1330;9;1321;638;683
302804-2;317;227;0;227;161;66
302804-3;1256;816;4;812;431;381
302804-4;243;138;0;138;93;45
302804-5;835;429;2;427;280;147
302805-1;907;651;4;647;229;418
302805-2;1010;753;5;748;278;470
302805-3;1448;1022;7;1015;370;645
302805-4;606;338;3;335;218;117
302805-5;444;234;0;234;142;92
302805-6;1213;742;4;738;313;425
302805-7;770;534;2;532;223;309
302805-8;1064;626;6;620;306;314
302805-9;20;18;0;18;18;0
302806-1;1648;1017;23;994;503;491
302806-2;615;376;6;370;222;148
302806-3;44;23;0;23;17;6
302807-1;1973;1251;9;1242;544;698
302807-2;813;589;6;583;261;322
302807-3;1153;676;7;669;355;314
302807-4;1585;819;3;816;500;316
302807-5;1227;758;5;753;427;326
302807-6;1852;1190;7;1183;639;544
302807-7;584;342;3;339;169;170
302901-1;1550;1067;19;1048;652;396
302901-2;698;475;5;470;319;151
302901-3;856;535;8;527;366;161
302901-4;2041;1411;18;1393;835;558
302901-5;2058;1270;12;1258;750;508
302901-6;2152;1628;16;1612;744;868
302901-7;1483;1013;14;999;544;455
302901-8;616;409;4;405;228;177
302901-9;34;30;0;30;18;12
302902-1;1311;944;10;934;385;549
302902-2;805;594;12;582;401;181
302902-3;742;521;11;510;263;247
302902-4;1185;829;17;812;431;381
302902-5;1627;1142;20;1122;557;565
302902-6;1411;981;14;967;474;493
302902-7;424;298;4;294;149;145
302902-8;985;630;8;622;320;302
302902-9;1110;746;10;736;425;311
302903-1;1148;879;8;871;292;579
302903-2;1091;794;7;787;253;534
302903-3;1401;1023;6;1017;389;628
302903-4;1390;1051;7;1044;429;615
302903-5;1249;948;12;936;335;601
302903-6;1471;1062;7;1055;416;639
302903-7;1089;787;4;783;247;536
302903-8;1615;1198;16;1182;329;853
302903-9;1728;1206;12;1194;641;553
302903-10;1027;720;6;714;336;378
302903-11;1549;968;7;961;504;457
302903-12;983;640;7;633;345;288
302903-13;1075;753;11;742;335;407
302903-14;588;468;4;464;158;306
302903-15;420;285;2;283;101;182
302903-16;669;464;5;459;186;273
302903-17;850;604;5;599;241;358
302903-18;538;430;2;428;160;268
302903-19;592;382;4;378;245;133
302903-20;1048;701;4;697;406;291
302903-21;1417;1057;18;1039;397;642
302903-22;75;46;1;45;44;1
302903-23;205;43;0;43;25;18
303001-1;1282;881;10;871;488;383
303001-2;1291;816;1;815;581;234
303001-3;472;325;9;316;227;89
303001-4;895;525;2;523;378;145
303001-5;652;396;3;393;278;115
303002-1;1787;1226;6;1220;656;564
303002-2;1351;844;10;834;500;334
303002-3;506;389;3;386;234;152
303002-4;1798;1230;14;1216;695;521
303002-5;686;451;4;447;288;159
303002-6;828;514;3;511;300;211
303002-7;878;620;6;614;306;308
303003-1;2025;1440;9;1431;608;823
303003-2;1861;1307;9;1298;555;743
303003-3;851;579;7;572;274;298
303003-4;1062;680;3;677;427;250
303004-1;1474;955;7;948;551;397
303004-2;1179;825;6;819;486;333
303004-3;812;483;8;475;297;178
303004-4;737;396;2;394;301;93
303004-5;667;373;3;370;263;107
303004-6;669;460;0;460;374;86
303005-1;1783;1063;10;1053;496;557
303005-2;1229;814;7;807;369;438
303005-3;2132;1584;11;1573;663;910
303005-4;2075;1587;7;1580;541;1039
303005-5;1650;1209;14;1195;555;640
303005-6;1427;1104;3;1101;423;678
303005-7;1230;828;5;823;341;482
303005-8;1343;952;7;945;397;548
303005-9;2250;1682;17;1665;667;998
303005-10;1511;1075;3;1072;488;584
303005-11;1448;1037;6;1031;404;627
303005-12;1696;1270;14;1256;589;667
303005-13;1548;1131;9;1122;483;639
303005-14;1861;1341;8;1333;576;757
303005-15;739;463;5;458;261;197
303005-16;900;588;3;585;429;156
303005-17;835;527;7;520;320;200
303005-18;554;398;7;391;185;206
303005-19;538;349;2;347;186;161
303005-20;1644;1187;7;1180;587;593
303005-21;1147;795;6;789;369;420
303005-22;466;285;2;283;157;126
303005-23;702;498;4;494;263;231
303005-24;698;455;5;450;313;137
303005-25;1149;750;5;745;392;353
303005-26;1101;737;11;726;344;382
303005-27;643;419;2;417;230;187
303005-28;1193;746;3;743;448;295
303005-29;164;64;0;64;29;35
303005-30;40;20;0;20;17;3
303101-1;1887;1267;8;1259;458;801
303101-2;1712;1150;5;1145;450;695
303101-3;1927;1253;8;1245;504;741
303101-4;1646;1062;4;1058;427;631
303101-5;1670;1004;10;994;435;559
303101-6;1796;1179;9;1170;404;766
303101-7;2221;1531;12;1519;506;1013
303101-8;1077;721;3;718;306;412
303101-9;103;39;0;39;18;21
303101-10;124;93;1;92;35;57
303102-1;1560;955;10;945;413;532
303102-2;1666;866;3;863;428;435
303102-3;2098;1354;12;1342;534;808
303102-4;1212;620;4;616;256;360
303102-5;1010;462;3;459;213;246
303102-6;1281;745;7;738;376;362
303103-1;1284;789;4;785;355;430
303103-2;606;393;0;393;195;198
303103-3;1515;993;10;983;505;478
303103-4;554;362;6;356;178;178
303103-5;365;197;1;196;127;69
303103-6;367;247;1;246;133;113
303103-7;436;242;1;241;111;130
303103-8;590;427;7;420;115;305
303104-1;540;320;1;319;182;137
303104-2;1491;741;5;736;389;347
303104-3;1305;800;10;790;331;459
303104-4;923;493;8;485;315;170
303105-1;1157;697;3;694;340;354
303105-2;1749;1010;11;999;446;553
303105-3;479;271;2;269;168;101
303105-4;1056;643;7;636;363;273
303105-5;522;244;0;244;162;82
303105-6;921;430;1;429;179;250
303105-7;406;223;0;223;123;100
303105-8;380;198;0;198;92;106
303106-1;1615;1082;24;1058;520;538
303106-2;285;206;3;203;106;97
303106-3;457;277;6;271;149;122
303107-1;1202;779;6;773;425;348
303107-2;950;512;5;507;275;232
303107-3;543;340;5;335;160;175
303107-4;1222;762;5;757;413;344
303108-1;1631;913;6;907;482;425
303108-2;2286;1267;11;1256;540;716
303108-3;1599;996;8;988;416;572
303108-4;980;574;0;574;405;169
303108-5;789;468;1;467;283;184
306101-1;1473;959;8;951;419;532
306101-2;983;591;2;589;264;325
306101-3;1150;632;12;620;243;377
306101-4;1908;1238;10;1228;465;763
306101-5;1260;762;6;756;375;381
306101-6;1453;883;6;877;439;438
306101-7;1891;1239;11;1228;499;729
306101-8;996;648;5;643;262;381
306101-9;2077;1483;9;1474;573;901
306101-10;1025;717;5;712;285;427
306101-11;551;359;3;356;168;188
306101-12;1472;931;8;923;373;550
306101-13;1814;1186;7;1179;466;713
306101-14;653;446;4;442;174;268
306101-15;2189;1605;19;1586;517;1069
306101-16;1582;1144;12;1132;396;736
306101-17;1256;779;8;771;333;438
306101-18;1717;1194;10;1184;523;661
306101-19;2036;1478;13;1465;584;881
306101-20;1253;905;9;896;426;470
306101-21;1887;1344;11;1333;586;747
306101-22;1628;1193;6;1187;477;710
306101-23;1824;1348;7;1341;535;806
306101-24;1675;1228;13;1215;501;714
306101-25;1744;1297;9;1288;473;815
306101-26;849;615;6;609;236;373
306101-27;1648;1071;11;1060;466;594
306101-28;1398;913;11;902;381;521
306101-29;1404;962;7;955;379;576
306101-30;1544;1100;8;1092;412;680
306101-31;1401;957;2;955;382;573
306101-32;1556;1142;7;1135;484;651
306101-33;1927;1350;8;1342;573;769
306101-34;2152;1641;14;1627;642;985
306101-35;1333;925;9;916;424;492
306101-36;2165;1545;16;1529;716;813
306101-37;1574;1172;4;1168;474;694
306101-38;1738;1235;6;1229;494;735
306101-39;818;587;4;583;236;347
306101-40;2080;1543;8;1535;539;996
306101-41;1208;933;10;923;427;496
306101-42;624;373;1;372;176;196
306101-43;1460;1074;7;1067;389;678
306101-44;1212;883;7;876;338;538
306101-45;844;586;3;583;239;344
306101-46;783;568;4;564;328;236
306101-47;1095;712;5;707;272;435
306101-48;860;653;6;647;256;391
306101-49;1309;898;1;897;453;444
306101-50;1794;1417;8;1409;437;972
306101-51;1771;1183;9;1174;449;725
306101-52;156;118;1;117;76;41
306101-53;47;30;1;29;13;16
306101-54;120;60;1;59;46;13
306101-55;66;66;1;65;26;39
306201-1;1883;1269;7;1262;724;538
306201-2;1754;1203;8;1195;550;645
306201-3;1901;1315;12;1303;566;737
306201-4;1001;704;2;702;280;422
306201-5;1073;753;6;747;286;461
306201-6;1580;1046;12;1034;551;483
306201-7;2037;1444;15;1429;794;635
306201-8;1003;664;4;660;339;321
306201-9;879;570;7;563;285;278
306201-10;1432;976;7;969;511;458
306201-11;1246;820;8;812;388;424
306201-12;699;440;0;440;205;235
306201-13;1021;678;6;672;351;321
306201-14;1082;732;9;723;362;361
306201-15;1524;957;8;949;464;485
306201-16;855;523;4;519;284;235
306201-17;680;477;3;474;259;215
306201-18;1890;1394;18;1376;613;763
306201-19;1969;1632;12;1620;562;1058
306201-20;1707;1248;8;1240;615;625
306201-21;618;493;3;490;238;252
306201-22;1197;811;5;806;412;394
306201-23;744;507;6;501;225;276
306201-24;1119;750;14;736;383;353
306201-25;1229;883;6;877;422;455
306201-26;1307;943;9;934;483;451
306201-27;1520;1046;4;1042;503;539
306201-28;1109;744;6;738;390;348
306201-29;808;565;1;564;286;278
306201-30;89;36;0;36;26;10
306201-31;1279;889;6;883;402;481
306201-32;1346;919;12;907;427;480
306201-33;1007;654;4;650;302;348
306201-34;1322;921;0;921;369;552
306201-35;1281;906;3;903;404;499
306201-36;893;614;1;613;267;346
306201-37;832;621;0;621;294;327
306201-38;1487;1076;4;1072;480;592
306201-39;1509;1109;6;1103;442;661
306201-40;608;429;4;425;196;229
306201-41;1074;804;11;793;375;418
306201-42;1797;1212;6;1206;553;653
306201-43;1735;1220;5;1215;607;608
306201-44;1872;1190;7;1183;721;462
306201-45;1497;919;10;909;555;354
306201-46;352;90;2;88;64;24
306201-47;433;82;1;81;45;36
306301-1;1031;826;3;823;219;604
306301-2;1518;1117;10;1107;347;760
306301-3;1535;1113;7;1106;366;740
306301-4;941;719;11;708;238;470
306301-5;1414;969;6;963;326;637
306301-6;2137;1648;11;1637;475;1162
306301-7;1362;945;8;937;344;593
306301-8;1737;1318;14;1304;344;960
306301-9;1223;875;10;865;249;616
306301-10;1340;894;13;881;376;505
306301-11;1207;798;6;792;295;497
306301-12;926;581;5;576;225;351
306301-13;997;727;4;723;269;454
306301-14;1262;864;3;861;269;592
306301-15;1212;877;8;869;317;552
306301-16;945;709;4;705;209;496
306301-17;1542;1127;17;1110;437;673
306301-18;1444;1044;10;1034;376;658
306301-19;1225;778;7;771;267;504
306301-20;1191;697;6;691;270;421
306301-21;1023;574;9;565;238;327
306301-22;1137;701;6;695;236;459
306301-23;1301;802;7;795;332;463
306301-24;1758;1197;21;1176;377;799
306301-25;1347;994;9;985;313;672
306301-26;1791;1422;14;1408;398;1010
306301-27;2127;1537;20;1517;501;1016
306301-28;1338;1044;11;1033;360;673
306301-29;2028;1579;13;1566;470;1096
306301-30;1631;1180;11;1169;423;746
306301-31;1615;1196;9;1187;429;758
306301-32;1189;897;6;891;325;566
306301-33;2235;1513;10;1503;569;934
306301-34;279;84;3;81;37;44
306401-1;1086;799;6;793;187;606
306401-2;2150;1621;25;1596;402;1194
306401-3;1288;831;3;828;215;613
306401-4;1503;1082;6;1076;260;816
306401-5;2097;1584;13;1571;333;1238
306401-6;1629;1075;8;1067;318;749
306401-7;1558;1152;6;1146;276;870
306401-8;1622;1164;11;1153;312;841
306401-9;1851;1182;7;1175;354;821
306401-10;2034;1311;14;1297;343;954
306401-11;1698;1121;9;1112;315;797
306401-12;2677;2191;15;2176;446;1730
306401-13;2190;1520;15;1505;417;1088
306401-14;1534;1091;3;1088;372;716
306401-15;1817;1355;14;1341;396;945
306401-16;1617;1169;14;1155;367;788
306401-17;1787;1325;13;1312;381;931
306401-18;1668;1236;12;1224;357;867
306401-19;1993;1493;12;1481;365;1116
306401-20;1842;1352;6;1346;379;967
306401-21;1777;1190;9;1181;298;883
306401-22;1663;1085;8;1077;319;758
306401-23;1861;1223;10;1213;386;827
306401-24;1330;858;6;852;226;626
306401-25;1565;1125;7;1118;259;859
306401-26;1400;958;12;946;246;700
306401-27;1897;1478;9;1469;333;1136
306401-28;1719;1184;19;1165;292;873
306401-29;1825;1372;6;1366;340;1026
306401-30;1111;720;7;713;208;505
306401-31;1727;1128;10;1118;272;846
306401-32;2023;1406;17;1389;372;1017
306401-33;1467;940;6;934;209;725
306401-34;1374;918;9;909;260;649
306401-35;1683;1163;8;1155;368;787
306401-36;2274;1691;15;1676;287;1389
306401-37;1226;901;8;893;203;690
306401-38;1159;861;8;853;173;680
306401-39;2430;1852;17;1835;473;1362
306401-40;1952;1556;14;1542;241;1301
306401-41;1072;873;1;872;255;617
306401-42;1178;895;12;883;230;653
306401-43;2033;1404;12;1392;398;994
306401-44;1794;1353;14;1339;339;1000
306401-45;1917;1472;10;1462;456;1006
306401-46;1976;1556;16;1540;405;1135
306401-47;1981;1464;16;1448;389;1059
306401-48;1552;1204;11;1193;353;840
306401-49;1935;1419;15;1404;368;1036
306401-50;1807;1417;9;1408;405;1003
306401-51;1794;1392;11;1381;423;958
306401-52;1942;1463;11;1452;421;1031
306401-53;2122;1645;15;1630;412;1218
306401-54;1832;1442;12;1430;387;1043
306401-55;1797;1392;12;1380;411;969
306401-56;1725;1299;12;1287;372;915
306401-57;1754;1383;12;1371;371;1000
306401-58;1415;1074;12;1062;348;714
306401-59;1761;1292;10;1282;373;909
306401-60;1694;1259;5;1254;409;845
306401-61;1897;1485;9;1476;334;1142
306401-62;1777;1340;8;1332;403;929
306401-63;1930;1453;15;1438;397;1041
306401-64;2111;1642;7;1635;472;1163
306401-65;1240;944;10;934;276;658
306401-66;1254;945;4;941;278;663
306401-67;1546;1183;6;1177;334;843
306401-68;1961;1551;13;1538;415;1123
306401-69;1928;1568;15;1553;360;1193
306401-70;1449;1200;15;1185;250;935
306401-71;1554;1294;3;1291;192;1099
306401-72;1959;1406;13;1393;412;981
306401-73;1590;1036;6;1030;313;717
306401-74;1797;1211;12;1199;294;905
306401-75;1375;854;7;847;250;597
306401-76;1648;1073;12;1061;324;737
306401-77;1610;1101;12;1089;334;755
306401-78;1773;1150;8;1142;347;795
306401-79;1709;1106;18;1088;321;767
306401-80;1785;1199;11;1188;275;913
306401-81;1632;1078;12;1066;282;784
306401-82;1403;1038;9;1029;283;746
306401-83;1986;1514;17;1497;296;1201
306401-84;1061;703;6;697;256;441
306401-85;1879;1362;15;1347;407;940
306401-86;1670;1176;12;1164;298;866
306401-87;2280;1668;14;1654;415;1239
306401-88;1578;1015;12;1003;353;650
306401-89;1843;1410;14;1396;469;927
306401-90;1850;1222;8;1214;372;842
306401-91;1731;1527;11;1516;590;926
306401-92;1667;1263;7;1256;389;867
306401-93;2028;1574;9;1565;530;1035
306401-94;2005;1521;20;1501;492;1009
306401-95;1901;1455;25;1430;410;1020
306401-96;1864;1419;9;1410;414;996
306401-97;2023;1684;13;1671;413;1258
306401-98;2171;1672;10;1662;471;1191
306401-99;2168;1703;24;1679;507;1172
306401-100;1422;1146;14;1132;378;754
306401-101;2174;1682;7;1675;535;1140
306401-102;2162;1674;10;1664;571;1093
306401-103;2110;1649;21;1628;528;1100
306401-104;2009;1515;11;1504;462;1042
306401-105;1848;1422;7;1415;454;961
306401-106;2073;1677;14;1663;458;1205
306401-107;1802;1462;12;1450;433;1017
306401-108;2230;1878;19;1859;334;1525
306401-109;2530;2127;28;2099;359;1740
306401-110;2068;1562;15;1547;490;1057
306401-111;1852;1375;12;1363;467;896
306401-112;1845;1428;8;1420;406;1014
306401-113;1801;1377;13;1364;406;958
306401-114;1988;1512;5;1507;465;1042
306401-115;1849;1424;13;1411;451;960
306401-116;2029;1523;15;1508;494;1014
306401-117;2384;1772;15;1757;563;1194
306401-118;2008;1511;10;1501;516;985
306401-119;2175;1608;14;1594;548;1046
306401-120;1995;1537;19;1518;539;979
306401-121;1937;1486;13;1473;492;981
306401-122;1897;1483;12;1471;454;1017
306401-123;2036;1573;20;1553;464;1089
306401-124;1860;1498;14;1484;407;1077
306401-125;1840;1457;8;1449;432;1017
306401-126;1840;1469;13;1456;422;1034
306401-127;1910;1476;7;1469;451;1018
306401-128;1892;1447;14;1433;421;1012
306401-129;1777;1378;4;1374;503;871
306401-130;1434;1025;2;1023;268;755
306401-131;1585;1181;13;1168;358;810
306401-132;1918;1362;20;1342;570;772
306401-133;1956;1563;18;1545;529;1016
306401-134;1955;1427;15;1412;431;981
306401-135;1988;1500;22;1478;493;985
306401-136;1939;1438;15;1423;520;903
306401-137;1943;1400;6;1394;490;904
306401-138;2001;1444;11;1433;470;963
306401-139;1961;1398;18;1380;502;878
306401-140;2147;1533;15;1518;493;1025
306401-141;1310;869;4;865;324;541
306401-142;1528;1073;10;1063;369;694
306401-143;1816;1366;15;1351;460;891
306401-144;1608;1295;7;1288;420;868
306401-145;1240;1000;11;989;333;656
306401-146;1315;1014;5;1009;330;679
306401-147;1630;1239;9;1230;410;820
306401-148;1792;1375;11;1364;321;1043
306401-149;1505;1070;10;1060;298;762
306401-150;1801;1360;13;1347;382;965
306401-151;1253;1002;11;991;346;645
306401-152;1233;877;2;875;262;613
306401-153;1799;1390;15;1375;350;1025
306401-154;1821;1296;6;1290;418;872
306401-155;1707;1136;14;1122;366;756
306401-156;1796;1263;5;1258;411;847
306401-157;1643;1104;10;1094;357;737
306401-158;1806;1273;10;1263;422;841
306401-159;1756;1324;12;1312;371;941
306401-160;1648;1201;7;1194;363;831
306401-161;2217;1783;16;1767;394;1373
306401-162;1816;1392;9;1383;392;991
306401-163;1605;1261;5;1256;366;890
306401-164;1886;1456;14;1442;336;1106
306401-165;1544;1170;6;1164;344;820
306401-166;1719;1334;9;1325;354;971
306401-167;1713;1276;7;1269;351;918
306401-168;1924;1491;18;1473;442;1031
306401-169;1888;1417;15;1402;433;969
306401-170;1897;1417;16;1401;294;1107
306401-171;1781;1277;15;1262;372;890
306401-172;2066;1572;16;1556;391;1165
306401-173;1438;1004;5;999;327;672
306401-174;1551;1147;11;1136;397;739
306401-175;1553;1122;10;1112;397;715
306401-176;1433;1069;10;1059;363;696
306401-177;1752;1380;8;1372;426;946
306401-178;1847;1500;18;1482;429;1053
306401-179;1175;957;8;949;281;668
306401-180;1377;1047;9;1038;352;686
306401-181;1698;1370;11;1359;365;994
306401-182;1893;1541;11;1530;410;1120
306401-183;1689;1447;9;1438;256;1182
306401-184;1792;1515;17;1498;328;1170
306401-185;1576;1306;9;1297;371;926
306401-186;1361;1206;15;1191;157;1034
306401-187;1703;1404;11;1393;377;1016
306401-188;1535;1230;12;1218;379;839
306401-189;2191;1709;16;1693;444;1249
306401-190;1984;1543;12;1531;507;1024
306401-191;1982;1513;12;1501;438;1063
306401-192;2207;1830;14;1816;444;1372
306401-193;1786;1513;12;1501;321;1180
306401-194;2333;1985;19;1966;438;1528
306401-195;1820;1508;8;1500;368;1132
306401-196;966;828;7;821;168;653
306401-197;1944;1484;25;1459;404;1055
306401-198;1890;1540;17;1523;352;1171
306401-199;2352;1918;19;1899;404;1495
306401-200;2086;1637;6;1631;470;1161
306401-201;1809;1428;11;1417;396;1021
306401-202;2170;1738;10;1728;446;1282
306401-203;1885;1497;10;1487;399;1088
306401-204;1958;1495;12;1483;400;1083
306401-205;2266;1833;11;1822;418;1404
306401-206;1866;1497;18;1479;353;1126
306401-207;1911;1522;9;1513;369;1144
306401-208;2017;1607;16;1591;338;1253
306401-209;1784;1417;14;1403;399;1004
306401-210;1867;1451;10;1441;403;1038
306401-211;1759;1472;22;1450;343;1107
306401-212;2390;1997;26;1971;347;1624
306401-213;1859;1435;19;1416;409;1007
306401-214;1928;1556;16;1540;345;1195
306401-215;1786;1374;7;1367;360;1007
306401-216;1736;1273;10;1263;400;863
306401-217;2103;1672;12;1660;373;1287
306401-218;1825;1409;14;1395;423;972
306401-219;1615;1227;6;1221;384;837
306401-220;1643;1254;8;1246;418;828
306401-221;1405;1184;6;1178;147;1031
306401-222;1020;871;6;865;185;680
306401-223;2322;1857;16;1841;442;1399
306401-224;1850;1585;11;1574;226;1348
306401-225;1474;1170;9;1161;293;868
306401-226;1920;1617;20;1597;411;1186
306401-227;2075;1654;9;1645;428;1217
306401-228;653;241;4;237;114;123
306401-229;179;106;0;106;44;62
306401-230;29;25;2;23;21;2
306401-231;201;49;1;48;27;21
306401-232;78;70;0;70;13;57
306401-233;106;69;0;69;21;48
306401-234;93;50;7;43;32;11
306401-235;112;76;6;70;59;11
306401-236;561;180;1;179;79;100
306401-237;119;64;0;64;25;39
306401-238;16;13;0;13;4;9
306401-239;159;51;1;50;21;29
306401-240;232;116;1;115;51;64
306401-241;745;552;4;548;101;447
306401-242;81;50;2;48;34;14
306401-243;158;82;3;79;45;34
306401-244;32;8;0;8;2;6
306401-245;59;46;3;43;27;16
306401-246;208;89;1;88;39;49
306401-247;267;110;0;110;58;52
306401-248;78;44;0;44;20;24
306401-249;620;125;7;118;46;72
306401-250;210;151;0;151;37;114
306401-251;90;60;1;59;20;39
320101-1;1295;885;4;881;341;540
320101-2;1226;769;11;758;295;463
320101-3;1127;715;5;710;253;457
320101-4;1442;921;10;911;369;542
320101-5;1366;951;6;945;368;577
320101-6;1398;892;7;885;342;543
320101-7;1687;1088;5;1083;424;659
320101-8;724;378;2;376;166;210
320101-9;1085;627;7;620;238;382
320101-10;1305;800;4;796;337;459
320101-11;769;545;13;532;234;298
320101-12;1012;652;4;648;238;410
320101-13;1592;1101;7;1094;452;642
320101-14;1368;780;3;777;370;407
320101-15;172;65;1;64;34;30
320101-16;27;13;0;13;11;2
320101-17;39;23;0;23;21;2
320101-18;112;56;6;50;47;3
320102-1;764;435;6;429;231;198
320102-2;1151;627;6;621;322;299
320102-3;1423;731;5;726;389;337
320102-4;1533;768;3;765;389;376
320102-5;923;534;5;529;298;231
320103-1;1060;510;1;509;223;286
320103-2;1791;1025;7;1018;511;507
320103-3;1459;921;10;911;421;490
320103-4;802;394;5;389;235;154
320103-5;1080;487;2;485;289;196
320103-6;545;288;0;288;137;151
320104-1;813;495;1;494;232;262
320104-2;703;342;4;338;187;151
320104-3;1534;829;7;822;413;409
320104-4;1003;710;5;705;295;410
320104-5;1101;558;9;549;270;279
320104-6;402;274;5;269;121;148
320201-1;1714;1081;9;1072;505;567
320201-2;1344;766;5;761;409;352
320201-3;764;445;2;443;260;183
320201-4;13;11;0;11;11;0
320202-1;882;540;2;538;218;320
320202-2;1231;797;3;794;350;444
320202-3;1038;718;2;716;294;422
320202-4;971;603;10;593;239;354
320202-5;1261;921;5;916;300;616
320202-6;1062;724;5;719;301;418
320202-7;1167;805;16;789;312;477
320202-8;881;533;0;533;227;306
320202-9;1172;799;2;797;375;422
320202-10;746;439;4;435;170;265
320202-11;895;568;2;566;181;385
320202-12;886;492;5;487;262;225
320202-13;976;503;2;501;298;203
320202-14;1246;741;3;738;398;340
320202-15;1133;573;5;568;339;229
320202-16;581;303;3;300;172;128
320202-17;158;102;1;101;55;46
320203-1;960;556;2;554;259;295
320203-2;1236;664;3;661;318;343
320203-3;1015;587;5;582;251;331
320203-4;409;254;3;251;136;115
320203-5;630;358;3;355;176;179
320203-6;79;36;0;36;17;19
320204-1;1558;926;9;917;494;423
320204-2;1280;697;0;697;362;335
320205-1;2044;1216;18;1198;593;605
320205-2;1518;846;10;836;528;308
320205-3;972;500;1;499;293;206
320205-4;1500;720;5;715;405;310
320206-1;1358;793;7;786;378;408
320206-2;1093;660;2;658;352;306
320206-3;875;392;8;384;233;151
320206-4;799;406;4;402;276;126
320301-1;2166;1392;10;1382;518;864
320301-2;1290;831;10;821;280;541
320301-3;1093;702;4;698;248;450
320301-4;1235;771;8;763;323;440
320301-5;1343;770;3;767;381;386
320301-6;666;418;3;415;236;179
320301-7;890;517;2;515;252;263
320301-8;933;431;6;425;230;195
320302-1;763;510;2;508;151;357
320302-2;864;583;6;577;218;359
320302-3;984;647;2;645;202;443
320302-4;847;457;5;452;199;253
320302-5;919;558;2;556;189;367
320302-6;891;559;3;556;199;357
320302-7;921;648;8;640;218;422
320302-8;950;618;5;613;226;387
320302-9;835;505;2;503;210;293
320302-10;889;534;2;532;259;273
320302-11;1046;560;2;558;232;326
320302-12;763;378;2;376;204;172
320302-13;919;499;2;497;251;246
320302-14;1164;627;8;619;333;286
320302-15;655;383;1;382;205;177
320302-16;71;28;0;28;19;9
320303-1;744;455;7;448;211;237
320303-2;694;414;7;407;165;242
320303-3;1198;620;1;619;332;287
320303-4;1072;625;1;624;285;339
320303-5;796;499;4;495;191;304
320303-6;1025;529;3;526;306;220
320305-1;834;493;3;490;298;192
320305-2;698;397;5;392;219;173
320305-3;898;535;2;533;263;270
320305-4;933;576;10;566;298;268
320305-5;447;356;4;352;124;228
320306-1;810;561;4;557;220;337
320306-2;766;472;5;467;217;250
320306-3;812;481;3;478;223;255
320306-4;882;476;4;472;227;245
320306-5;834;561;2;559;264;295
320306-6;1589;1024;9;1015;474;541
320306-7;932;588;7;581;274;307
320306-8;819;463;2;461;242;219
320306-9;1660;994;4;990;449;541
320306-10;763;472;1;471;174;297
320306-11;250;146;2;144;92;52
320306-12;767;473;3;470;204;266
320306-13;574;321;4;317;167;150
320306-14;485;350;3;347;118;229
320306-15;903;523;2;521;305;216
320306-16;137;91;1;90;49;41
320402-1;1772;1059;13;1046;488;558
320402-2;1831;1255;12;1243;476;767
320402-3;1539;1046;4;1042;423;619
320402-4;1740;1168;4;1164;470;694
320402-5;1235;872;6;866;307;559
320402-6;1077;678;5;673;297;376
320402-7;1662;1174;11;1163;370;793
320402-8;1745;1195;8;1187;485;702
320402-9;1771;1174;12;1162;479;683
320402-10;1264;903;13;890;306;584
320402-11;1313;930;8;922;549;373
320402-12;1434;835;4;831;283;548
320402-13;1485;1005;6;999;443;556
320402-14;1209;785;10;775;346;429
320402-15;1380;864;7;857;356;501
320402-16;1850;1348;10;1338;513;825
320402-17;1432;806;5;801;321;480
320402-18;1484;1036;10;1026;388;638
320402-19;84;14;0;14;8;6
320402-20;847;601;5;596;205;391
320403-1;1708;866;12;854;489;365
320403-2;1291;818;4;814;366;448
320403-3;1282;785;7;778;392;386
320403-4;1358;753;11;742;427;315
320403-5;1039;645;4;641;388;253
320404-1;1868;1235;13;1222;507;715
320404-2;1614;1043;10;1033;445;588
320404-3;1450;890;5;885;378;507
320404-4;1358;842;8;834;337;497
320404-5;1740;1099;7;1092;434;658
320404-6;1672;1166;15;1151;341;810
320404-7;1473;986;7;979;358;621
320404-8;1425;869;10;859;341;518
320404-9;927;510;5;505;253;252
320404-10;1390;686;6;680;397;283
320404-11;1040;555;2;553;325;228
320404-12;827;431;5;426;236;190
320404-13;578;294;1;293;173;120
320404-14;1343;754;10;744;425;319
320404-15;17;17;1;16;10;6
320404-16;67;34;6;28;24;4
320404-17;30;27;5;22;14;8
320404-18;828;529;14;515;186;329
320405-1;1448;833;6;827;404;423
320405-2;859;527;5;522;328;194
320406-1;1975;1232;11;1221;628;593
320406-2;1277;665;7;658;418;240
320406-3;641;380;1;379;173;206
320407-1;2334;1310;8;1302;471;831
320407-2;986;512;6;506;279;227
320407-3;510;261;2;259;141;118
320501-1;2005;1166;9;1157;640;517
320501-2;908;434;7;427;287;140
320502-1;1787;1161;9;1152;456;696
320502-2;1189;613;7;606;315;291
320502-3;715;400;6;394;219;175
320502-4;703;406;3;403;212;191
320502-5;896;505;2;503;238;265
320502-6;597;293;3;290;159;131
320502-7;1634;1079;11;1068;443;625
320502-8;1780;1206;7;1199;473;726
320502-9;1951;1251;8;1243;478;765
320502-10;1479;1009;4;1005;354;651
320502-11;895;487;3;484;206;278
320502-12;1752;1109;4;1105;506;599
320502-13;1111;630;4;626;273;353
320502-14;1249;822;7;815;286;529
320502-15;407;59;1;58;26;32
320502-16;42;27;0;27;19;8
320502-17;54;21;0;21;19;2
320503-1;2072;1557;13;1544;702;842
320503-2;1832;1247;15;1232;638;594
320504-1;1748;1102;7;1095;486;609
320504-2;1444;872;9;863;395;468
320504-3;764;361;5;356;204;152
320504-4;406;147;1;146;77;69
320504-5;477;265;2;263;172;91
320504-6;600;312;2;310;208;102
320504-7;464;286;0;286;172;114
320504-8;565;274;3;271;145;126
320504-9;444;226;2;224;139;85
320504-10;126;110;1;109;49;60
320507-1;4591;3857;19;3838;1254;2584
320507-2;3767;3283;10;3273;1059;2214
320507-3;3880;3268;12;3256;1075;2181
320508-1;933;655;6;649;218;431
320508-2;1860;1210;6;1204;491;713
320508-3;1958;1221;9;1212;541;671
320508-4;1497;958;6;952;437;515
320508-5;1571;965;13;952;405;547
320508-6;1087;822;1;821;373;448
320508-7;577;362;0;362;216;146
320508-8;561;326;3;323;170;153
320508-9;1194;704;6;698;306;392
320508-10;3685;3074;14;3060;1108;1952
320508-11;219;127;3;124;66;58
320601-1;1482;960;6;954;547;407
320601-2;1045;512;5;507;304;203
320601-3;1253;624;2;622;396;226
320601-4;1149;611;7;604;359;245
320602-1;1263;764;11;753;314;439
320602-2;1589;825;3;822;408;414
320602-3;554;331;1;330;136;194
320603-1;1381;927;6;921;398;523
320603-2;1389;931;9;922;430;492
320603-3;1353;887;4;883;341;542
320603-4;1414;886;13;873;280;593
320603-5;393;225;4;221;101;120
320603-6;1019;579;3;576;336;240
320603-7;1051;599;7;592;386;206
320603-8;1248;687;6;681;431;250
320603-9;634;392;2;390;182;208
320603-10;627;322;2;320;232;88
320604-1;1014;675;7;668;302;366
320604-2;1467;957;10;947;448;499
320604-3;1479;1006;5;1001;469;532
320604-4;1340;889;12;877;410;467
320604-5;1318;906;9;897;366;531
320604-6;1080;772;7;765;319;446
320604-7;1326;1025;22;1003;369;634
320604-8;1069;771;10;761;357;404
320604-9;1354;1011;12;999;422;577
320604-10;1192;876;10;866;393;473
320604-11;1778;1235;4;1231;546;685
320604-12;1070;741;11;730;303;427
320604-13;1183;747;9;738;392;346
320604-14;1067;695;6;689;341;348
320604-15;1107;624;3;621;349;272
320604-16;755;393;4;389;246;143
320604-17;647;443;3;440;257;183
320604-18;827;578;3;575;259;316
320604-19;829;481;3;478;268;210
320604-20;1437;1088;9;1079;413;666
320604-21;66;48;1;47;25;22
320604-22;32;14;0;14;11;3
320604-23;18;7;0;7;4;3
320604-24;37;28;0;28;16;12
320605-1;1352;837;9;828;399;429
320605-2;1337;913;4;909;332;577
320605-3;882;516;7;509;268;241
320605-4;623;408;0;408;229;179
320605-5;487;273;2;271;149;122
320605-6;679;348;6;342;163;179
320606-1;1705;1129;7;1122;498;624
320606-2;1023;548;5;543;279;264
320606-3;590;306;2;304;168;136
320606-4;74;35;3;32;32;0
320607-1;685;464;3;461;263;198
320607-2;906;588;9;579;340;239
320607-3;1418;884;8;876;475;401
320608-1;1892;1064;9;1055;460;595
320608-2;1268;671;4;667;396;271
320608-3;1160;639;2;637;393;244
320608-4;75;35;1;34;30;4
320609-1;1829;1145;5;1140;538;602
320609-2;1032;550;5;545;318;227
320609-3;832;406;3;403;256;147
320609-4;516;296;6;290;194;96
320701-1;2145;1902;7;1895;551;1344
320701-2;1486;1258;6;1252;390;862
320701-3;2169;1864;14;1850;700;1150
320701-4;876;670;3;667;141;526
320701-5;2764;2433;13;2420;885;1535
320702-1;2097;1382;10;1372;618;754
320702-2;1214;645;7;638;402;236
320702-3;1302;740;7;733;379;354
320703-1;1359;1091;6;1085;424;661
320703-2;1443;989;3;986;375;611
320703-3;1430;942;4;938;348;590
320703-4;1571;1069;3;1066;376;690
320703-5;1680;1164;6;1158;397;761
320703-6;1143;797;6;791;273;518
320703-7;655;351;2;349;156;193
320703-8;954;518;8;510;239;271
320703-9;618;306;2;304;125;179
320703-10;817;429;1;428;211;217
320703-11;64;25;0;25;16;9
320703-12;9;1;0;1;0;1
320704-1;1240;865;7;858;321;537
320704-2;1507;1119;12;1107;486;621
320704-3;2281;1780;6;1774;643;1131
320704-4;2203;1680;6;1674;564;1110
320704-5;961;696;3;693;208;485
320705-1;986;546;0;546;229;317
320705-2;1361;950;8;942;413;529
320705-3;556;305;0;305;136;169
320705-4;915;515;2;513;218;295
320706-1;710;478;0;478;173;305
320706-2;1138;742;6;736;289;447
320706-3;1168;735;3;732;325;407
320706-4;704;456;1;455;184;271
320706-5;576;375;3;372;166;206
320706-6;638;386;1;385;178;207
320706-7;1317;1072;8;1064;379;685
320706-8;1166;902;4;898;299;599
320706-9;650;432;3;429;144;285
320706-10;688;362;2;360;185;175
320706-11;367;205;5;200;96;104
320706-12;675;382;2;380;230;150
320706-13;554;310;0;310;153;157
320706-14;511;276;0;276;122;154
320801-1;2572;2038;11;2027;750;1277
320801-2;2051;1523;9;1514;642;872
320801-3;1801;1343;10;1333;520;813
320801-4;2194;1511;9;1502;564;938
320801-5;2433;1637;16;1621;586;1035
320801-6;1612;1217;9;1208;441;767
320801-7;1576;1255;8;1247;504;743
320801-8;1561;1050;8;1042;472;570
320801-9;1541;1027;9;1018;396;622
320801-10;2282;1550;9;1541;551;990
320801-11;1824;1365;3;1362;416;946
320801-12;1841;1339;8;1331;505;826
320801-13;3174;2192;11;2181;716;1465
320801-14;2461;1659;8;1651;664;987
320801-15;1951;1424;11;1413;499;914
320801-16;1704;1228;6;1222;408;814
320801-17;1222;884;6;878;278;600
320801-18;1517;1169;6;1163;484;679
320801-19;1955;1465;8;1457;529;928
320801-20;1500;1104;5;1099;410;689
320801-21;2061;1640;9;1631;577;1054
320801-22;1673;1400;11;1389;424;965
320801-23;222;113;0;113;63;50
320801-24;19;9;0;9;8;1
320802-1;1823;1266;15;1251;605;646
320802-2;1064;659;7;652;305;347
320802-3;422;231;2;229;121;108
320802-4;859;472;6;466;260;206
320802-5;79;20;0;20;18;2
320802-6;30;27;0;27;13;14
320803-1;685;396;8;388;186;202
320803-2;1152;698;7;691;309;382
320803-3;925;579;4;575;233;342
320803-4;769;393;1;392;208;184
320803-5;459;255;1;254;137;117
320803-6;53;34;0;34;18;16
320804-1;1077;729;8;721;241;480
320804-2;657;479;1;478;153;325
320804-3;1970;1395;15;1380;497;883
320804-4;879;700;4;696;268;428
320804-5;2837;2520;12;2508;902;1606
320804-6;1107;689;3;686;329;357
320804-7;499;354;7;347;169;178
320804-8;3200;2608;16;2592;865;1727
320804-9;612;390;3;387;210;177
320805-1;932;563;1;562;271;291
320805-2;740;430;4;426;175;251
320805-3;565;344;2;342;210;132
320805-4;870;521;3;518;286;232
320806-1;1187;736;8;728;256;472
320806-2;1760;1074;4;1070;529;541
320807-1;7515;6091;30;6061;2362;3699
320807-2;989;786;12;774;276;498
320901-1;1930;1348;10;1338;433;905
320901-2;884;575;7;568;241;327
320901-3;2070;1704;11;1693;674;1019
320901-4;1199;867;8;859;414;445
320901-5;1513;882;5;877;448;429
320901-6;1025;665;4;661;277;384
320902-1;1934;1192;13;1179;510;669
320902-2;2875;2127;19;2108;638;1470
320902-3;506;306;3;303;138;165
320902-4;64;32;0;32;14;18
320903-1;1862;1229;7;1222;614;608
320903-2;1191;766;4;762;404;358
320903-3;1194;573;4;569;314;255
320903-4;388;182;0;182;112;70
320903-5;471;256;1;255;132;123
320903-6;491;302;2;300;175;125
320903-7;601;293;4;289;155;134
320903-8;443;251;5;246;124;122
320903-9;297;158;0;158;107;51
320903-10;117;87;2;85;37;48
320903-11;67;47;0;47;21;26
320904-1;830;570;6;564;221;343
320904-2;1376;953;8;945;298;647
320904-3;862;547;9;538;235;303
320904-4;439;294;3;291;119;172
320904-5;790;608;2;606;208;398
320904-6;229;150;3;147;76;71
320904-7;304;195;0;195;98;97
320904-8;328;245;3;242;91;151
320905-1;2613;2134;17;2117;791;1326
320905-2;2522;2167;8;2159;797;1362
320905-3;2927;2475;11;2464;882;1582
320905-4;1876;1605;7;1598;461;1137
320905-5;3740;3119;13;3106;1173;1933
320905-6;59;31;3;28;23;5
320906-1;1440;936;7;929;371;558
320906-2;864;548;2;546;227;319
320906-3;410;231;1;230;128;102
320906-4;1256;594;3;591;308;283
320906-5;868;461;2;459;229;230
320906-6;545;285;1;284;164;120
320906-7;1256;662;2;660;358;302
320906-8;48;22;1;21;19;2
320906-9;82;39;2;37;25;12
320907-1;1698;1040;7;1033;455;578
320907-2;1340;879;8;871;377;494
320907-3;1923;1225;5;1220;472;748
320907-4;911;582;6;576;259;317
320907-5;654;385;3;382;197;185
320907-6;1357;965;7;958;402;556
320907-7;744;439;5;434;197;237
320907-8;393;177;1;176;85;91
320907-9;598;361;2;359;181;178
320907-10;582;353;3;350;175;175
320907-11;927;673;5;668;203;465
320908-1;1598;1143;7;1136;417;719
320908-2;1217;908;8;900;283;617
320908-3;919;757;19;738;202;536
320908-4;412;255;7;248;106;142
320908-5;497;282;4;278;128;150
320908-6;761;427;4;423;175;248
320908-7;445;230;2;228;124;104
321001-1;1094;644;2;642;309;333
321001-2;955;595;4;591;313;278
321001-3;966;661;5;656;289;367
321001-4;1054;677;11;666;293;373
321001-5;775;520;3;517;210;307
321001-6;773;486;2;484;189;295
321001-7;1059;667;6;661;312;349
321001-8;859;572;1;571;184;387
321001-9;1024;668;3;665;247;418
321001-10;919;619;8;611;244;367
321001-11;794;516;3;513;260;253
321001-12;677;371;1;370;190;180
321001-13;528;312;3;309;154;155
321001-14;922;574;2;572;342;230
321001-15;785;418;2;416;264;152
321001-16;1283;819;4;815;291;524
321001-17;97;22;0;22;10;12
321002-1;1399;785;8;777;292;485
321002-2;501;282;1;281;118;163
321002-3;386;241;2;239;123;116
321003-1;2307;1343;5;1338;547;791
321003-2;1036;629;4;625;283;342
321003-3;2180;1448;10;1438;529;909
321003-4;2021;1388;9;1379;493;886
321003-5;1437;891;7;884;368;516
321003-6;1128;761;4;757;322;435
321003-7;860;527;3;524;259;265
321003-8;902;567;6;561;256;305
321003-9;875;452;4;448;224;224
321003-10;1157;623;2;621;303;318
321003-11;545;306;1;305;155;150
321003-12;392;237;3;234;129;105
321003-13;438;281;2;279;128;151
321003-14;89;21;3;18;13;5
321004-1;1092;742;4;738;282;456
321004-2;1277;867;6;861;347;514
321004-3;1014;636;2;634;291;343
321004-4;1190;771;6;765;302;463
321004-5;849;533;9;524;236;288
321004-6;1198;700;1;699;348;351
321004-7;1020;576;4;572;236;336
321004-8;870;618;3;615;243;372
321004-9;906;474;1;473;282;191
321004-10;1056;556;4;552;325;227
321004-11;1063;638;12;626;355;271
321004-12;801;424;2;422;261;161
321004-13;942;516;2;514;275;239
321004-14;988;559;5;554;301;253
321004-15;920;469;0;469;213;256
321004-16;148;51;0;51;46;5
321005-1;1075;669;5;664;366;298
321005-2;1010;550;3;547;238;309
321005-3;529;315;3;312;160;152
321101-1;2820;2201;13;2188;578;1610
321101-2;2042;1497;12;1485;425;1060
321101-3;2448;2016;10;2006;392;1614
321101-4;1475;1154;9;1145;301;844
321101-5;1939;1550;14;1536;370;1166
321101-6;2128;1741;16;1725;414;1311
321101-7;1245;722;3;719;246;473
321101-8;1510;1255;14;1241;240;1001
321101-9;1669;1243;4;1239;362;877
321102-1;2225;1471;14;1457;528;929
321102-2;1947;1268;15;1253;544;709
321102-3;1061;671;3;668;287;381
321102-4;1611;1272;15;1257;271;986
321102-5;1452;1121;7;1114;271;843
321102-6;1266;1002;6;996;196;800
321103-1;989;655;4;651;221;430
321103-2;353;229;4;225;86;139
321104-1;1231;961;10;951;261;690
321104-2;204;149;2;147;63;84
321104-3;1416;1013;9;1004;319;685
321104-4;1641;1097;8;1089;417;672
321104-5;1099;701;4;697;332;365
321104-6;252;159;1;158;80;78
321104-7;209;136;0;136;69;67
321104-8;1026;577;3;574;278;296
321104-9;1503;913;4;909;434;475
321104-10;1387;798;4;794;404;390
321104-11;1058;657;7;650;253;397
321104-12;546;390;1;389;170;219
321104-13;1477;1068;10;1058;382;676
321104-14;1127;721;2;719;334;385
321104-15;1856;1232;4;1228;551;677
321104-16;1292;914;22;892;336;556
321104-17;1319;799;16;783;342;441
321104-18;1804;1161;13;1148;497;651
321104-19;1366;1013;13;1000;400;600
321104-20;1738;1214;13;1201;562;639
321104-21;1316;968;9;959;432;527
321104-22;1095;736;9;727;349;378
321104-23;1163;824;3;821;379;442
321104-24;1140;768;9;759;380;379
321104-25;1450;979;11;968;427;541
321104-26;205;28;0;28;11;17
321201-1;1374;814;10;804;501;303
321201-2;1003;628;8;620;389;231
321202-1;1300;735;5;730;484;246
321202-2;731;455;4;451;323;128
321203-1;1610;975;7;968;501;467
321203-2;1212;735;8;727;407;320
321203-3;822;359;2;357;244;113
321203-4;943;547;5;542;273;269
321204-1;660;351;6;345;217;128
321204-2;909;528;2;526;296;230
321204-3;1284;741;3;738;400;338
321204-4;1090;561;3;558;349;209
321205-1;1343;923;11;912;491;421
321205-2;949;643;3;640;263;377
321205-3;2197;1387;6;1381;708;673
321205-4;772;501;3;498;252;246
321205-5;1524;1023;5;1018;524;494
321205-6;1573;1013;17;996;481;515
321205-7;1129;744;10;734;346;388
321205-8;1909;1080;14;1066;628;438
321205-9;772;509;5;504;321;183
321205-10;1049;739;3;736;512;224
321205-11;840;499;7;492;340;152
321205-12;584;360;3;357;221;136
321205-13;118;17;1;16;15;1
321206-1;1533;932;2;930;598;332
321206-2;1142;694;2;692;484;208
321301-1;2743;2359;12;2347;944;1403
321301-2;1604;1045;7;1038;388;650
321301-3;1473;937;3;934;415;519
321301-4;1438;974;8;966;318;648
321301-5;1659;1220;16;1204;426;778
321301-6;1514;1054;16;1038;334;704
321301-7;1601;1104;3;1101;406;695
321301-8;1463;955;5;950;364;586
321302-1;1742;1179;12;1167;504;663
321302-2;1824;1068;9;1059;476;583
321302-3;1754;1065;6;1059;505;554
321302-4;1832;1180;3;1177;608;569
321302-5;2206;1408;12;1396;623;773
321302-6;43;25;0;25;12;13
321303-1;1708;1529;14;1515;469;1046
321303-2;519;328;3;325;139;186
321303-3;770;598;4;594;192;402
321303-4;400;245;4;241;134;107
321303-5;473;287;1;286;140;146
321303-6;466;295;2;293;142;151
321303-7;330;219;4;215;118;97
321303-8;3324;3059;12;3047;1122;1925
321303-9;444;320;0;320;126;194
321303-10;515;304;0;304;132;172
321303-11;326;217;4;213;106;107
321303-12;542;341;2;339;175;164
321303-13;317;203;1;202;95;107
321303-14;462;347;2;345;116;229
321303-15;583;343;7;336;182;154
321304-1;1334;792;5;787;411;376
321304-2;1574;983;11;972;526;446
321304-3;1052;532;1;531;307;224
321304-4;983;563;1;562;330;232
321305-1;5353;4458;17;4441;1812;2629
321305-2;1629;1083;8;1075;573;502
321305-3;698;419;3;416;218;198
321305-4;663;389;3;386;232;154
321305-5;889;557;2;555;275;280
321306-1;387;232;1;231;136;95
321306-2;483;274;4;270;134;136
321306-3;1146;646;15;631;375;256
321306-4;1066;587;2;585;318;267
321306-5;1321;736;8;728;406;322
321306-6;984;544;2;542;274;268
321306-7;1249;675;6;669;381;288
321401-1;2094;1509;10;1499;561;938
321401-2;1869;1232;15;1217;436;781
321401-3;1719;1093;3;1090;363;727
321401-4;1717;1168;14;1154;446;708
321401-5;1238;923;3;920;389;531
321401-6;1270;862;3;859;316;543
321401-7;1479;1065;9;1056;445;611
321401-8;1334;935;6;929;408;521
321401-9;1370;935;1;934;445;489
321401-10;1537;1165;12;1153;483;670
321401-11;1566;1130;6;1124;429;695
321401-12;1413;937;10;927;416;511
321401-13;1529;1040;5;1035;456;579
321401-14;1419;955;10;945;432;513
321401-15;1466;969;10;959;389;570
321401-16;1745;1187;10;1177;534;643
321401-17;1742;1171;11;1160;473;687
321401-18;1753;1279;8;1271;478;793
321401-19;1682;1052;7;1045;425;620
321401-20;1105;768;9;759;271;488
321401-21;1273;903;8;895;287;608
321401-22;1235;832;3;829;369;460
321401-23;1281;888;4;884;364;520
321401-24;1177;790;4;786;360;426
321401-25;1141;719;8;711;312;399
321401-26;1103;734;13;721;321;400
321401-27;1205;775;12;763;358;405
321401-28;1158;840;4;836;334;502
321401-29;1412;983;11;972;378;594
321401-30;1649;1207;14;1193;463;730
321401-31;1383;1017;11;1006;356;650
321401-32;1588;1237;6;1231;316;915
321401-33;1306;775;4;771;385;386
321401-34;1803;1119;8;1111;407;704
321401-35;139;38;0;38;18;20
321401-36;43;17;1;16;8;8
321401-37;456;355;7;348;137;211
321402-1;2129;1287;12;1275;738;537
321402-2;1538;972;4;968;440;528
321402-3;895;641;1;640;271;369
321403-1;1856;1114;11;1103;583;520
321403-2;1974;1031;10;1021;658;363
321404-1;1446;906;5;901;399;502
321404-2;990;490;4;486;300;186
321404-3;692;282;4;278;174;104
321404-4;1058;650;6;644;389;255
321404-5;1085;550;3;547;292;255
321404-6;614;323;0;323;191;132
321404-7;55;28;1;27;23;4
321405-1;1708;1105;6;1099;473;626
321405-2;1217;642;4;638;358;280
321406-1;1681;1305;19;1286;453;833
321406-2;1143;820;11;809;368;441
321406-3;1699;1272;8;1264;490;774
321408-1;416;245;1;244;177;67
321408-2;553;324;3;321;197;124
321408-3;914;612;4;608;342;266
321408-4;505;275;1;274;187;87
321409-1;1160;725;4;721;411;310
321409-2;930;572;8;564;349;215
321409-3;820;434;2;432;286;146
321410-1;715;449;0;449;191;258
321410-2;1415;714;9;705;454;251
321410-3;612;326;2;324;205;119
321410-4;932;637;3;634;290;344
321410-5;1306;802;5;797;431;366
321410-6;888;493;2;491;250;241
321410-7;1759;1280;7;1273;408;865
321410-8;1461;995;9;986;526;460
321410-9;503;290;3;287;162;125
321410-10;831;588;3;585;264;321
321411-1;1124;635;3;632;292;340
321411-2;688;413;4;409;243;166
321411-3;640;373;4;369;221;148
321411-4;834;426;2;424;296;128
321501-1;1076;780;6;774;279;495
321501-2;1615;1139;11;1128;422;706
321501-3;1696;1191;12;1179;627;552
321501-4;1305;845;6;839;321;518
321501-5;997;597;4;593;264;329
321501-6;1211;750;8;742;303;439
321501-7;1154;701;6;695;276;419
321501-8;1376;876;6;870;319;551
321501-9;1203;759;3;756;350;406
321501-10;1030;628;3;625;266;359
321501-11;1042;700;5;695;284;411
321501-12;1704;1104;5;1099;478;621
321501-13;1521;874;9;865;385;480
321501-14;1584;911;11;900;412;488
321501-15;1486;1034;12;1022;427;595
321501-16;1546;1029;8;1021;494;527
321501-17;1328;820;5;815;355;460
321501-18;1346;849;6;843;368;475
321501-19;1212;785;9;776;356;420
321501-20;1863;1308;13;1295;514;781
321501-21;1974;1337;6;1331;527;804
321501-22;60;24;0;24;15;9
321501-23;192;120;0;120;33;87
321501-24;41;30;0;30;17;13
321502-1;1521;844;5;839;436;403
321502-2;1317;764;5;759;427;332
321502-3;759;407;3;404;264;140
321502-4;1239;661;6;655;414;241
321502-5;1713;815;5;810;462;348
321503-1;900;572;4;568;237;331
321503-2;961;590;9;581;254;327
321503-3;751;414;2;412;207;205
321503-4;476;265;1;264;127;137
321503-5;1099;600;5;595;368;227
321504-1;1643;1089;6;1083;496;587
321504-2;2347;1590;21;1569;592;977
321504-3;1464;918;6;912;415;497
321504-4;1624;893;1;892;399;493
321504-5;937;550;4;546;290;256
321504-6;132;66;0;66;49;17
321505-1;1912;1047;7;1040;526;514
321505-2;585;284;2;282;174;108
321505-3;502;259;0;259;141;118
321505-4;732;377;3;374;191;183
321506-1;1331;689;8;681;370;311
321506-2;568;278;1;277;150;127
321506-3;1470;834;7;827;494;333
321506-4;457;262;0;262;169;93
321506-5;1372;785;4;781;450;331
321506-6;872;462;7;455;235;220
321506-7;1209;747;2;745;396;349
321601-1;1720;972;5;967;432;535
321601-2;1514;938;13;925;343;582
321601-3;1233;766;4;762;353;409
321601-4;1402;912;4;908;424;484
321601-5;1770;1176;7;1169;405;764
321601-6;1609;1062;6;1056;479;577
321601-7;1360;816;6;810;331;479
321601-8;793;489;0;489;205;284
321602-1;1746;990;6;984;535;449
321602-2;382;199;0;199;100;99
321603-1;944;690;6;684;291;393
321603-2;1731;1038;3;1035;530;505
321603-3;1287;875;8;867;408;459
321603-4;1705;1025;10;1015;515;500
321603-5;1862;1213;9;1204;571;633
321603-6;1536;917;11;906;475;431
321603-7;702;356;1;355;182;173
321603-8;1557;804;7;797;379;418
321603-9;642;356;8;348;203;145
321603-10;53;8;0;8;7;1
321604-1;1218;667;12;655;329;326
321604-2;621;316;4;312;210;102
321604-3;518;263;3;260;179;81
321604-4;445;217;2;215;155;60
321605-1;698;394;5;389;150;239
321605-2;735;476;4;472;199;273
321605-3;925;418;1;417;219;198
321605-4;677;324;2;322;164;158
321605-5;51;26;2;24;13;11
321606-1;518;272;4;268;167;101
321606-2;593;329;2;327;207;120
321606-3;428;217;1;216;138;78
321606-4;461;231;1;230;149;81
321606-5;640;333;4;329;205;124
321606-6;575;284;0;284;160;124
321606-7;925;532;2;530;275;255
321606-8;413;236;2;234;131;103
321701-1;1962;1301;10;1291;446;845
321701-2;1868;1270;7;1263;383;880
321701-3;1992;1296;4;1292;518;774
321701-4;1147;707;7;700;264;436
321701-5;1696;1133;6;1127;418;709
321701-6;1960;1258;10;1248;444;804
321701-7;1871;1245;14;1231;417;814
321701-8;1473;925;8;917;336;581
321701-9;1456;992;4;988;359;629
321701-10;1596;1156;10;1146;385;761
321701-11;1723;1226;4;1222;461;761
321701-12;50;34;0;34;14;20
321701-13;57;37;4;33;25;8
321702-1;1845;1151;8;1143;525;618
321702-2;1333;703;2;701;407;294
321702-3;338;218;1;217;120;97
321702-4;447;267;2;265;146;119
321703-1;1236;747;6;741;265;476
321703-2;1433;910;6;904;372;532
321703-3;419;271;1;270;103;167
321703-4;585;288;2;286;176;110
321703-5;485;244;1;243;110;133
321704-1;870;535;7;528;205;323
321704-2;725;413;1;412;259;153
321704-3;758;404;1;403;270;133
321704-4;374;200;2;198;113;85
321704-5;388;209;2;207;116;91
321704-6;791;483;3;480;218;262
321705-1;1226;662;11;651;351;300
321705-2;1404;799;2;797;353;444
321705-3;653;414;6;408;178;230
321705-4;1416;995;11;984;365;619
321705-5;771;415;2;413;232;181
321705-6;1260;750;7;743;330;413
321705-7;1174;612;5;607;296;311
321705-8;1168;661;6;655;313;342
321705-9;588;375;3;372;144;228
321801-1;1724;1002;10;992;522;470
321801-2;1047;479;4;475;314;161
321801-3;563;274;5;269;156;113
321802-1;1388;962;4;958;345;613
321802-2;1351;885;4;881;371;510
321802-3;1329;861;3;858;345;513
321802-4;656;419;3;416;174;242
321802-5;1536;1009;2;1007;412;595
321802-6;716;436;8;428;187;241
321802-7;657;438;5;433;222;211
321802-8;849;421;6;415;225;190
321802-9;720;362;2;360;201;159
321802-10;494;284;5;279;158;121
321802-11;702;357;2;355;188;167
321803-1;937;582;2;580;220;360
321803-2;521;266;0;266;146;120
321803-3;536;288;4;284;126;158
321803-4;863;417;3;414;264;150
321804-1;1793;1079;7;1072;528;544
321804-2;2026;1220;6;1214;506;708
321804-3;412;234;1;233;127;106
321804-4;522;258;3;255;128;127
321804-5;1083;529;0;529;299;230
321804-6;63;25;3;22;17;5
321804-7;63;8;0;8;5;3
321805-1;2117;1332;11;1321;610;711
321805-2;667;343;1;342;227;115
321805-3;800;400;6;394;254;140
321805-4;1828;999;12;987;516;471
326101-1;1386;1005;7;998;344;654
326101-2;1565;1103;11;1092;413;679
326101-3;1848;1445;16;1429;452;977
326101-4;1574;1213;6;1207;452;755
326101-5;1794;1321;3;1318;478;840
326101-6;1399;1055;5;1050;329;721
326101-7;2133;1544;9;1535;520;1015
326101-8;1350;975;9;966;351;615
326101-9;1877;1556;15;1541;441;1100
326101-10;1973;1401;10;1391;557;834
326101-11;1864;1232;14;1218;517;701
326101-12;1700;1105;6;1099;468;631
326101-13;1504;1013;6;1007;396;611
326101-14;825;585;9;576;164;412
326101-15;1130;695;5;690;232;458
326101-16;1906;1406;17;1389;487;902
326101-17;2039;1347;7;1340;478;862
326101-18;1924;1226;12;1214;465;749
326101-19;1573;1160;13;1147;335;812
326101-20;1913;1494;14;1480;472;1008
326101-21;2167;1584;14;1570;472;1098
326101-22;2238;1826;17;1809;426;1383
326101-23;1787;1235;6;1229;491;738
326101-24;1650;1091;5;1086;395;691
326101-25;1984;1430;1;1429;479;950
326101-26;2361;1678;15;1663;608;1055
326101-27;1184;719;8;711;258;453
326101-28;493;333;2;331;115;216
326101-29;1578;994;7;987;373;614
326101-30;1242;768;6;762;288;474
326101-31;1291;835;8;827;289;538
326101-32;1025;663;6;657;285;372
326101-33;1973;1339;9;1330;395;935
326101-34;1662;1073;11;1062;428;634
326101-35;1398;861;4;857;350;507
326101-36;889;533;2;531;208;323
326101-37;1736;1290;5;1285;350;935
326101-38;1674;994;12;982;396;586
326101-39;898;564;12;552;235;317
326101-40;1307;853;3;850;331;519
326101-41;1684;1150;7;1143;420;723
326101-42;1628;1167;5;1162;444;718
326101-43;2567;2020;15;2005;562;1443
326101-44;1801;1270;7;1263;448;815
326101-45;1746;1153;10;1143;422;721
326101-46;1664;1155;4;1151;448;703
326101-47;1967;1337;11;1326;484;842
326101-48;1801;1221;5;1216;415;801
326101-49;1093;846;11;835;333;502
326101-50;66;23;0;23;14;9
326101-51;433;332;5;327;144;183
326101-52;335;250;3;247;87;160
326101-53;60;38;0;38;22;16
326201-1;1188;864;9;855;358;497
326201-2;2186;1505;5;1500;693;807
326201-3;1365;953;7;946;423;523
326201-4;1725;1275;9;1266;528;738
326201-5;1808;1276;7;1269;469;800
326201-6;1450;1128;10;1118;364;754
326201-7;1145;721;12;709;320;389
326201-8;1306;869;8;861;400;461
326201-9;1454;1056;13;1043;385;658
326201-10;1409;965;8;957;392;565
326201-11;2071;1475;10;1465;567;898
326201-12;1312;854;5;849;346;503
326201-13;2084;1283;5;1278;524;754
326201-14;2104;1369;11;1358;602;756
326201-15;1760;1341;11;1330;486;844
326201-16;1349;1034;8;1026;476;550
326201-17;1339;982;8;974;417;557
326201-18;1545;1116;9;1107;429;678
326201-19;1076;779;7;772;264;508
326201-20;1462;1058;8;1050;476;574
326201-21;1324;974;7;967;405;562
326201-22;1064;768;5;763;311;452
326201-23;1491;1067;4;1063;420;643
326201-24;1407;1058;13;1045;410;635
326201-25;1598;1181;11;1170;432;738
326201-26;637;441;2;439;157;282
326201-27;1755;1302;10;1292;433;859
326201-28;1372;946;10;936;311;625
326201-29;1797;1379;16;1363;518;845
326201-30;1709;1249;16;1233;524;709
326201-31;1722;1298;13;1285;326;959
326201-32;1805;1403;12;1391;588;803
326201-33;1725;1246;11;1235;510;725
326201-34;1383;1008;10;998;359;639
326201-35;1062;789;11;778;309;469
326201-36;1993;1368;10;1358;497;861
326201-37;1490;961;10;951;427;524
326201-38;1764;1160;9;1151;430;721
326201-39;1592;1128;3;1125;410;715
326201-40;1626;1205;8;1197;373;824
326201-41;1786;1138;8;1130;558;572
326201-42;717;442;4;438;240;198
326201-43;1044;704;4;700;318;382
326201-44;1826;1335;14;1321;503;818
326201-45;2009;1394;9;1385;550;835
326201-46;1272;880;8;872;345;527
326201-47;2296;1682;7;1675;638;1037
326201-48;1776;1277;9;1268;503;765
326201-49;1856;1364;15;1349;437;912
326201-50;1016;685;9;676;229;447
326201-51;1433;1036;9;1027;444;583
326201-52;1375;969;2;967;431;536
326201-53;1641;1257;17;1240;328;912
326201-54;1568;1200;12;1188;389;799
326201-55;1507;1088;15;1073;350;723
326201-56;1366;1079;7;1072;249;823
326201-57;1175;932;4;928;282;646
326201-58;1338;1019;16;1003;363;640
326201-59;1132;846;7;839;321;518
326201-60;1056;770;9;761;265;496
326201-61;1621;1261;17;1244;413;831
326201-62;1643;1239;12;1227;369;858
326201-63;1943;1556;15;1541;340;1201
326201-64;1964;1391;7;1384;422;962
326201-65;1949;1370;20;1350;454;896
326201-66;1276;837;19;818;283;535
326201-67;768;468;5;463;166;297
326201-68;1466;860;7;853;331;522
326201-69;1470;924;8;916;313;603
326201-70;950;635;5;630;218;412
326201-71;1353;1023;9;1014;346;668
326201-72;2503;1837;11;1826;611;1215
326201-73;1513;994;7;987;322;665
326201-74;1550;1103;9;1094;361;733
326201-75;1264;770;4;766;253;513
326201-76;1512;942;8;934;373;561
326201-77;1518;1064;11;1053;397;656
326201-78;464;252;5;247;119;128
326201-79;1256;826;6;820;322;498
326201-80;1024;675;4;671;263;408
326201-81;1531;864;2;862;359;503
326201-82;1589;985;4;981;384;597
326201-83;1572;902;13;889;410;479
326201-84;1235;723;6;717;291;426
326201-85;1451;861;8;853;397;456
326201-86;1555;918;7;911;395;516
326201-87;1557;935;6;929;393;536
326201-88;733;523;5;518;183;335
326201-89;1018;723;5;718;217;501
326201-90;1820;1163;4;1159;442;717
326201-91;1961;1231;13;1218;467;751
326201-92;1429;941;9;932;347;585
326201-93;1306;856;7;849;276;573
326201-94;1203;691;7;684;275;409
326201-95;1486;1023;9;1014;373;641
326201-96;947;512;2;510;212;298
326201-97;1231;841;19;822;330;492
326201-98;1487;858;6;852;371;481
326201-99;1187;770;1;769;266;503
326201-100;1444;983;7;976;347;629
326201-101;770;516;5;511;200;311
326201-102;1598;1017;6;1011;391;620
326201-103;740;487;4;483;192;291
326201-104;2172;1577;12;1565;522;1043
326201-105;1279;913;11;902;349;553
326201-106;853;611;6;605;213;392
326201-107;2021;1380;12;1368;551;817
326201-108;1439;874;9;865;319;546
326201-109;1359;877;6;871;285;586
326201-110;1787;1252;14;1238;532;706
326201-111;1510;866;7;859;364;495
326201-112;1095;802;8;794;218;576
326201-113;1289;946;6;940;334;606
326201-114;1472;971;7;964;403;561
326201-115;1626;1173;11;1162;390;772
326201-116;1026;743;5;738;289;449
326201-117;1567;1100;8;1092;452;640
326201-118;1788;1281;16;1265;495;770
326201-119;2043;1394;6;1388;497;891
326201-120;811;585;8;577;198;379
326201-121;1479;1113;12;1101;360;741
326201-122;1257;814;4;810;335;475
326201-123;1319;1018;8;1010;366;644
326201-124;1713;1232;10;1222;490;732
326201-125;1865;1404;11;1393;402;991
326201-126;1648;1202;9;1193;435;758
326201-127;1993;1483;15;1468;465;1003
326201-128;927;689;4;685;265;420
326201-129;1075;796;6;790;269;521
326201-130;1725;1214;10;1204;420;784
326201-131;1746;1338;11;1327;407;920
326201-132;1824;1408;14;1394;381;1013
326201-133;1689;1209;16;1193;321;872
326201-134;1876;1449;10;1439;413;1026
326201-135;1733;1283;7;1276;400;876
326201-136;1964;1538;5;1533;429;1104
326201-137;920;643;2;641;159;482
326201-138;1511;1101;7;1094;410;684
326201-139;1771;1308;8;1300;466;834
326201-140;1734;1208;16;1192;384;808
326201-141;1909;1431;13;1418;409;1009
326201-142;874;566;3;563;227;336
326201-143;1555;1008;10;998;377;621
326201-144;1359;950;2;948;298;650
326201-145;1331;1001;7;994;269;725
326201-146;1288;942;11;931;262;669
326201-147;1460;1094;11;1083;266;817
326201-148;1417;1052;10;1042;294;748
326201-149;1106;780;10;770;240;530
326201-150;1584;1224;8;1216;319;897
326201-151;908;722;5;717;194;523
326201-152;1975;1471;16;1455;583;872
326201-153;2095;1604;13;1591;465;1126
326201-154;1821;1300;8;1292;476;816
326201-155;1750;1227;9;1218;442;776
326201-156;1260;980;5;975;352;623
326201-157;821;513;3;510;235;275
326201-158;1667;1080;8;1072;446;626
326201-159;1931;1231;11;1220;506;714
326201-160;1604;1185;9;1176;487;689
326201-161;2167;1304;12;1292;540;752
326201-162;2580;2055;12;2043;567;1476
326201-163;1230;900;10;890;336;554
326201-164;1587;1125;5;1120;425;695
326201-165;2239;1765;14;1751;463;1288
326201-166;2513;2085;20;2065;436;1629
326201-167;1354;1112;13;1099;261;838
326201-168;1495;1189;13;1176;379;797
326201-169;1338;1073;5;1068;289;779
326201-170;2078;1565;10;1555;532;1023
326201-171;2023;1492;13;1479;555;924
326201-172;1829;1399;11;1388;471;917
326201-173;1230;908;11;897;361;536
326201-174;2193;1585;9;1576;578;998
326201-175;1654;1031;2;1029;388;641
326201-176;1396;895;8;887;366;521
326201-177;1647;1107;5;1102;471;631
326201-178;1881;1222;13;1209;530;679
326201-179;1111;898;10;888;251;637
326201-180;2057;1479;13;1466;562;904
326201-181;1874;1424;13;1411;520;891
326201-182;1719;1203;10;1193;397;796
326201-183;1162;799;8;791;344;447
326201-184;754;435;5;430;168;262
326201-185;722;458;4;454;228;226
326201-186;1946;1418;15;1403;473;930
326201-187;1834;1456;14;1442;396;1046
326201-188;831;476;4;472;224;248
326201-189;2231;1451;12;1439;570;869
326201-190;1134;467;7;460;234;226
326201-191;1165;667;8;659;357;302
326201-192;1123;738;6;732;330;402
326201-193;116;97;0;97;54;43
326201-194;22;22;3;19;16;3
326201-195;157;131;2;129;62;67
326201-196;134;115;5;110;43;67
326201-197;147;109;4;105;50;55
326201-198;58;27;1;26;11;15
326201-199;144;128;2;126;49;77
326201-200;16;16;1;15;8;7
326201-201;212;100;2;98;87;11
326201-202;118;93;0;93;61;32
326201-203;184;87;5;82;59;23
326201-204;549;468;7;461;155;306
326201-205;55;49;2;47;18;29
326201-206;123;56;0;56;40;16
326201-207;41;29;3;26;17;9
326301-1;1740;1479;9;1470;438;1032
326301-2;2445;1862;18;1844;551;1293
326301-3;1222;1222;7;1215;425;790
326301-4;1188;841;4;837;279;558
326301-5;1480;1045;7;1038;336;702
326301-6;1432;1017;9;1008;304;704
326301-7;1532;1083;6;1077;330;747
326301-8;1876;1350;17;1333;419;914
326301-9;898;615;8;607;223;384
326301-10;1164;780;8;772;310;462
326301-11;1523;971;16;955;360;595
326301-12;1802;1274;8;1266;397;869
326301-13;1415;928;8;920;339;581
326301-14;1286;850;8;842;285;557
326301-15;857;565;6;559;172;387
326301-16;1605;1175;10;1165;397;768
326301-17;1587;1020;12;1008;417;591
326301-18;1332;884;9;875;333;542
326301-19;1274;897;3;894;333;561
326301-20;1525;1123;13;1110;318;792
326301-21;1031;745;5;740;211;529
326301-22;1476;895;9;886;352;534
326301-23;1014;587;5;582;225;357
326301-24;611;361;7;354;154;200
326301-25;1051;767;3;764;312;452
326301-26;82;23;0;23;9;14
326301-27;32;0;0;0;0;0
149901-53;139;;;;;
149901-54;139;;;;;
149901-80;138;;;;;
149901-76;138;;;;;
